1005000 698.263
1012500 591.027
1020000 662.316
1027500 759.774
1035000 728.623
1042500 766.422
1050000 633.816
1057500 657.54
1065000 773.105
1072500 585.089
1080000 583.681
1087500 458.12
1095000 539.178
1102500 583.161
1110000 480.085
1117500 588.353
1125000 557.54
1132500 544.726
1140000 675.366
1147500 566.702
1155000 638.978
1162500 704.201
1170000 652.393
1177500 751.567
1185000 692.63
1192500 608.802
1200000 604.967
1207500 703.53
1215000 526.043
1222500 652.033
1230000 660.135
1237500 563.216
1245000 596.971
1252500 629.267
1260000 617.863
1267500 683.16
1275000 426.927
1282500 454.842
1290000 560.678
1297500 628.989
1305000 582.097
1312500 521.932
1320000 635.084
1327500 571.217
1335000 454.105
1342500 673.867
1350000 643.589
1357500 680.495
1365000 792.569
1372500 848.054
1380000 638.468
1387500 578.516
1395000 662.774
1402500 650.673
1410000 582.903
1417500 638.381
1425000 554.528
1432500 542.041
1440000 611.142
1447500 764.084
1455000 810.654
1462500 718.088
1470000 594.811
1477500 665.794
1485000 753.936
1492500 728.725
1500000 753.333
1507500 702.047
1515000 656.581
1522500 695.647
1530000 745.299
1537500 687.85
1545000 729.51
1552500 801.156
1560000 832.196
1567500 730.401
1575000 681.862
1582500 560.059
1590000 643.125
1597500 592.189
1605000 620.308
1612500 588.8
1620000 702.143
1627500 582.7
1635000 569.155
1642500 520.69
1650000 543.495
1657500 508.417
1665000 529.05
1672500 420.724
1680000 677.633
1687500 551.377
1695000 514.894
1702500 458.789
1710000 639.987
1717500 556.485
1725000 481.493
1732500 663.022
1740000 584.184
1747500 415.7
1755000 497.608
1762500 520.457
1770000 436.48
1777500 485.534
1785000 533.46
1792500 523.806
1800000 459.469
1807500 577.37
1815000 551.743
1822500 612.682
1830000 485.442
1837500 428.276
1845000 633.529
1852500 498.403
1860000 650.637
1867500 576.124
1875000 467.845
1882500 442.499
1890000 453.772
1897500 481.31
1905000 509.504
1912500 403.596
1920000 379.75
1927500 297.149
1935000 405.518
1942500 500.172
1950000 495.574
1957500 513.623
1965000 590.552
1972500 460.547
1980000 440.496
1987500 514.435
1995000 600.429
2002500 466.017
2010000 410.114
2017500 530.419
2025000 452.902
2032500 422.778
2040000 513.442
2047500 377.053
2055000 515.242
2062500 411.057
2070000 352.011
2077500 410.541
2085000 519.469
2092500 464.482
2100000 440.505
2107500 490.833
2115000 348.697
2122500 406.872
2130000 451.354
2137500 373.579
2145000 370.334
2152500 604.661
2160000 402.79
2167500 441.503
2175000 334.244
2182500 357.599
2190000 199.214
2197500 250.78
2205000 147.151
2212500 274.076
2220000 369.634
2227500 557.05
2235000 387.403
2242500 315.389
2250000 440.382
2257500 311.694
2265000 377.223
2272500 373.535
2280000 289.144
2287500 385.157
2295000 496.913
2302500 536.74
2310000 400.886
2317500 310.898
2325000 319.862
2332500 433.432
2340000 318.401
2347500 300.608
2355000 305.51
2362500 354.309
2370000 488.799
2377500 299.725
2385000 470.537
2392500 562.082
2400000 489.635
2407500 409.076
2415000 557.285
2422500 423.23
2430000 407.953
2437500 330.739
2445000 237.684
2452500 229.849
2460000 342.218
2467500 399.153
2475000 382.803
2482500 478.31
2490000 464.657
2497500 421.17
2505000 445.611
2512500 338.528
2520000 386.401
2527500 379.712
2535000 448.094
2542500 404.478
2550000 359.156
2557500 344.574
2565000 300.901
2572500 255.144
2580000 421.231
2587500 289.093
2595000 416.659
2602500 523.383
2610000 516.461
2617500 543.424
2625000 506.976
2632500 351.795
2640000 355.907
2647500 424.678
2655000 386.021
2662500 279.363
2670000 252.784
2677500 279.994
2685000 307.777
2692500 325.205
2700000 291.932
2707500 270.659
2715000 408.557
2722500 309.814
2730000 367.31
2737500 381.24
2745000 417.778
2752500 467.181
2760000 326.699
2767500 373.119
2775000 356.75
2782500 318.352
2790000 365.487
2797500 360.402
2805000 460.408
2812500 455.664
2820000 254.795
2827500 304.483
2835000 359.418
2842500 396.836
2850000 352.579
2857500 352.243
2865000 271.16
2872500 225.285
2880000 334.287
2887500 259.822
2895000 301.737
2902500 218.331
2910000 270.804
2917500 121.326
2925000 328.192
2932500 316.981
2940000 397.323
2947500 315.346
2955000 390.963
2962500 369.981
2970000 447.104
2977500 478.012
2985000 267.586
2992500 353.946
3000000 317.127
3007500 466.966
3015000 367.186
3022500 411.406
3030000 404.976
3037500 504.527
3045000 255.955
3052500 181.856
3060000 367.294
3067500 278.436
3075000 385.44
3082500 316.387
3090000 338.822
3097500 329.264
3105000 305.165
3112500 351.606
3120000 321.487
3127500 260.113
3135000 324.513
3142500 274.777
3150000 383.439
3157500 324.889
3165000 409.586
3172500 375.416
3180000 400.594
3187500 510.359
3195000 427.784
3202500 530.233
3210000 464.429
3217500 493.998
3225000 449.675
3232500 412.657
3240000 437.49
3247500 222.635
3255000 317.195
3262500 266.958
3270000 411.965
3277500 388.704
3285000 310.084
3292500 421.655
3300000 181.488
3307500 280.579
3315000 263.426
3322500 261.737
3330000 232.99
3337500 356.22
3345000 263.068
3352500 456.213
3360000 313.707
3367500 394.128
3375000 131.653
3382500 113.22
3390000 155.985
3397500 390.435
3405000 509.316
3412500 333.278
3420000 398.878
3427500 241.268
3435000 277.383
3442500 147.325
3450000 334.552
3457500 220.052
3465000 223.97
3472500 397.276
3480000 272.284
3487500 488.931
3495000 337.73
3502500 237.201
3510000 286.405
3517500 257.165
3525000 323.683
3532500 417.335
3540000 472.147
3547500 410.888
3555000 267.194
3562500 292.655
3570000 371.924
3577500 292.387
3585000 403.595
3592500 388.009
3600000 196.756
3607500 283.605
3615000 317.635
3622500 346.632
3630000 175.335
3637500 359.722
3645000 86.1497
3652500 350.498
3660000 201.934
3667500 330.501
3675000 256.312
3682500 448.613
3690000 454.413
3697500 339.303
3705000 277.834
3712500 106.094
3720000 166.609
3727500 274.327
3735000 227.812
3742500 130.855
3750000 265.456
3757500 215.187
3765000 170.488
3772500 304.769
3780000 270.721
3787500 223.827
3795000 504.024
3802500 382.673
3810000 115.712
3817500 74.6878
3825000 174.189
3832500 14.4921
3840000 329.102
3847500 298.754
3855000 146.966
3862500 260.303
3870000 219.125
3877500 234.154
3885000 201.636
3892500 159.781
3900000 218.897
3907500 123.106
3915000 252.658
3922500 180.529
3930000 240.52
3937500 195.428
3945000 197.835
3952500 47.9024
3960000 174.809
3967500 182.866
3975000 78.1086
3982500 135.833
3990000 234.117
3997500 337.243
4005000 296.814
4012500 361.485
4020000 222.34
4027500 139.326
4035000 191.656
4042500 215.191
4050000 16.9354
4057500 157.19
4065000 199.202
4072500 211.834
4080000 156.989
4087500 212.617
4095000 175.188
4102500 244.851
4110000 239.491
4117500 363.493
4125000 187.101
4132500 280.382
4140000 274.448
4147500 227.675
4155000 275.182
4162500 233.074
4170000 424.65
4177500 276.635
4185000 274.554
4192500 179.042
4200000 241.291
4207500 122.199
4215000 240.247
4222500 316.54
4230000 204.821
4237500 204.897
4245000 394.343
4252500 350.305
4260000 213.096
4267500 355.596
4275000 450.649
4282500 295.029
4290000 225.516
4297500 242.236
4305000 309.161
4312500 365.742
4320000 325.916
4327500 199.106
4335000 183.395
4342500 180.514
4350000 199.75
4357500 196.22
4365000 438.974
4372500 485.494
4380000 253.826
4387500 300.851
4395000 96.8013
4402500 210.654
4410000 190.169
4417500 330.807
4425000 256.608
4432500 111.229
4440000 400.493
4447500 183.507
4455000 160.193
4462500 208.839
4470000 261.36
4477500 102.947
4485000 131.892
4492500 64.6872
4500000 5.51612
4507500 375.295
4515000 273.584
4522500 407.285
4530000 302.194
4537500 33.0569
4545000 33.6305
4552500 135.035
4560000 62.1835
4567500 155.925
4575000 229.468
4582500 134.48
4590000 220.666
4597500 276.111
4605000 358.691
4612500 269.441
4620000 95.2816
4627500 186.385
4635000 306.732
4642500 140.017
4650000 285.166
4657500 342.2
4665000 214.371
4672500 173.901
4680000 235.996
4687500 167.781
4695000 133.964
4702500 123.562
4710000 64.7894
4717500 245.205
4725000 230.571
4732500 257.184
4740000 263.241
4747500 213.006
4755000 253.975
4762500 202.619
4770000 93.1449
4777500 174.093
4785000 280.082
4792500 222.479
4800000 211.37
4807500 276.589
4815000 137.637
4822500 14.6519
4830000 76.7057
4837500 100.195
4845000 -153.988
4852500 26.5718
4860000 -11.9204
4867500 -142.437
4875000 -107.885
4882500 -92.0021
4890000 40.2188
4897500 73.3
4905000 118.504
4912500 152.306
4920000 -78.1219
4927500 -21.346
4935000 -97.047
4942500 83.9175
4950000 -101.604
4957500 27.1159
4965000 14.5443
4972500 116.255
4980000 -10.5569
4987500 -24.1387
4995000 -53.5653
5002500 59.3732
5010000 28.9933
5017500 43.681
5025000 -38.5018
5032500 -77.0012
5040000 113.57
5047500 -46.2932
5055000 102.077
5062500 -93.4809
5070000 157.799
5077500 145.34
5085000 -34.6296
5092500 90.4966
5100000 10.035
5107500 10.2306
5115000 -66.5416
5122500 -60.1887
5130000 -99.9307
5137500 166.023
5145000 146.616
5152500 141.389
5160000 -57.7882
5167500 -51.1181
5175000 85.3195
5182500 99.864
5190000 -105.665
5197500 -171.213
5205000 41.8853
5212500 -21.2112
5220000 164.43
5227500 -27.3533
5235000 162.636
5242500 111.985
5250000 119.59
5257500 187.379
5265000 -84.9088
5272500 -10.9626
5280000 -38.7797
5287500 26.9182
5295000 -24.6648
5302500 -149.111
5310000 -39.1982
5317500 -69.83
5325000 150.848
5332500 76.5448
5340000 -10.4128
5347500 -117.039
5355000 -118.659
5362500 32.5629
5370000 -112.663
5377500 43.8776
5385000 13.4664
5392500 180.373
5400000 143.149
5407500 93.5577
5415000 -23.2384
5422500 -48.4308
5430000 -219.167
5437500 -102.409
5445000 169.066
5452500 12.7789
5460000 -68.2754
5467500 -17.9564
5475000 138.044
5482500 -72.6673
5490000 53.4868
5497500 98.7001
5505000 -10.3501
5512500 -91.1529
5520000 274.456
5527500 -14.2881
5535000 190.627
5542500 22.5862
5550000 86.1205
5557500 119.592
5565000 -37.4093
5572500 124.51
5580000 190.102
5587500 22.4405
5595000 122.702
5602500 -41.8211
5610000 -1.18155
5617500 117.066
5625000 1.88228
5632500 22.0863
5640000 60.85
5647500 -48.3148
5655000 -13.6577
5662500 44.7332
5670000 5.31721
5677500 -14.8325
5685000 -184.763
5692500 -1.90745
5700000 54.0563
5707500 53.206
5715000 15.7765
5722500 -25.0903
5730000 -176.428
5737500 23.3403
5745000 173.195
5752500 67.6145
5760000 -106.766
5767500 -35.936
5775000 159.323
5782500 28.8969
5790000 135.263
5797500 -10.0533
5805000 17.4969
5812500 132.68
5820000 -44.1813
5827500 22.3447
5835000 -4.42102
5842500 100.606
5850000 -51.2735
5857500 30.6975
5865000 183.081
5872500 90.4186
5880000 -25.4977
5887500 75.0076
5895000 130.399
5902500 65.8517
5910000 50.4177
5917500 -216.628
5925000 -92.1753
5932500 -43.311
5940000 35.5246
5947500 -24.8022
5955000 5.54286
5962500 19.2961
5970000 35.5339
5977500 136.522
5985000 81.4714
5992500 -29.0156
6000000 -5.5221
6007500 -9.84691
6015000 121.465
6022500 73.8771
6030000 76.118
6037500 118.861
6045000 77.4465
6052500 93.2549
6060000 51.6315
6067500 -160.767
6075000 -106.533
6082500 109.144
6090000 -183.776
6097500 116.476
6105000 169.995
6112500 121.65
6120000 144.703
6127500 -168.305
6135000 -315.309
6142500 -112.295
6150000 107.869
6157500 26.8049
6165000 27.0748
6172500 -152.93
6180000 34.7013
6187500 -299.771
6195000 -91.0628
6202500 15.6429
6210000 124.709
6217500 -3.21163
6225000 -148.339
6232500 -177.463
6240000 -10.7456
6247500 121.676
6255000 183.998
6262500 -123.254
6270000 23.3081
6277500 28.7112
6285000 -61.0524
6292500 174.339
6300000 133.902
6307500 -61.227
6315000 77.6429
6322500 144.068
6330000 -166.137
6337500 50.6958
6345000 11.5371
6352500 -264.396
6360000 -155.578
6367500 -68.6363
6375000 -250.076
6382500 81.8728
6390000 270.759
6397500 163.843
6405000 61.7434
6412500 -230.364
6420000 -77.1986
6427500 -154.264
6435000 90.1687
6442500 146.676
6450000 -26.6927
6457500 -74.4706
6465000 -104.652
6472500 -123.707
6480000 72.8485
6487500 -69.9328
6495000 -144.014
6502500 71.0361
6510000 18.7699
6517500 34.3511
6525000 29.5351
6532500 72.5973
6540000 67.1595
6547500 48.7726
6555000 -140.594
6562500 -24.4286
6570000 14.0112
6577500 -69.91
6585000 107.88
6592500 22.8977
6600000 211.239
6607500 112.64
6615000 106.078
6622500 55.5424
6630000 109.28
6637500 -153.232
6645000 -116.654
6652500 243.17
6660000 212.618
6667500 89.3584
6675000 162.834
6682500 145.788
6690000 211.336
6697500 366.146
6705000 162.856
6712500 206.27
6720000 117.58
6727500 148.155
6735000 -5.38318
6742500 -86.6534
6750000 -65.6525
6757500 -68.8636
6765000 41.3221
6772500 187.066
6780000 221.897
6787500 -165.266
6795000 -78.9529
6802500 14.5008
6810000 56.8714
6817500 273.439
6825000 -21.3128
6832500 -111.307
6840000 138.527
6847500 192.431
6855000 -14.9086
6862500 149.409
6870000 -62.1078
6877500 32.3673
6885000 73.2585
6892500 59.7108
6900000 -215.085
6907500 -23.016
6915000 -70.9689
6922500 -4.78728
6930000 249.765
6937500 -64.1826
6945000 30.6588
6952500 -77.4413
6960000 -98.0154
6967500 121.462
6975000 96.1562
6982500 223.164
6990000 108.063
6997500 126.881
7005000 209.853
7012500 88.9833
7020000 113.561
7027500 28.8749
7035000 0.714763
7042500 -16.1874
7050000 -115.02
7057500 19.1508
7065000 85.2556
7072500 20.2662
7080000 98.8263
7087500 -17.4053
7095000 -149.438
7102500 78.2687
7110000 -30.2102
7117500 -14.595
7125000 -80.0074
7132500 -70.3407
7140000 15.7846
7147500 -24.2762
7155000 151.638
7162500 84.0641
7170000 57.6973
7177500 104.999
7185000 -34.9922
7192500 -157.508
7200000 -122.492
7207500 -63.707
7215000 -93.5824
7222500 -27.9751
7230000 -54.0087
7237500 100.991
7245000 65.7081
7252500 21.2985
7260000 24.9183
7267500 264.647
7275000 66.7132
7282500 114.846
7290000 79.1543
7297500 75.8346
7305000 74.028
7312500 86.8459
7320000 31.2989
7327500 82.3206
7335000 -77.5599
7342500 -3.70044
7350000 -77.813
7357500 -74.8816
7365000 -185.965
7372500 -15.4896
7380000 -102.319
7387500 148.114
7395000 37.0531
7402500 -132.304
7410000 47.8499
7417500 179.732
7425000 69.0753
7432500 51.7689
7440000 -29.7461
7447500 180.398
7455000 -16.2562
7462500 30.1828
7470000 -139.44
7477500 -27.0058
7485000 -32.3399
7492500 -214.619
7500000 -28.2247
7507500 -124.821
7515000 -56.6807
7522500 -22.4679
7530000 31.3487
7537500 127.396
7545000 194.744
7552500 66.2913
7560000 94.3368
7567500 190.157
7575000 -39.5616
7582500 -84.861
7590000 67.4465
7597500 155.323
7605000 26.1292
7612500 182.7
7620000 219.139
7627500 169.182
7635000 62.3334
7642500 -43.1508
7650000 23.4949
7657500 75.1173
7665000 102.379
7672500 3.16517
7680000 148.166
7687500 111.757
7695000 112.204
7702500 95.6335
7710000 212.089
7717500 86.0236
7725000 37.0024
7732500 26.4307
7740000 -86.564
7747500 -48.4782
7755000 69.1475
7762500 230.16
7770000 192.137
7777500 62.2056
7785000 4.42485
7792500 38.5592
7800000 -68.377
7807500 116.62
7815000 151.653
7822500 124.012
7830000 -52.107
7837500 27.9064
7845000 82.2996
7852500 201.746
7860000 125.74
7867500 -76.9639
7875000 214.383
7882500 -74.4609
7890000 108.733
7897500 88.6708
7905000 26.2086
7912500 114.732
7920000 -127.975
7927500 -28.8986
7935000 -210.831
7942500 -154.976
7950000 184.104
7957500 -214.901
7965000 -99.2221
7972500 45.3607
7980000 -70.1072
7987500 -85.3322
7995000 107.091
8002500 181.287
8010000 104.715
8017500 -1.19317
8025000 157.55
8032500 111.261
8040000 248.375
8047500 158.408
8055000 198.961
8062500 78.8873
8070000 4.34608
8077500 224.926
8085000 -137.402
8092500 32.4648
8100000 297.76
8107500 91.8278
8115000 -48.5054
8122500 235.729
8130000 157.823
8137500 44.9404
8145000 -216.926
8152500 12.0483
8160000 -58.0697
8167500 -109.312
8175000 -24.2401
8182500 -30.3397
8190000 83.1192
8197500 3.30715
8205000 -134.247
8212500 118.106
8220000 149.512
8227500 227.723
8235000 161.209
8242500 138.821
8250000 120.589
8257500 47.3679
8265000 88.0322
8272500 19.2299
8280000 22.5211
8287500 -11.6553
8295000 -40.4571
8302500 19.7244
8310000 -186.8
8317500 41.8227
8325000 68.7993
8332500 -176.39
8340000 -99.1092
8347500 131.308
8355000 -91.6859
8362500 -29.062
8370000 -4.457
8377500 135.143
8385000 16.405
8392500 -18.177
8400000 87.0604
8407500 81.9059
8415000 292.902
8422500 213.117
8430000 264.32
8437500 18.9628
8445000 154.539
8452500 28.4387
8460000 39.1494
8467500 136.078
8475000 -32.8862
8482500 8.23854
8490000 10.7385
8497500 107.89
8505000 163.641
