1005000 698.264
1012500 511.24
1020000 515.082
1027500 543.231
1035000 540.707
1042500 462.559
1050000 517.282
1057500 544.745
1065000 514.602
1072500 344.113
1080000 423.122
1087500 457.525
1095000 379.731
1102500 427.737
1110000 325.719
1117500 419.469
1125000 395.099
1132500 548.33
1140000 407.106
1147500 415.353
1155000 486.349
1162500 347.114
1170000 561.581
1177500 473.119
1185000 557.892
1192500 535.98
1200000 522.453
1207500 640.776
1215000 569.967
1222500 566.646
1230000 548.36
1237500 638.761
1245000 541.903
1252500 578.205
1260000 467.565
1267500 520.647
1275000 516.416
1282500 613.218
1290000 381.72
1297500 513.563
1305000 511.077
1312500 503.594
1320000 411.288
1327500 458.953
1335000 516.433
1342500 531.938
1350000 447.345
1357500 490.244
1365000 570.88
1372500 593.751
1380000 613.412
1387500 608.405
1395000 599.801
1402500 528.373
1410000 488.423
1417500 596.941
1425000 607.117
1432500 461.93
1440000 504.195
1447500 484.168
1455000 544.831
1462500 466.208
1470000 572.757
1477500 407.736
1485000 557.84
1492500 302.699
1500000 464.442
1507500 462.567
1515000 442.344
1522500 508.055
1530000 591.542
1537500 609.227
1545000 494.874
1552500 499.272
1560000 453.979
1567500 519.863
1575000 443.059
1582500 616.484
1590000 402.793
1597500 599.12
1605000 580.725
1612500 619.293
1620000 449.275
1627500 562.104
1635000 375.873
1642500 543.154
1650000 424.966
1657500 451.562
1665000 445.965
1672500 367.457
1680000 477.722
1687500 445.143
1695000 491.73
1702500 569.214
1710000 526.862
1717500 638.284
1725000 612.166
1732500 649.683
1740000 454.682
1747500 594.3
1755000 578.551
1762500 603.079
1770000 627.476
1777500 639.045
1785000 636.643
1792500 570.263
1800000 613.963
1807500 614.019
1815000 617.097
1822500 504.713
1830000 542.92
1837500 599.186
1845000 515.081
1852500 676.424
1860000 610.466
1867500 556.314
1875000 635.333
1882500 610.902
1890000 714.291
1897500 632.769
1905000 525.965
1912500 750.682
1920000 624.024
1927500 737.096
1935000 725.471
1942500 702.558
1950000 732.839
1957500 640.964
1965000 570.142
1972500 553.036
1980000 666.204
1987500 604.507
1995000 638.231
2002500 692.513
2010000 732.637
2017500 706.253
2025000 699.227
2032500 737.77
2040000 769.76
2047500 622.415
2055000 732.256
2062500 583.283
2070000 772.846
2077500 776.025
2085000 753.856
2092500 668.632
2100000 613.166
2107500 789.972
2115000 812.62
2122500 708.836
2130000 752.968
2137500 767.309
2145000 756.334
2152500 797.112
2160000 909.604
2167500 760.481
2175000 807.114
2182500 787.474
2190000 766.829
2197500 592.319
2205000 614.837
2212500 744.338
2220000 684.775
2227500 694.681
2235000 737.423
2242500 796.331
2250000 720.776
2257500 699.579
2265000 721.651
2272500 859.825
2280000 642.96
2287500 778.46
2295000 737.455
2302500 836.911
2310000 731.522
2317500 885.738
2325000 758.184
2332500 715.557
2340000 787.78
2347500 804.641
2355000 847.207
2362500 841.598
2370000 755.022
2377500 812.986
2385000 804.555
2392500 789.805
2400000 816.655
2407500 716.444
2415000 805.974
2422500 688.727
2430000 698.338
2437500 821.971
2445000 807.469
2452500 849.128
2460000 808.003
2467500 781.373
2475000 784.647
2482500 775.407
2490000 837.117
2497500 796.91
2505000 775.603
2512500 788.038
2520000 849.077
2527500 792.118
2535000 856.68
2542500 875.263
2550000 846.401
2557500 734.516
2565000 874.068
2572500 841.411
2580000 930.754
2587500 929.593
2595000 836.595
2602500 905.006
2610000 871.75
2617500 905.51
2625000 686.295
2632500 759.202
2640000 837.109
2647500 874.692
2655000 825.841
2662500 898.267
2670000 802.35
2677500 884.901
2685000 916.786
2692500 748.943
2700000 820.935
2707500 873.831
2715000 948.269
2722500 893.753
2730000 880.264
2737500 807.58
2745000 939.826
2752500 752.797
2760000 677.134
2767500 953.201
2775000 849.756
2782500 888.105
2790000 912.499
2797500 889.368
2805000 883.719
2812500 953.934
2820000 908.129
2827500 939.937
2835000 961.533
2842500 978.603
2850000 896.573
2857500 965.889
2865000 1009.25
2872500 987.459
2880000 909.524
2887500 1017.87
2895000 975.274
2902500 1031.27
2910000 903.852
2917500 838.601
2925000 943.902
2932500 1039.46
2940000 961.02
2947500 983.657
2955000 1035.36
2962500 955.94
2970000 928.423
2977500 1040.04
2985000 1032.82
2992500 1107.42
3000000 985.364
3007500 954.919
3015000 877.644
3022500 941.755
3030000 960.245
3037500 977.573
3045000 1006.87
3052500 1038.2
3060000 991.969
3067500 1129.86
3075000 882.485
3082500 1074.7
3090000 1037.38
3097500 1031.79
3105000 966.083
3112500 1126.75
3120000 1042.16
3127500 1053.75
3135000 818.3
3142500 1058.13
3150000 1072.16
3157500 1089.04
3165000 1071.95
3172500 935.126
3180000 944.75
3187500 810.377
3195000 947.237
3202500 770.891
3210000 982.614
3217500 939.934
3225000 869.622
3232500 1059.8
3240000 1044.53
3247500 1011.61
3255000 961.505
3262500 954.22
3270000 1061.84
3277500 1043.89
3285000 1039.61
3292500 934.783
3300000 927.704
3307500 994.586
3315000 1164.84
3322500 879.82
3330000 764.736
3337500 841.591
3345000 847.371
3352500 850.868
3360000 693.73
3367500 853.836
3375000 547.089
3382500 765.625
3390000 551.279
3397500 427.158
3405000 424.419
3412500 327.743
3420000 292.075
3427500 283.779
3435000 176.396
3442500 56.5818
3450000 -14.7914
3457500 216.89
3465000 172.0
3472500 40.0888
3480000 129.616
3487500 244.641
3495000 212.69
3502500 235.474
3510000 77.8508
3517500 119.94
3525000 -204.921
3532500 -124.491
3540000 -236.428
3547500 -106.711
3555000 -84.5443
3562500 -243.169
3570000 71.0369
3577500 -123.014
3585000 -21.3794
3592500 -57.3907
3600000 -125.161
3607500 -28.9724
3615000 -105.353
3622500 69.3691
3630000 51.0505
3637500 89.254
3645000 -0.187759
3652500 193.857
3660000 122.814
3667500 68.06
3675000 45.3971
3682500 119.834
3690000 117.126
3697500 55.4254
3705000 109.838
3712500 63.2414
3720000 73.5497
3727500 81.7377
3735000 317.594
3742500 97.3016
3750000 177.735
3757500 158.106
3765000 -75.7648
3772500 10.4957
3780000 -31.1006
3787500 -43.7046
3795000 67.7114
3802500 -47.5362
3810000 94.3256
3817500 14.0692
3825000 -27.4798
3832500 61.0612
3840000 10.3819
3847500 -89.655
3855000 -67.3291
3862500 -39.6032
3870000 75.4732
3877500 99.5165
3885000 6.4904
3892500 173.047
3900000 190.628
3907500 239.393
3915000 138.765
3922500 165.942
3930000 17.8324
3937500 194.237
3945000 182.785
3952500 300.186
3960000 199.162
3967500 155.779
3975000 -0.519632
3982500 -28.6757
3990000 -7.18036
3997500 76.0077
4005000 181.691
4012500 131.145
4020000 87.1308
4027500 175.748
4035000 185.472
4042500 216.021
4050000 88.1701
4057500 163.384
4065000 -13.7891
4072500 4.04453
4080000 124.613
4087500 109.81
4095000 91.3926
4102500 -193.932
4110000 -168.926
4117500 70.8171
4125000 30.6919
4132500 71.2413
4140000 -19.2269
4147500 -80.8322
4155000 114.993
4162500 73.004
4170000 97.2571
4177500 78.5662
4185000 60.9021
4192500 -119.246
4200000 -14.3419
4207500 101.393
4215000 12.7599
4222500 -35.1613
4230000 26.0669
4237500 36.3545
4245000 -94.2708
4252500 -10.7823
4260000 3.14661
4267500 -130.948
4275000 -6.0658
4282500 -31.4743
4290000 -177.509
4297500 -140.054
4305000 103.47
4312500 -175.17
4320000 -135.36
4327500 194.911
4335000 34.3786
4342500 199.172
4350000 267.633
4357500 106.172
4365000 39.5552
4372500 90.3255
4380000 -83.6039
4387500 42.0273
4395000 -101.129
4402500 175.198
4410000 281.328
4417500 195.403
4425000 148.609
4432500 223.068
4440000 205.147
4447500 100.667
4455000 115.994
4462500 159.688
4470000 113.348
4477500 -98.9827
4485000 80.9398
4492500 163.036
4500000 -39.2539
4507500 -135.406
4515000 42.7376
4522500 -72.4945
4530000 202.466
4537500 29.0946
4545000 209.356
4552500 255.713
4560000 121.207
4567500 68.5152
4575000 5.96704
4582500 94.6342
4590000 183.74
4597500 16.2546
4605000 -5.65435
4612500 5.84428
4620000 5.8299
4627500 44.4383
4635000 192.053
4642500 184.626
4650000 178.417
4657500 269.903
4665000 307.703
4672500 411.69
4680000 178.96
4687500 188.84
4695000 222.577
4702500 296.44
4710000 85.0263
4717500 -53.4647
4725000 -2.94918
4732500 194.244
4740000 35.4824
4747500 145.536
4755000 -0.417555
4762500 89.9113
4770000 147.214
4777500 191.929
4785000 173.537
4792500 149.11
4800000 -168.731
4807500 112.795
4815000 15.973
4822500 -10.7413
4830000 8.74404
4837500 -104.306
4845000 4.14438
4852500 81.6894
4860000 -130.604
4867500 177.821
4875000 42.5096
4882500 -103.414
4890000 194.944
4897500 261.831
4905000 90.1491
4912500 -137.851
4920000 -26.5321
4927500 46.6045
4935000 84.5179
4942500 227.507
4950000 63.044
4957500 156.661
4965000 99.7346
4972500 109.65
4980000 163.243
4987500 -15.4532
4995000 85.4982
5002500 -57.4978
5010000 -132.168
5017500 -68.7527
5025000 -87.6421
5032500 175.963
5040000 57.8881
5047500 -73.9634
5055000 134.109
5062500 307.702
5070000 242.154
5077500 116.904
5085000 247.274
5092500 171.676
5100000 9.38477
5107500 183.807
5115000 123.455
5122500 226.984
5130000 26.6613
5137500 113.024
5145000 91.5765
5152500 83.2115
5160000 163.941
5167500 -21.8873
5175000 110.671
5182500 -221.934
5190000 -17.7275
5197500 98.587
5205000 212.634
5212500 32.8144
5220000 99.248
5227500 -43.0599
5235000 159.475
5242500 -27.6364
5250000 -50.017
5257500 -278.409
5265000 -185.61
5272500 -114.537
5280000 -111.041
5287500 48.754
5295000 25.3807
5302500 45.5418
5310000 -103.287
5317500 27.962
5325000 -60.8135
5332500 -21.1645
5340000 -111.632
5347500 144.406
5355000 -128.941
5362500 -175.698
5370000 81.2224
5377500 174.637
5385000 182.62
5392500 73.7413
5400000 -54.3781
5407500 46.8134
5415000 211.84
5422500 31.7966
5430000 140.125
5437500 33.1235
5445000 -51.8913
5452500 266.011
5460000 20.5416
5467500 199.558
5475000 6.01243
5482500 144.619
5490000 -29.177
5497500 93.6956
5505000 62.4085
5512500 33.8364
5520000 -15.4077
5527500 -174.731
5535000 -53.3395
5542500 -40.463
5550000 194.914
5557500 421.084
5565000 291.73
5572500 133.721
5580000 172.555
5587500 242.547
5595000 85.8656
5602500 209.44
5610000 171.288
5617500 154.832
5625000 76.2036
5632500 215.021
5640000 111.732
5647500 273.096
5655000 19.1195
5662500 -11.6609
5670000 116.178
5677500 -8.579
5685000 63.2107
5692500 85.1176
5700000 170.144
5707500 285.79
5715000 43.063
5722500 -81.5067
5730000 132.395
5737500 132.735
5745000 14.5488
5752500 46.8606
5760000 272.029
5767500 237.95
5775000 299.19
5782500 225.757
5790000 109.412
5797500 54.5555
5805000 -214.638
5812500 88.3854
5820000 -104.942
5827500 -158.396
5835000 -38.389
5842500 -78.0032
5850000 68.218
5857500 -85.7976
5865000 -127.507
5872500 -70.2774
5880000 11.0579
5887500 91.3293
5895000 75.9635
5902500 -8.96644
5910000 127.883
5917500 76.7836
5925000 172.214
5932500 -79.2321
5940000 -62.6071
5947500 222.433
5955000 36.9353
5962500 71.0792
5970000 13.6455
5977500 -10.1999
5985000 33.8256
5992500 43.5684
6000000 215.371
6007500 -101.557
6015000 -60.1771
6022500 13.9312
6030000 138.219
6037500 62.1282
6045000 119.539
6052500 6.45253
6060000 180.25
6067500 72.2478
6075000 -2.39885
6082500 50.7515
6090000 107.612
6097500 67.8014
6105000 111.037
6112500 145.284
6120000 110.963
6127500 -13.5174
6135000 215.15
6142500 65.5531
6150000 200.913
6157500 89.7412
6165000 23.7818
6172500 184.082
6180000 130.482
6187500 157.871
6195000 -39.0737
6202500 75.8989
6210000 100.465
6217500 130.62
6225000 -75.287
6232500 -319.586
6240000 36.1988
6247500 92.1633
6255000 219.456
6262500 205.609
6270000 268.579
6277500 86.7733
6285000 341.272
6292500 3.46426
6300000 137.38
6307500 -33.4468
6315000 198.736
6322500 246.977
6330000 254.164
6337500 186.201
6345000 314.649
6352500 242.257
6360000 330.418
6367500 223.01
6375000 210.892
6382500 251.914
6390000 344.447
6397500 401.613
6405000 489.59
6412500 253.463
6420000 229.251
6427500 -59.4475
6435000 -43.071
6442500 -144.641
6450000 -140.43
6457500 -73.1214
6465000 -198.6
6472500 -120.315
6480000 -27.1995
6487500 -96.8528
6495000 -117.899
6502500 -363.032
6510000 -88.4132
6517500 114.168
6525000 -131.054
6532500 -239.404
6540000 44.6451
6547500 19.6852
6555000 -127.533
6562500 38.1759
6570000 129.825
6577500 224.587
6585000 215.277
6592500 115.176
6600000 205.622
6607500 -102.037
6615000 -201.822
6622500 136.706
6630000 4.26469
6637500 187.536
6645000 77.7129
6652500 -52.9793
6660000 -67.6641
6667500 -10.005
6675000 80.0394
6682500 73.4693
6690000 -27.7224
6697500 -57.873
6705000 6.36212
6712500 -91.1122
6720000 -87.8878
6727500 -29.0452
6735000 -92.7152
6742500 15.6468
6750000 -117.555
6757500 -157.537
6765000 26.4109
6772500 81.987
6780000 120.059
6787500 216.356
6795000 174.636
6802500 -137.752
6810000 -226.341
6817500 -167.749
6825000 64.0047
6832500 -223.416
6840000 -72.6123
6847500 -73.411
6855000 -32.9575
6862500 47.043
6870000 -6.16003
6877500 179.599
6885000 -31.6272
6892500 25.7317
6900000 -35.7449
6907500 79.3131
6915000 86.0918
6922500 53.7888
6930000 23.4485
6937500 -5.28147
6945000 -270.101
6952500 -30.9728
6960000 2.02706
6967500 -21.8429
6975000 -111.488
6982500 -133.985
6990000 -81.7015
6997500 152.903
7005000 -36.897
7012500 67.5117
7020000 -91.2892
7027500 -104.969
7035000 -145.744
7042500 46.7052
7050000 88.8392
7057500 211.613
7065000 -41.6265
7072500 -82.8817
7080000 119.996
7087500 -28.1999
7095000 -273.86
7102500 -173.93
7110000 -100.318
7117500 92.235
7125000 225.376
7132500 92.9415
7140000 159.741
7147500 -15.2151
7155000 -145.486
7162500 -171.26
7170000 37.2827
7177500 -139.243
7185000 -86.5932
7192500 63.6045
7200000 66.2727
7207500 -69.7565
7215000 -131.96
7222500 -173.182
7230000 -3.09523
7237500 113.435
7245000 87.7727
7252500 169.903
7260000 -63.1114
7267500 -148.18
7275000 -126.846
7282500 -14.2016
7290000 -81.703
7297500 133.647
7305000 -117.223
7312500 78.6268
7320000 130.312
7327500 -61.6219
7335000 -97.5889
7342500 -33.2595
7350000 -43.5587
7357500 -184.371
7365000 -60.3137
7372500 -39.9579
7380000 71.4892
7387500 -22.1628
7395000 92.5953
7402500 187.775
7410000 52.4046
7417500 -111.011
7425000 -124.021
7432500 63.3037
7440000 65.4074
7447500 -44.5426
7455000 -256.735
7462500 -104.746
7470000 153.327
7477500 137.755
7485000 71.9385
7492500 -207.027
7500000 -110.345
7507500 -195.935
7515000 -91.0337
7522500 -180.948
7530000 10.2524
7537500 -204.072
7545000 -197.13
7552500 -264.988
7560000 -157.302
7567500 -61.3483
7575000 -169.248
7582500 -96.0056
7590000 -242.38
7597500 -246.059
7605000 -88.6985
7612500 -131.169
7620000 -71.9788
7627500 97.0943
7635000 -88.3955
7642500 -121.65
7650000 -127.276
7657500 -121.336
7665000 67.6415
7672500 64.4288
7680000 -122.475
7687500 -191.072
7695000 -122.269
7702500 -155.165
7710000 -119.238
7717500 -218.123
7725000 -64.1622
7732500 14.546
7740000 -220.935
7747500 -7.72903
7755000 119.468
7762500 -64.6059
7770000 14.6847
7777500 -111.771
7785000 -203.515
7792500 -205.337
7800000 -314.421
7807500 -273.127
7815000 -344.742
7822500 -125.611
7830000 -77.4158
7837500 -209.8
7845000 -313.504
7852500 -151.008
7860000 -312.914
7867500 24.1486
7875000 129.28
7882500 15.9878
7890000 -5.93222
7897500 25.531
7905000 254.72
7912500 56.5644
7920000 -62.7229
7927500 9.73694
7935000 7.26486
7942500 44.0128
7950000 7.49834
7957500 -36.5304
7965000 -113.741
7972500 -82.2506
7980000 -146.591
7987500 98.66
7995000 -234.94
8002500 43.1006
8010000 -24.0724
8017500 -63.8004
8025000 -86.313
8032500 -79.6333
8040000 26.5779
8047500 119.507
8055000 -7.7353
8062500 114.692
8070000 -37.8401
8077500 -24.0498
8085000 -164.36
8092500 -135.353
8100000 24.2687
8107500 -67.7931
8115000 131.307
8122500 94.3815
8130000 221.461
8137500 113.516
8145000 7.19226
8152500 9.18996
8160000 -143.164
8167500 56.9874
8175000 119.495
8182500 52.4544
8190000 -19.7017
8197500 113.587
8205000 92.1672
8212500 -24.9237
8220000 3.7751
8227500 112.739
8235000 325.526
8242500 174.138
8250000 145.156
8257500 62.3568
8265000 90.3872
8272500 19.348
8280000 131.525
8287500 8.78747
8295000 30.1639
8302500 109.443
8310000 -72.0048
8317500 -108.781
8325000 -94.2813
8332500 -198.291
8340000 -91.186
8347500 -13.4413
8355000 -57.5355
8362500 -118.493
8370000 204.039
8377500 195.654
8385000 117.85
8392500 63.0324
8400000 -4.33788
8407500 13.178
8415000 196.005
8422500 211.013
8430000 168.157
8437500 -15.0102
8445000 174.198
8452500 212.564
8460000 260.006
8467500 250.379
8475000 138.131
8482500 168.752
8490000 275.161
8497500 181.08
8505000 253.249
