1005000 698.264
1012500 658.855
1020000 613.391
1027500 719.281
1035000 665.076
1042500 533.791
1050000 582.174
1057500 516.152
1065000 591.358
1072500 578.715
1080000 509.727
1087500 565.132
1095000 426.924
1102500 480.779
1110000 506.793
1117500 505.921
1125000 537.388
1132500 532.892
1140000 591.053
1147500 489.148
1155000 586.743
1162500 584.662
1170000 516.79
1177500 482.868
1185000 591.659
1192500 597.77
1200000 630.968
1207500 550.925
1215000 543.733
1222500 498.846
1230000 504.645
1237500 541.156
1245000 603.694
1252500 609.281
1260000 598.651
1267500 576.194
1275000 619.674
1282500 545.423
1290000 634.372
1297500 676.361
1305000 582.104
1312500 578.463
1320000 735.593
1327500 584.167
1335000 689.266
1342500 631.712
1350000 602.543
1357500 484.741
1365000 554.884
1372500 631.636
1380000 613.134
1387500 795.784
1395000 729.671
1402500 650.753
1410000 653.307
1417500 565.463
1425000 718.283
1432500 713.624
1440000 675.681
1447500 722.094
1455000 845.453
1462500 694.002
1470000 721.434
1477500 704.234
1485000 621.66
1492500 617.268
1500000 754.031
1507500 725.472
1515000 746.764
1522500 632.118
1530000 705.445
1537500 701.393
1545000 756.461
1552500 664.943
1560000 574.905
1567500 636.743
1575000 693.038
1582500 766.986
1590000 715.238
1597500 715.755
1605000 674.898
1612500 669.995
1620000 612.347
1627500 759.948
1635000 749.685
1642500 767.744
1650000 759.865
1657500 594.453
1665000 708.053
1672500 893.548
1680000 873.405
1687500 790.23
1695000 750.725
1702500 689.979
1710000 757.67
1717500 703.348
1725000 683.928
1732500 785.976
1740000 841.196
1747500 717.251
1755000 802.414
1762500 674.289
1770000 622.549
1777500 823.761
1785000 901.425
1792500 837.194
1800000 893.006
1807500 711.762
1815000 687.271
1822500 752.971
1830000 753.989
1837500 833.861
1845000 796.411
1852500 647.172
1860000 649.605
1867500 767.833
1875000 868.506
1882500 765.684
1890000 712.969
1897500 841.919
1905000 833.175
1912500 770.119
1920000 815.466
1927500 768.346
1935000 761.859
1942500 804.528
1950000 832.493
1957500 862.972
1965000 961.78
1972500 756.044
1980000 846.512
1987500 666.99
1995000 797.042
2002500 811.899
2010000 975.112
2017500 806.515
2025000 786.527
2032500 883.239
2040000 930.31
2047500 792.116
2055000 716.013
2062500 680.176
2070000 768.229
2077500 777.796
2085000 687.844
2092500 796.723
2100000 822.291
2107500 798.838
2115000 849.615
2122500 816.863
2130000 972.075
2137500 937.316
2145000 973.878
2152500 848.646
2160000 904.547
2167500 882.581
2175000 911.041
2182500 862.647
2190000 829.065
2197500 1007.91
2205000 859.673
2212500 922.204
2220000 945.288
2227500 941.507
2235000 799.874
2242500 933.473
2250000 883.035
2257500 842.2
2265000 970.094
2272500 855.416
2280000 994.561
2287500 764.719
2295000 807.872
2302500 820.975
2310000 882.754
2317500 764.378
2325000 981.405
2332500 788.077
2340000 935.884
2347500 785.321
2355000 901.268
2362500 843.663
2370000 933.067
2377500 759.688
2385000 945.601
2392500 905.42
2400000 892.859
2407500 792.91
2415000 964.087
2422500 823.048
2430000 803.735
2437500 813.116
2445000 822.938
2452500 873.705
2460000 782.73
2467500 748.409
2475000 879.805
2482500 881.813
2490000 1015.06
2497500 1010.5
2505000 976.143
2512500 901.435
2520000 833.945
2527500 866.918
2535000 883.335
2542500 946.494
2550000 800.31
2557500 981.851
2565000 848.198
2572500 956.815
2580000 816.496
2587500 926.341
2595000 957.622
2602500 998.021
2610000 920.039
2617500 886.772
2625000 1003.18
2632500 986.877
2640000 886.173
2647500 937.852
2655000 859.342
2662500 1085.32
2670000 981.932
2677500 977.507
2685000 875.362
2692500 974.512
2700000 961.946
2707500 911.384
2715000 814.0
2722500 1034.22
2730000 1006.53
2737500 897.231
2745000 926.264
2752500 922.406
2760000 909.58
2767500 919.996
2775000 923.539
2782500 948.31
2790000 1063.8
2797500 1081.17
2805000 1101.58
2812500 1132.86
2820000 1078.03
2827500 1045.26
2835000 978.623
2842500 1171.61
2850000 1119.11
2857500 1046.78
2865000 1053.08
2872500 1137.65
2880000 1125.4
2887500 1133.47
2895000 1145.47
2902500 1220.25
2910000 1097.15
2917500 1055.41
2925000 1085.82
2932500 1099.13
2940000 1011.53
2947500 1152.44
2955000 953.788
2962500 1044.72
2970000 1105.93
2977500 1091.9
2985000 1117.08
2992500 1151.51
3000000 1102.9
3007500 1138.79
3015000 1029.45
3022500 1125.43
3030000 1138.28
3037500 1030.55
3045000 1085.41
3052500 1199.6
3060000 1174.32
3067500 1041.78
3075000 972.524
3082500 932.321
3090000 1125.21
3097500 1049.39
3105000 1131.79
3112500 1055.89
3120000 925.552
3127500 919.537
3135000 674.877
3142500 737.559
3150000 757.346
3157500 717.935
3165000 573.042
3172500 615.415
3180000 865.355
3187500 688.067
3195000 727.833
3202500 741.932
3210000 724.003
3217500 661.466
3225000 533.619
3232500 516.252
3240000 675.013
3247500 637.196
3255000 595.214
3262500 638.769
3270000 635.302
3277500 796.195
3285000 625.236
3292500 368.672
3300000 544.075
3307500 492.595
3315000 497.081
3322500 536.778
3330000 642.565
3337500 560.58
3345000 512.098
3352500 625.493
3360000 560.723
3367500 557.321
3375000 537.723
3382500 559.791
3390000 394.622
3397500 461.673
3405000 558.547
3412500 367.035
3420000 389.557
3427500 390.221
3435000 398.191
3442500 273.521
3450000 143.362
3457500 139.033
3465000 202.125
3472500 280.307
3480000 377.284
3487500 246.713
3495000 183.914
3502500 114.46
3510000 173.476
3517500 204.04
3525000 217.038
3532500 260.912
3540000 186.406
3547500 295.034
3555000 224.679
3562500 342.408
3570000 314.381
3577500 131.36
3585000 312.758
3592500 366.819
3600000 375.758
3607500 189.493
3615000 259.77
3622500 352.564
3630000 163.61
3637500 52.358
3645000 269.633
3652500 13.4529
3660000 57.9726
3667500 -21.1726
3675000 152.292
3682500 301.914
3690000 208.798
3697500 318.119
3705000 154.11
3712500 410.414
3720000 251.412
3727500 229.558
3735000 137.065
3742500 329.316
3750000 287.821
3757500 199.982
3765000 107.113
3772500 150.784
3780000 158.79
3787500 193.589
3795000 135.203
3802500 65.0486
3810000 145.835
3817500 234.398
3825000 231.439
3832500 139.624
3840000 209.59
3847500 272.747
3855000 300.56
3862500 380.298
3870000 228.134
3877500 253.392
3885000 127.541
3892500 153.539
3900000 42.6675
3907500 293.72
3915000 245.436
3922500 228.551
3930000 108.804
3937500 86.1202
3945000 166.006
3952500 181.687
3960000 307.638
3967500 288.183
3975000 331.485
3982500 203.837
3990000 258.279
3997500 247.169
4005000 162.653
4012500 369.157
4020000 173.425
4027500 228.794
4035000 275.096
4042500 350.17
4050000 213.534
4057500 230.633
4065000 284.059
4072500 365.456
4080000 332.03
4087500 356.547
4095000 247.06
4102500 369.753
4110000 396.028
4117500 351.853
4125000 235.873
4132500 146.29
4140000 274.015
4147500 265.31
4155000 265.883
4162500 399.669
4170000 228.531
4177500 272.618
4185000 227.913
4192500 356.321
4200000 560.783
4207500 388.525
4215000 271.241
4222500 218.332
4230000 327.53
4237500 244.503
4245000 373.603
4252500 394.614
4260000 283.371
4267500 481.248
4275000 232.622
4282500 292.651
4290000 300.582
4297500 324.552
4305000 406.982
4312500 243.627
4320000 196.161
4327500 88.6908
4335000 262.12
4342500 145.472
4350000 280.842
4357500 221.496
4365000 -67.4581
4372500 -13.3013
4380000 74.8683
4387500 204.434
4395000 -59.8875
4402500 -187.632
4410000 -91.8227
4417500 -69.9503
4425000 74.7044
4432500 167.444
4440000 -15.029
4447500 50.5898
4455000 27.0688
4462500 68.926
4470000 142.996
4477500 180.518
4485000 91.2146
4492500 235.004
4500000 315.23
4507500 85.6052
4515000 -2.95379
4522500 187.384
4530000 41.7812
4537500 85.5029
4545000 116.621
4552500 35.425
4560000 56.7896
4567500 86.8677
4575000 153.08
4582500 223.47
4590000 180.175
4597500 150.948
4605000 93.393
4612500 125.56
4620000 -46.6397
4627500 73.6124
4635000 226.842
4642500 44.5491
4650000 -16.7656
4657500 -62.161
4665000 -190.277
4672500 -150.205
4680000 -174.983
4687500 -13.4273
4695000 143.45
4702500 -18.0983
4710000 221.566
4717500 -5.14137
4725000 -35.4738
4732500 -155.938
4740000 -84.7627
4747500 -101.615
4755000 -124.868
4762500 -151.968
4770000 -170.373
4777500 -36.1561
4785000 112.792
4792500 66.5975
4800000 -84.9749
4807500 89.5859
4815000 -11.2445
4822500 41.7816
4830000 -21.0987
4837500 -28.9767
4845000 74.5214
4852500 -27.0258
4860000 -15.9434
4867500 -53.6659
4875000 119.946
4882500 100.681
4890000 134.639
4897500 266.626
4905000 173.681
4912500 -25.4857
4920000 -35.9868
4927500 -65.5419
4935000 -148.393
4942500 -59.458
4950000 117.954
4957500 -55.645
4965000 1.19758
4972500 144.278
4980000 327.918
4987500 303.736
4995000 194.604
5002500 169.511
5010000 102.176
5017500 182.942
5025000 117.757
5032500 11.3519
5040000 332.138
5047500 61.3111
5055000 -86.8853
5062500 -88.7485
5070000 135.098
5077500 166.396
5085000 184.034
5092500 40.1299
5100000 -53.7072
5107500 89.4589
5115000 21.3664
5122500 76.9094
5130000 -163.203
5137500 -108.961
5145000 48.6597
5152500 58.8047
5160000 114.388
5167500 -81.2804
5175000 48.4223
5182500 207.641
5190000 -41.4206
5197500 203.234
5205000 67.2536
5212500 181.374
5220000 161.569
5227500 117.842
5235000 44.611
5242500 -27.1113
5250000 199.953
5257500 54.5904
5265000 82.5061
5272500 -41.3395
5280000 -167.919
5287500 -277.037
5295000 -37.8002
5302500 107.029
5310000 -213.106
5317500 75.2934
5325000 -64.8805
5332500 -51.3001
5340000 -112.26
5347500 -87.2164
5355000 164.624
5362500 -106.867
5370000 54.5892
5377500 -63.3607
5385000 -0.964411
5392500 -135.731
5400000 -64.3763
5407500 82.6574
5415000 -169.378
5422500 81.173
5430000 57.9951
5437500 -58.2534
5445000 126.322
5452500 -8.46422
5460000 25.9247
5467500 122.313
5475000 156.878
5482500 96.4357
5490000 189.63
5497500 -5.3564
5505000 -15.1834
5512500 -174.928
5520000 35.7745
5527500 190.251
5535000 -122.896
5542500 -195.529
5550000 -16.2385
5557500 -40.3207
5565000 -139.622
5572500 -99.225
5580000 112.55
5587500 41.6819
5595000 -65.9816
5602500 -100.048
5610000 -52.493
5617500 62.4103
5625000 -44.5861
5632500 -71.9543
5640000 -269.845
5647500 -242.9
5655000 -46.0953
5662500 -97.7473
5670000 111.458
5677500 162.261
5685000 -122.535
5692500 -188.694
5700000 -66.4509
5707500 -174.465
5715000 67.0406
5722500 -74.0375
5730000 138.133
5737500 99.6414
5745000 -116.667
5752500 88.8728
5760000 31.6805
5767500 22.5801
5775000 243.178
5782500 -57.3847
5790000 187.727
5797500 211.574
5805000 158.381
5812500 214.463
5820000 -81.1069
5827500 -7.09912
5835000 67.4196
5842500 -180.326
5850000 -66.8188
5857500 25.7309
5865000 -173.779
5872500 -111.941
5880000 -134.01
5887500 -179.21
5895000 -64.0701
5902500 31.1333
5910000 -128.218
5917500 118.339
5925000 -32.2025
5932500 9.94998
5940000 -144.481
5947500 -168.393
5955000 -144.932
5962500 -6.15423
5970000 17.993
5977500 -159.326
5985000 111.84
5992500 41.7181
6000000 -87.2483
6007500 -11.4315
6015000 -22.4401
6022500 134.018
6030000 18.1225
6037500 80.9211
6045000 125.542
6052500 124.712
6060000 137.54
6067500 259.263
6075000 95.5879
6082500 259.148
6090000 91.4057
6097500 229.832
6105000 -14.984
6112500 -4.06311
6120000 82.0118
6127500 105.927
6135000 160.536
6142500 -33.508
6150000 -3.17035
6157500 -34.428
6165000 45.3876
6172500 -104.84
6180000 -41.9377
6187500 26.5137
6195000 64.3257
6202500 -176.545
6210000 -124.702
6217500 -34.2528
6225000 56.4194
6232500 28.2518
6240000 152.879
6247500 369.517
6255000 252.441
6262500 121.972
6270000 150.445
6277500 109.65
6285000 74.9894
6292500 15.9539
6300000 120.239
6307500 15.1854
6315000 129.869
6322500 48.351
6330000 42.2814
6337500 -10.7647
6345000 -45.7426
6352500 42.6544
6360000 -80.3365
6367500 -86.6292
6375000 65.6081
6382500 -50.5892
6390000 9.42052
6397500 79.6502
6405000 107.837
6412500 144.956
6420000 82.1887
6427500 102.32
6435000 -25.599
6442500 -15.7871
6450000 16.1059
6457500 56.3957
6465000 192.667
6472500 46.159
6480000 82.8227
6487500 37.3048
6495000 90.0942
6502500 259.018
6510000 184.565
6517500 137.333
6525000 209.93
6532500 64.3445
6540000 16.0444
6547500 116.693
6555000 150.063
6562500 167.385
6570000 168.405
6577500 278.685
6585000 92.5531
6592500 10.8392
6600000 -44.7857
6607500 -76.5865
6615000 -182.171
6622500 104.281
6630000 -26.5623
6637500 -158.669
6645000 -137.608
6652500 -66.8018
6660000 201.153
6667500 25.2376
6675000 153.831
6682500 235.877
6690000 229.207
6697500 276.521
6705000 81.4319
6712500 272.271
6720000 134.848
6727500 223.373
6735000 87.0452
6742500 248.725
6750000 75.9264
6757500 191.827
6765000 100.227
6772500 81.2364
6780000 138.327
6787500 58.5535
6795000 -4.57401
6802500 221.407
6810000 -68.5323
6817500 -37.0544
6825000 191.043
6832500 -48.2379
6840000 175.946
6847500 68.8208
6855000 105.06
6862500 -13.0429
6870000 238.64
6877500 142.545
6885000 156.355
6892500 97.4574
6900000 40.9415
6907500 -56.9375
6915000 170.973
6922500 18.6408
6930000 67.1092
6937500 142.88
6945000 -90.6119
6952500 31.3372
6960000 131.143
6967500 4.20352
6975000 -19.9406
6982500 7.41412
6990000 175.125
6997500 203.092
7005000 128.503
7012500 -111.789
7020000 91.5964
7027500 112.339
7035000 213.224
7042500 140.682
7050000 226.366
7057500 54.4014
7065000 139.525
7072500 200.355
7080000 -21.881
7087500 119.668
7095000 -85.2055
7102500 -41.2176
7110000 114.546
7117500 198.015
7125000 11.1369
7132500 63.5503
7140000 -38.2302
7147500 97.5612
7155000 233.658
7162500 344.772
7170000 232.212
7177500 309.708
7185000 268.069
7192500 179.367
7200000 384.432
7207500 283.254
7215000 272.39
7222500 203.425
7230000 276.559
7237500 171.834
7245000 208.853
7252500 131.92
7260000 -33.0769
7267500 198.341
7275000 86.4093
7282500 -1.73204
7290000 135.235
7297500 111.226
7305000 -55.3426
7312500 115.728
7320000 266.422
7327500 109.841
7335000 194.482
7342500 179.22
7350000 61.9493
7357500 63.3049
7365000 52.1832
7372500 76.048
7380000 -53.5774
7387500 97.9474
7395000 -59.7052
7402500 -63.7121
7410000 7.89891
7417500 -3.34669
7425000 -98.2746
7432500 83.0086
7440000 86.4183
7447500 99.0177
7455000 -24.9655
7462500 41.3999
7470000 -3.67537
7477500 51.9496
7485000 -57.1791
7492500 -48.2532
7500000 37.8514
7507500 96.6397
7515000 -155.898
7522500 47.7621
7530000 119.875
7537500 95.0977
7545000 -14.7449
7552500 204.049
7560000 101.34
7567500 12.7441
7575000 -30.2812
7582500 109.86
7590000 195.088
7597500 5.78414
7605000 -15.6503
7612500 -137.32
7620000 -217.201
7627500 -114.807
7635000 130.108
7642500 199.442
7650000 148.712
7657500 121.991
7665000 123.958
7672500 106.332
7680000 135.935
7687500 -17.0952
7695000 -94.9199
7702500 -46.2903
7710000 -231.878
7717500 -138.675
7725000 67.1236
7732500 -88.6627
7740000 45.7677
7747500 84.2025
7755000 161.594
7762500 87.5868
7770000 3.85188
7777500 300.892
7785000 26.6726
7792500 79.8029
7800000 200.757
7807500 226.798
7815000 154.526
7822500 118.358
7830000 168.985
7837500 246.667
7845000 167.814
7852500 67.1754
7860000 16.4828
7867500 79.0487
7875000 -101.852
7882500 -9.24942
7890000 94.2702
7897500 66.43
7905000 19.0324
7912500 -123.054
7920000 -35.1526
7927500 32.4873
7935000 91.0186
7942500 197.222
7950000 -71.547
7957500 81.0161
7965000 -74.2789
7972500 20.1583
7980000 -19.6815
7987500 33.6715
7995000 -145.893
8002500 22.7494
8010000 -195.279
8017500 -201.595
8025000 -105.304
8032500 -76.5608
8040000 -32.1006
8047500 -137.186
8055000 -90.8764
8062500 -2.78018
8070000 30.4519
8077500 35.4232
8085000 181.786
8092500 -163.802
8100000 -141.065
8107500 -54.6433
8115000 111.71
8122500 -249.415
8130000 71.165
8137500 -124.964
8145000 -65.8475
8152500 -132.694
8160000 79.2081
8167500 9.93124
8175000 -45.6057
8182500 3.90414
8190000 -0.193384
8197500 94.9063
8205000 -19.233
8212500 -24.4188
8220000 29.376
8227500 -43.3194
8235000 40.0035
8242500 226.47
8250000 51.9259
8257500 180.444
8265000 83.3629
8272500 -173.327
8280000 -23.9644
8287500 112.048
8295000 18.1618
8302500 -22.2085
8310000 71.8535
8317500 22.0884
8325000 5.71525
8332500 -40.6549
8340000 73.4691
8347500 84.0156
8355000 195.994
8362500 -15.3764
8370000 20.2623
8377500 225.148
8385000 20.0184
8392500 141.592
8400000 25.0377
8407500 18.857
8415000 187.527
8422500 124.595
8430000 43.8836
8437500 108.477
8445000 -176.124
8452500 103.247
8460000 62.5467
8467500 -38.363
8475000 -58.879
8482500 141.002
8490000 196.485
8497500 67.8842
8505000 58.3108
