1005000 698.263
1012500 521.481
1020000 538.497
1027500 537.553
1035000 552.508
1042500 502.58
1050000 616.412
1057500 606.433
1065000 550.266
1072500 596.71
1080000 538.81
1087500 668.927
1095000 653.016
1102500 593.416
1110000 470.145
1117500 492.904
1125000 456.2
1132500 562.749
1140000 564.276
1147500 536.24
1155000 504.971
1162500 497.443
1170000 507.139
1177500 491.518
1185000 559.71
1192500 530.087
1200000 655.238
1207500 615.672
1215000 666.906
1222500 675.961
1230000 645.713
1237500 672.415
1245000 589.48
1252500 738.824
1260000 615.093
1267500 669.721
1275000 684.802
1282500 576.63
1290000 484.157
1297500 502.987
1305000 619.667
1312500 554.204
1320000 545.292
1327500 405.612
1335000 627.816
1342500 704.171
1350000 712.653
1357500 546.826
1365000 495.274
1372500 584.479
1380000 567.082
1387500 599.244
1395000 539.068
1402500 567.741
1410000 627.934
1417500 690.87
1425000 636.541
1432500 571.897
1440000 552.325
1447500 692.291
1455000 727.052
1462500 619.527
1470000 712.114
1477500 729.918
1485000 685.952
1492500 646.874
1500000 612.263
1507500 646.486
1515000 656.906
1522500 596.324
1530000 585.811
1537500 670.933
1545000 690.465
1552500 746.565
1560000 708.347
1567500 722.329
1575000 810.303
1582500 764.496
1590000 783.238
1597500 767.987
1605000 626.775
1612500 619.766
1620000 645.784
1627500 680.927
1635000 543.212
1642500 563.005
1650000 698.77
1657500 741.978
1665000 805.66
1672500 745.572
1680000 651.885
1687500 756.033
1695000 857.913
1702500 696.257
1710000 650.112
1717500 791.317
1725000 766.936
1732500 650.934
1740000 615.145
1747500 820.527
1755000 746.661
1762500 774.636
1770000 787.464
1777500 685.897
1785000 816.42
1792500 805.771
1800000 709.746
1807500 745.656
1815000 767.935
1822500 663.823
1830000 661.22
1837500 645.105
1845000 786.836
1852500 780.832
1860000 692.223
1867500 681.761
1875000 761.321
1882500 682.865
1890000 787.275
1897500 736.454
1905000 753.148
1912500 840.896
1920000 792.093
1927500 812.049
1935000 801.104
1942500 775.338
1950000 706.966
1957500 634.094
1965000 692.555
1972500 601.756
1980000 852.411
1987500 787.513
1995000 672.58
2002500 670.554
2010000 709.096
2017500 718.526
2025000 725.543
2032500 813.17
2040000 838.449
2047500 802.501
2055000 849.398
2062500 856.983
2070000 783.705
2077500 764.791
2085000 924.773
2092500 816.462
2100000 899.654
2107500 869.858
2115000 862.186
2122500 805.09
2130000 881.166
2137500 935.833
2145000 899.524
2152500 780.394
2160000 878.027
2167500 875.02
2175000 786.677
2182500 933.774
2190000 881.582
2197500 959.865
2205000 1014.15
2212500 957.422
2220000 830.289
2227500 929.069
2235000 882.565
2242500 825.167
2250000 838.199
2257500 840.027
2265000 895.133
2272500 915.308
2280000 899.157
2287500 831.8
2295000 847.702
2302500 824.886
2310000 841.813
2317500 834.222
2325000 829.761
2332500 828.117
2340000 853.043
2347500 1021.6
2355000 954.242
2362500 858.092
2370000 890.074
2377500 734.936
2385000 799.593
2392500 917.439
2400000 888.778
2407500 909.906
2415000 847.289
2422500 893.942
2430000 725.922
2437500 826.697
2445000 790.456
2452500 773.078
2460000 880.924
2467500 937.982
2475000 794.356
2482500 840.592
2490000 735.029
2497500 832.219
2505000 774.422
2512500 775.469
2520000 860.818
2527500 943.903
2535000 941.97
2542500 825.426
2550000 739.417
2557500 735.608
2565000 846.952
2572500 812.599
2580000 659.762
2587500 691.585
2595000 576.943
2602500 764.888
2610000 640.713
2617500 766.492
2625000 726.425
2632500 619.085
2640000 649.69
2647500 628.236
2655000 478.273
2662500 546.128
2670000 619.508
2677500 628.413
2685000 506.713
2692500 652.84
2700000 723.929
2707500 657.609
2715000 711.915
2722500 807.053
2730000 822.347
2737500 741.134
2745000 628.504
2752500 355.616
2760000 519.864
2767500 479.014
2775000 532.892
2782500 535.948
2790000 655.01
2797500 608.075
2805000 582.019
2812500 436.353
2820000 400.856
2827500 192.175
2835000 352.684
2842500 483.026
2850000 327.296
2857500 401.317
2865000 283.284
2872500 411.742
2880000 443.91
2887500 300.635
2895000 202.356
2902500 284.231
2910000 219.968
2917500 239.18
2925000 234.586
2932500 122.692
2940000 175.41
2947500 69.1508
2955000 -84.6208
2962500 -41.0179
2970000 206.767
2977500 188.168
2985000 81.9178
2992500 178.379
3000000 138.511
3007500 95.6611
3015000 105.197
3022500 177.051
3030000 104.924
3037500 87.287
3045000 -57.2226
3052500 57.4932
3060000 0.951978
3067500 -38.5752
3075000 153.275
3082500 95.9448
3090000 128.744
3097500 125.204
3105000 -72.0855
3112500 80.9015
3120000 87.3067
3127500 84.0316
3135000 367.877
3142500 166.691
3150000 105.891
3157500 219.434
3165000 104.113
3172500 163.648
3180000 32.5398
3187500 97.7773
3195000 228.012
3202500 193.186
3210000 274.702
3217500 98.6585
3225000 169.313
3232500 229.011
3240000 87.8956
3247500 268.997
3255000 400.008
3262500 259.898
3270000 112.14
3277500 247.984
3285000 127.946
3292500 80.3911
3300000 195.35
3307500 107.966
3315000 101.022
3322500 4.10086
3330000 92.6882
3337500 133.378
3345000 76.1825
3352500 200.016
3360000 243.758
3367500 0.546595
3375000 215.311
3382500 110.129
3390000 303.383
3397500 203.996
3405000 164.798
3412500 225.654
3420000 302.594
3427500 203.126
3435000 24.6799
3442500 132.809
3450000 41.6356
3457500 166.089
3465000 73.0975
3472500 272.734
3480000 -10.9687
3487500 -57.2343
3495000 -25.8137
3502500 -41.7331
3510000 79.0469
3517500 197.664
3525000 -168.783
3532500 139.468
3540000 -21.6566
3547500 -44.1201
3555000 -81.6871
3562500 123.234
3570000 53.9726
3577500 2.04908
3585000 -279.623
3592500 -146.852
3600000 47.401
3607500 134.268
3615000 136.31
3622500 -4.59156
3630000 37.8379
3637500 -144.175
3645000 -18.9958
3652500 51.6029
3660000 -164.899
3667500 -62.4043
3675000 32.3245
3682500 -167.087
3690000 -120.945
3697500 -174.656
3705000 8.21598
3712500 -51.762
3720000 180.755
3727500 58.7462
3735000 -246.866
3742500 6.54209
3750000 -3.13258
3757500 -45.0343
3765000 -63.2548
3772500 -9.78319
3780000 43.2025
3787500 32.7345
3795000 -19.1306
3802500 -12.2966
3810000 -93.7664
3817500 15.2716
3825000 8.91235
3832500 129.789
3840000 136.138
3847500 -20.5912
3855000 -13.4664
3862500 -91.2089
3870000 104.752
3877500 167.08
3885000 -38.3119
3892500 -191.094
3900000 -107.447
3907500 24.8494
3915000 -83.7262
3922500 -148.704
3930000 23.5968
3937500 -2.37855
3945000 -76.3641
3952500 51.878
3960000 -126.6
3967500 -185.884
3975000 -42.3768
3982500 141.759
3990000 -117.439
3997500 -9.22422
4005000 170.216
4012500 113.236
4020000 -201.23
4027500 -39.131
4035000 -176.544
4042500 -44.3127
4050000 -62.1038
4057500 -117.602
4065000 -217.978
4072500 -132.802
4080000 -56.1547
4087500 -143.716
4095000 106.361
4102500 -56.7157
4110000 -72.2148
4117500 56.0815
4125000 18.6294
4132500 -20.5325
4140000 68.0805
4147500 80.2952
4155000 181.695
4162500 7.56009
4170000 -50.4708
4177500 -75.152
4185000 195.431
4192500 66.2951
4200000 79.2282
4207500 171.302
4215000 106.091
4222500 -50.021
4230000 7.65219
4237500 109.982
4245000 122.233
4252500 -55.8218
4260000 75.9208
4267500 224.198
4275000 -147.654
4282500 -25.624
4290000 -135.411
4297500 41.5007
4305000 -85.1895
4312500 -95.948
4320000 20.1152
4327500 300.309
4335000 92.6662
4342500 73.3117
4350000 -68.3698
4357500 -155.776
4365000 -173.134
4372500 -92.3151
4380000 -39.0771
4387500 -26.5773
4395000 -41.7499
4402500 -74.7551
4410000 -10.0693
4417500 72.4935
4425000 -31.0782
4432500 135.36
4440000 -142.838
4447500 141.965
4455000 -5.88067
4462500 44.5325
4470000 41.1014
4477500 22.6752
4485000 133.566
4492500 -51.8633
4500000 97.6586
4507500 133.192
4515000 248.965
4522500 297.457
4530000 283.813
4537500 136.326
4545000 238.909
4552500 77.2935
4560000 11.5771
4567500 107.65
4575000 327.373
4582500 241.735
4590000 201.072
4597500 316.563
4605000 72.0618
4612500 88.6402
4620000 17.0364
4627500 40.6799
4635000 142.898
4642500 149.843
4650000 61.117
4657500 79.0478
4665000 -66.7904
4672500 23.7283
4680000 89.1666
4687500 -14.6259
4695000 62.3937
4702500 -110.923
4710000 58.7996
4717500 -13.4566
4725000 -174.487
4732500 2.00469
4740000 10.2267
4747500 -16.1603
4755000 -161.906
4762500 -54.2312
4770000 55.3161
4777500 196.303
4785000 276.857
4792500 180.088
4800000 227.283
4807500 102.753
4815000 48.3308
4822500 261.107
4830000 150.084
4837500 119.908
4845000 35.2174
4852500 -69.2066
4860000 -200.321
4867500 -50.6038
4875000 109.175
4882500 50.4361
4890000 7.03513
4897500 -43.1949
4905000 189.653
4912500 -154.844
4920000 -228.528
4927500 -96.0374
4935000 -82.4651
4942500 -54.8614
4950000 -47.3493
4957500 -129.946
4965000 -168.035
4972500 62.0549
4980000 116.371
4987500 19.8842
4995000 17.4624
5002500 -40.9389
5010000 -57.6371
5017500 242.482
5025000 274.685
5032500 190.82
5040000 156.972
5047500 45.8674
5055000 206.662
5062500 128.466
5070000 52.9516
5077500 211.806
5085000 118.917
5092500 346.863
5100000 194.768
5107500 190.635
5115000 157.221
5122500 319.532
5130000 106.183
5137500 190.381
5145000 236.907
5152500 285.239
5160000 345.838
5167500 221.064
5175000 181.898
5182500 224.667
5190000 43.2097
5197500 94.8058
5205000 82.4378
5212500 139.178
5220000 161.038
5227500 -89.0649
5235000 51.8724
5242500 84.8253
5250000 70.5245
5257500 91.8445
5265000 261.452
5272500 179.761
5280000 258.641
5287500 230.379
5295000 243.95
5302500 197.631
5310000 262.179
5317500 -35.4112
5325000 149.511
5332500 62.1412
5340000 101.695
5347500 183.875
5355000 164.66
5362500 193.623
5370000 46.1003
5377500 258.852
5385000 224.891
5392500 101.163
5400000 -19.7941
5407500 117.069
5415000 318.657
5422500 40.0093
5430000 230.399
5437500 75.6599
5445000 30.7994
5452500 14.5462
5460000 77.3866
5467500 148.619
5475000 118.835
5482500 277.447
5490000 -143.401
5497500 150.881
5505000 173.44
5512500 186.977
5520000 51.4194
5527500 18.9597
5535000 214.293
5542500 248.036
5550000 115.234
5557500 -19.8642
5565000 57.1907
5572500 57.397
5580000 3.4225
5587500 159.431
5595000 298.038
5602500 126.136
5610000 92.7312
5617500 87.1025
5625000 169.96
5632500 275.792
5640000 214.355
5647500 146.17
5655000 109.847
5662500 181.266
5670000 215.474
5677500 205.567
5685000 240.741
5692500 136.965
5700000 121.84
5707500 284.276
5715000 148.222
5722500 71.3465
5730000 188.423
5737500 229.163
5745000 140.205
5752500 44.3063
5760000 231.88
5767500 222.376
5775000 346.401
5782500 366.129
5790000 287.845
5797500 365.323
5805000 389.41
5812500 294.548
5820000 313.324
5827500 288.556
5835000 395.374
5842500 302.717
5850000 299.012
5857500 208.117
5865000 42.9992
5872500 79.9639
5880000 47.8758
5887500 -26.844
5895000 181.143
5902500 143.845
5910000 227.634
5917500 38.7644
5925000 -43.7482
5932500 142.395
5940000 -12.4178
5947500 77.4032
5955000 89.1252
5962500 74.4721
5970000 22.7618
5977500 -61.1782
5985000 174.241
5992500 136.538
6000000 -63.5437
6007500 69.6564
6015000 71.1133
6022500 215.389
6030000 145.947
6037500 28.103
6045000 -45.0532
6052500 -23.8773
6060000 -240.711
6067500 -138.914
6075000 7.56312
6082500 -48.9832
6090000 44.3966
6097500 33.1133
6105000 -70.5889
6112500 82.6679
6120000 353.022
6127500 328.386
6135000 177.397
6142500 124.138
6150000 213.561
6157500 58.0519
6165000 95.5764
6172500 221.574
6180000 194.129
6187500 54.9371
6195000 -16.4868
6202500 167.16
6210000 188.275
6217500 70.9706
6225000 154.334
6232500 300.631
6240000 322.379
6247500 293.497
6255000 241.445
6262500 152.951
6270000 190.686
6277500 -19.1513
6285000 193.902
6292500 134.263
6300000 181.026
6307500 114.435
6315000 183.058
6322500 136.826
6330000 224.653
6337500 238.94
6345000 27.8732
6352500 -112.288
6360000 74.93
6367500 75.1697
6375000 131.809
6382500 -88.5331
6390000 -90.4942
6397500 -27.4181
6405000 -66.1434
6412500 -19.7926
6420000 90.2496
6427500 -91.0484
6435000 5.52991
6442500 40.8571
6450000 -176.719
6457500 -72.208
6465000 -152.863
6472500 150.184
6480000 144.233
6487500 198.643
6495000 8.78985
6502500 66.1955
6510000 126.832
6517500 155.476
6525000 -10.9362
6532500 292.391
6540000 262.074
6547500 217.256
6555000 49.4973
6562500 221.346
6570000 276.171
6577500 141.677
6585000 289.824
6592500 74.4796
6600000 200.384
6607500 13.9857
6615000 154.494
6622500 -68.625
6630000 -7.60022
6637500 227.064
6645000 239.373
6652500 -7.35303
6660000 -114.082
6667500 42.2949
6675000 158.166
6682500 43.475
6690000 -86.7191
6697500 -79.5328
6705000 -77.9713
6712500 -262.717
6720000 -58.938
6727500 161.812
6735000 147.769
6742500 -87.6744
6750000 76.1092
6757500 -84.8229
6765000 -9.65269
6772500 -35.9336
6780000 23.3909
6787500 -101.069
6795000 -56.7603
6802500 15.1235
6810000 136.928
6817500 109.943
6825000 -51.599
6832500 72.5499
6840000 52.9
6847500 56.4586
6855000 -106.124
6862500 368.854
6870000 -34.3611
6877500 -179.536
6885000 -168.774
6892500 109.407
6900000 -6.03163
6907500 -56.5315
6915000 -225.958
6922500 -129.195
6930000 5.62226
6937500 100.317
6945000 25.3482
6952500 -108.15
6960000 -53.2357
6967500 25.6272
6975000 64.425
6982500 13.1736
6990000 -40.4548
6997500 129.712
7005000 -121.624
7012500 -212.847
7020000 13.1001
7027500 13.4291
7035000 -178.642
7042500 45.817
7050000 -23.8217
7057500 -78.5548
7065000 -23.5502
7072500 144.046
7080000 125.626
7087500 0.644353
7095000 74.6012
7102500 64.6321
7110000 95.0386
7117500 247.885
7125000 99.6376
7132500 122.039
7140000 147.907
7147500 243.665
7155000 -49.0859
7162500 -72.2546
7170000 -54.7296
7177500 -17.9958
7185000 -94.7247
7192500 -70.355
7200000 92.7813
7207500 40.8674
7215000 46.8383
7222500 -32.0153
7230000 -45.2501
7237500 -130.945
7245000 21.1899
7252500 74.1292
7260000 129.188
7267500 -89.1389
7275000 52.3296
7282500 38.3517
7290000 5.1861
7297500 186.866
7305000 -12.6275
7312500 67.0532
7320000 118.857
7327500 209.703
7335000 148.553
7342500 253.798
7350000 373.287
7357500 404.569
7365000 148.952
7372500 76.5897
7380000 82.1676
7387500 221.288
7395000 -119.245
7402500 -116.58
7410000 -157.298
7417500 136.748
7425000 194.862
7432500 205.806
7440000 51.8625
7447500 63.9669
7455000 350.485
7462500 172.159
7470000 101.593
7477500 52.1731
7485000 -121.006
7492500 -29.6629
7500000 169.306
7507500 326.794
7515000 90.0083
7522500 -31.4243
7530000 80.063
7537500 103.249
7545000 203.142
7552500 248.201
7560000 186.173
7567500 216.468
7575000 113.737
7582500 78.3644
7590000 -12.7334
7597500 25.0839
7605000 83.117
7612500 33.3197
7620000 61.418
7627500 -0.294843
7635000 -111.821
7642500 81.5608
7650000 54.1202
7657500 -42.8775
7665000 -39.8003
7672500 222.133
7680000 180.553
7687500 65.8554
7695000 158.295
7702500 -131.841
7710000 72.0168
7717500 -89.7007
7725000 -100.484
7732500 18.5119
7740000 14.5743
7747500 172.136
7755000 308.883
7762500 159.204
7770000 174.232
7777500 35.3411
7785000 250.004
7792500 171.169
7800000 167.375
7807500 36.2418
7815000 281.011
7822500 178.778
7830000 107.423
7837500 93.4548
7845000 91.7422
7852500 125.415
7860000 25.4644
7867500 -3.39277
7875000 125.901
7882500 -106.461
7890000 31.4574
7897500 169.063
7905000 155.712
7912500 349.926
7920000 238.635
7927500 183.285
7935000 -84.6497
7942500 -13.0882
7950000 77.9854
7957500 120.404
7965000 124.157
7972500 157.954
7980000 -18.067
7987500 -64.025
7995000 -41.1506
8002500 -217.329
8010000 -173.796
8017500 -182.378
8025000 161.574
8032500 -99.2311
8040000 92.5389
8047500 286.755
8055000 174.1
8062500 79.3428
8070000 -90.1027
8077500 54.4742
8085000 29.3678
8092500 82.808
8100000 123.97
8107500 35.2943
8115000 -204.406
8122500 -30.2408
8130000 -262.154
8137500 -188.442
8145000 26.7836
8152500 112.645
8160000 62.5036
8167500 81.0438
8175000 -101.112
8182500 12.0276
8190000 45.8751
8197500 -239.928
8205000 -124.89
8212500 -45.2106
8220000 95.6431
8227500 -55.7666
8235000 -143.88
8242500 -171.779
8250000 -9.97461
8257500 22.7489
8265000 -35.4412
8272500 -80.0345
8280000 -51.8977
8287500 13.2345
8295000 141.385
8302500 100.75
8310000 257.536
8317500 128.424
8325000 -73.627
8332500 21.3131
8340000 -35.8199
8347500 29.1856
8355000 32.6242
8362500 -89.8579
8370000 -156.367
8377500 -71.8975
8385000 -58.5784
8392500 -230.436
8400000 -231.556
8407500 -333.729
8415000 -401.43
8422500 -375.771
8430000 -189.214
8437500 -196.817
8445000 -140.874
8452500 30.6193
8460000 -105.285
8467500 -155.885
8475000 -93.159
8482500 -146.592
8490000 -72.0248
8497500 -47.0036
8505000 58.8247
