0 0.0
1 -0.0390321665445
2 0.0296445200621
3 0.215436608583
4 0.0200787760068
5 0.264186965429
6 0.347772860598
7 0.08422635485
8 0.0847097301596
9 0.0238302271685
10 0.501204207347
11 -0.0163125574648
12 -0.00676643948599
13 -0.0666070839099
14 -0.199806200238
15 -0.0949490976762
16 0.0954554849688
17 0.182455671648
18 0.315391768151
19 0.188445583576
20 0.0751942772588
21 0.316455869745
22 0.0786942466412
23 -0.0434934551148
24 0.109681106657
25 0.12730942091
26 0.213401082772
27 0.181293688247
28 0.523161601861
29 0.265985359395
30 0.319824231342
31 0.16418676385
32 0.307742579869
33 0.169867796056
34 0.0756043827028
35 0.236560083422
36 0.21646630889
37 0.00447195056235
38 0.0749493131395
39 -0.0240267157916
40 0.282798425127
41 0.275343372082
42 0.311014442061
43 0.181369726526
44 0.293459939531
45 0.128875525549
46 0.180113532225
47 0.0584614169611
48 0.0412353966509
49 0.199858123204
50 0.346667370665
51 0.207549009918
52 0.283115505515
53 0.547532777829
54 0.342486737467
55 0.122430077291
56 0.296161031963
57 0.386355954449
58 0.223241532853
59 0.362996396064
60 0.588931277075
61 0.402811437495
62 0.292981364957
63 0.536669909274
64 0.323436047556
65 0.0943449792139
66 0.0583683599266
67 0.273692778139
68 -0.046353950805
69 0.157866620387
70 0.169319051681
71 0.153103918364
72 -0.14989422896
73 0.124929206617
74 0.207998696789
75 0.168885011789
76 0.105578001748
77 0.0863409127592
78 -0.0299253696605
79 -0.15874941613
80 -0.0204322384521
81 0.0435684489898
82 0.271660670938
83 0.0794768098112
84 0.276662288714
85 0.0507866038879
86 0.273101425379
87 0.463171479647
88 0.333558509709
89 0.208838362125
90 0.217758478149
91 0.38522335763
92 0.185938038242
93 0.246784712754
94 0.23335543302
95 0.149293110605
96 0.114853239856
97 0.26354747826
98 0.127060710547
99 0.184854608744
100 -0.0368612561469
101 0.110825553039
102 0.122039647483
103 0.513334155625
104 0.409242509138
105 0.20281745738
106 0.323011309107
107 0.326308233756
108 0.249903398558
109 0.205655161423
110 0.303012126215
111 0.447739946982
112 0.559738656945
113 0.544031997627
114 0.485188233052
115 0.402710721515
116 0.520434201087
117 0.682132755662
118 0.494429712059
119 0.520963446733
120 0.643653314427
121 0.858118957433
122 0.859741504609
123 0.949930538155
124 0.574893776832
125 0.98599780315
126 0.704043626319
127 1.17967907998
128 0.972275511895
129 0.978589561559
130 1.15285764982
131 1.1934346369
132 1.09328576111
133 0.723444823113
134 0.865866720341
135 0.935495815904
136 0.989356180068
137 0.932686417347
138 1.07671072493
139 1.2537386435
140 1.20164836509
141 0.978876877432
142 0.868171751582
143 0.757902715282
144 0.854422625261
145 0.959159557286
146 0.866419869196
147 1.21869680853
148 1.28883454849
149 1.27963687348
150 0.921176435312
151 1.19440506332
152 1.24051578465
153 0.890926612928
154 0.826954220331
155 0.959580778157
156 0.819086464612
157 0.814339370372
158 1.04882652053
159 0.922079596249
160 1.18380676118
161 0.575772406685
162 1.02627872012
163 0.958889346171
164 1.3146246768
165 0.967322666631
166 1.14313535394
167 1.0410707798
168 1.11277789485
169 1.02568167373
170 1.13309628771
171 0.896496002182
172 0.823281759885
173 1.14840664847
174 0.751228749687
175 0.932165755011
176 0.651575904589
177 0.788306813512
178 0.781527069903
179 1.06150014216
180 1.18387994743
181 1.21135185605
182 1.15571531796
183 1.0502829726
184 1.34079284887
185 1.0675058714
186 0.796258420315
187 0.876978496445
188 1.21860394332
189 1.3677313212
190 1.22181158559
191 1.43865841476
192 1.10348164133
193 1.22897804091
194 1.23999037304
195 1.21161167055
196 1.40319771813
197 1.08287911672
198 1.16915435249
199 1.00656048059
200 1.30156893518
201 1.15609962842
202 0.965278616876
203 0.854505127503
204 0.955432303528
205 1.36105254932
206 0.907304633182
207 1.0894562236
208 0.858742685304
209 1.04642482145
210 0.761323547933
211 0.992045089665
212 0.986872282311
213 0.812214284154
214 1.10580056202
215 0.794952747377
216 0.958042505894
217 0.989015792254
218 0.997804845837
219 1.19439094765
220 1.2251497352
221 1.0925729769
222 1.35350882704
223 1.31006554853
224 1.0402075658
225 1.11305040875
226 0.988594144097
227 1.0058119274
228 1.09206963062
229 1.18586338938
230 0.954779018133
231 0.997435866839
232 1.08504018782
233 0.889660659379
234 1.2507009961
235 0.95774987796
236 0.968401639097
237 1.29931892545
238 1.01164887481
239 0.926749199224
240 1.03462044988
241 1.25565559829
242 0.725816360841
243 0.868018107987
244 1.02401763793
245 1.15579172159
246 1.17253167269
247 0.932913054766
248 0.899943742413
249 0.999598073891
250 0.737374589805
251 0.85253767348
252 0.997639779643
253 0.887308647315
254 0.993801809304
255 0.970667411641
256 1.12548449001
257 1.23407035964
258 1.19746647348
259 1.28284676336
260 1.30780088975
261 1.19925465633
262 1.23698332675
263 1.27416615747
264 0.892586963246
265 1.04607021467
266 1.14663841373
267 0.900780348667
268 1.03922190469
269 1.23354336637
270 1.186986525
271 1.41275378739
272 1.27356106383
273 1.08804072131
274 1.28877637369
275 1.03654389818
276 1.21161604831
277 1.58085822979
278 1.53601656392
279 1.27417474839
280 1.07411482239
281 1.24136063465
282 1.41792462885
283 1.36331317795
284 1.59130198777
285 1.37899230818
286 1.42782860581
287 1.51435350949
288 1.62272866188
289 1.45810553384
290 1.88858539576
291 1.7534192109
292 1.81551034539
293 1.94036175813
294 1.89260112749
295 2.20590162506
296 2.34800324676
297 2.24488974484
298 2.31570885793
299 2.44646335888
300 2.19173060154
301 2.31389619746
302 2.83256717382
303 2.70821040828
304 2.09797506931
305 2.50915278554
306 2.62526527671
307 2.88208677405
308 2.60842946507
309 2.59439708098
310 2.46474593754
311 2.10194128205
312 2.4681464555
313 2.72871664331
314 2.44970903181
315 2.74716116169
316 2.7585226184
317 2.67005426807
318 2.73799494035
319 2.5411710543
320 2.96354066503
321 2.77715730599
322 2.94858843687
323 3.19608600419
324 2.70954701904
325 3.0123718942
326 3.06437124748
327 2.76651018163
328 2.73165036987
329 3.17312976776
330 2.40787804879
331 2.47476984919
332 2.72517904307
333 2.61409392046
334 2.17957082432
335 2.38886450067
336 2.7496510846
337 2.48744971139
338 2.35293446683
339 2.73349401826
340 2.69615011002
341 2.17528480989
342 2.4913590071
343 2.70489738378
344 2.78423988042
345 2.64486910238
346 2.64228639044
347 2.71252823566
348 2.79930589697
349 3.03104002464
350 3.02513596114
351 2.64579669908
352 2.72702531963
353 2.73572530972
354 3.17774002497
355 3.14906090314
356 2.8267166603
357 2.6541726996
358 2.51821117517
359 2.89789614574
360 2.96091555083
361 3.20263540153
362 2.85100607938
363 3.14553901548
364 3.52471993543
365 2.92169995825
366 3.14520356346
367 3.22572269213
368 3.10107347764
369 2.82094930406
370 2.94640422845
371 2.79959069305
372 2.63605229937
373 1.9269815928
374 2.61950590265
375 2.63904841303
376 2.13113278059
377 2.72695125735
378 2.9016258199
379 2.96499703867
380 2.6852084801
381 3.21566741817
382 3.19434931551
383 3.18685990695
384 3.34299086824
385 3.21389405135
386 2.67309298431
387 3.25852542792
388 3.39305488569
389 3.30176700309
390 3.13619178256
391 3.30881426252
392 2.90355840353
393 3.21951387854
394 2.88086399737
395 2.88104135606
396 3.08084820033
397 3.29432027066
398 3.12477171742
399 3.46824401361
400 3.63116330889
401 3.43982049024
402 2.91452258333
403 3.21279862894
404 3.11828605029
405 3.52717225175
406 3.57602136639
407 3.33983697398
408 3.93119305417
409 3.89399388329
410 3.30818484936
411 3.42855241589
412 3.52313825739
413 3.77555217612
414 3.75639256527
415 3.466272862
416 3.68322727924
417 3.96931456273
418 4.10856145098
419 3.62237658748
420 3.78101022512
421 3.62863002943
422 3.70576181475
423 3.52306494476
424 3.70868836801
425 3.76428247939
426 3.7902493806
427 3.91700631113
428 4.13554954995
429 3.53383866446
430 3.48171421661
431 3.53038821415
432 3.26847933091
433 3.00567462396
434 2.85520137131
435 3.06488282622
436 3.53427171931
437 3.47020662714
438 3.57606602175
439 3.24751002242
440 3.57177136131
441 3.23155553488
442 3.51195386571
443 3.20831171284
444 3.47923128471
445 3.54638589552
446 3.34846575854
447 3.82874898522
448 3.85642563257
449 3.98004799459
450 4.32241607316
451 4.06692671108
452 3.66612754337
453 3.74974857991
454 4.0032059317
455 4.21303522755
456 4.41152135714
457 4.82943778853
458 5.09236828927
459 5.53552710747
460 5.36516630737
461 5.0838746536
462 4.62537409863
463 4.53699741952
464 4.38518980634
465 4.86345299412
466 4.77161704557
467 4.54638355476
468 5.11270984179
469 5.80275866526
470 5.16484096762
471 5.68515496514
472 5.80005420848
473 5.48009312981
474 5.88933261765
475 5.95609287434
476 6.0841508417
477 5.9463014569
478 5.97240736855
479 6.00902638878
480 5.93719114526
481 6.23770412303
482 6.2728496637
483 5.95975925505
484 5.35204459518
485 4.56766079311
486 4.70611916953
487 4.52636970867
488 4.31564196585
489 4.08525625374
490 3.92927597902
491 4.27110445421
492 3.73854749034
493 3.85665386439
494 4.40093495441
495 3.9284015753
496 4.04622969114
497 3.79580981867
498 3.99212306616
499 3.89301834109
500 3.41482250163
501 3.19154317808
502 3.32131611048
503 3.77182590468
504 3.32107887482
505 3.02066166148
506 2.8212962088
507 2.97527366006
508 3.42308323313
509 3.17094633437
510 3.40197054749
511 3.08909886561
512 3.04043770507
513 2.96592188789
514 2.96827270599
515 3.57840387063
516 3.42124433536
517 3.40860616912
518 3.65426126349
519 3.45140167932
520 3.5601980138
521 3.9494328245
522 3.78339735546
523 3.4513916943
524 3.50870731078
525 3.4975452172
526 3.66827094034
527 3.89127537034
528 3.9974877574
529 3.75331153496
530 3.7749345558
531 4.36539745358
532 4.05257662247
533 4.42721510719
534 3.89690372734
535 4.43150129808
536 4.58519774721
537 4.00756123333
538 3.97881874366
539 3.88338335176
540 4.39972788731
541 4.56910097642
542 5.06922533307
543 4.61594874834
544 4.48591488606
545 4.45752733683
546 4.53073800612
547 4.64239251495
548 5.09015242
549 4.94376278879
550 4.84697106115
551 5.1079033695
552 5.01972625906
553 5.11562052425
554 5.08812235958
555 4.59453141873
556 5.00908905547
557 4.5396211971
558 4.44727394279
559 4.52290270816
560 4.50383025737
561 4.13750444791
562 4.10391314624
563 4.19441270471
564 3.74978571742
565 4.75679488031
566 4.46631440546
567 4.9276643762
568 5.0210791754
569 5.10161468184
570 4.57359962138
571 4.82319167086
572 4.83923405824
573 4.27485156053
574 4.49783357833
575 4.951590455
576 4.59588579198
577 4.20595306673
578 4.563531331
579 4.517119723
580 4.61682417825
581 4.7340612988
582 4.65799317048
583 5.01375461174
584 5.15584394206
585 5.12697714698
586 5.70458185375
587 5.28161047092
588 5.22341663328
589 5.42977975749
590 5.42417283079
591 5.4615292317
592 5.4299199697
593 4.85563289985
594 4.99907035952
595 4.5920999622
596 4.32703242383
597 4.40867946025
598 4.53213447351
599 4.39271266322
600 4.29269805121
601 4.7064210652
602 4.4955958238
603 4.89177847923
604 4.55733710084
605 4.78994665673
606 4.6470630204
607 4.59063128051
608 4.3887512527
609 4.60844838363
610 4.67946709469
611 5.04941933746
612 5.05358410347
613 4.71173625745
614 4.26591433137
615 3.63093584535
616 3.99376027662
617 3.65144388434
618 3.73493502404
619 4.43389413465
620 4.59875951977
621 4.99262297947
622 5.52893491101
623 4.83953414739
624 4.97926383004
625 5.69342326785
626 4.8359045781
627 4.9995719683
628 5.0927005477
629 4.7924040499
630 4.75593846659
631 4.55995774821
632 4.51697998637
633 4.51714708549
634 4.77023337373
635 4.51005870626
636 4.31318528182
637 4.72005091058
638 4.48968227043
639 4.35198557974
640 4.65921128491
641 4.40392169514
642 4.35127117371
643 4.74914171271
644 4.26396700934
645 4.41912162112
646 4.35727947087
647 4.24664273861
648 4.23450796521
649 4.80918236718
650 5.01650894273
651 4.68590044068
652 5.21702294654
653 5.05805401822
654 5.43124907929
655 5.3203590244
656 5.25146751372
657 5.7118857633
658 5.66525990869
659 5.40304602479
660 5.59007000856
661 5.16932055723
662 4.75644803675
663 5.53523018562
664 5.22096084996
665 5.17022421129
666 5.46030120568
667 5.3440019485
668 5.16901554312
669 4.98497033707
670 5.22818186949
671 5.2267566604
672 5.22917646748
673 5.11492314803
674 5.27758089871
675 5.3089204641
676 5.7089518495
677 5.201918692
678 5.49277329496
679 5.7119856157
680 5.62999116538
681 5.38601489909
682 5.13666955733
683 4.91961159892
684 5.58114117947
685 5.51340349527
686 5.96141251455
687 5.3778317377
688 5.95876167529
689 5.95752160255
690 6.20011995889
691 6.117658113
692 6.27827682978
693 5.84856651938
694 5.77489140028
695 6.02274230688
696 6.09138359479
697 6.18405147692
698 6.40677242978
699 6.28695682039
700 6.43228019887
701 6.65715191031
702 6.11778371731
703 5.8035549026
704 6.21337594157
705 6.10807085548
706 5.82527641187
707 6.13179319631
708 6.25313150912
709 6.34784657029
710 6.46427158279
711 6.24545469587
712 6.50157422544
713 6.50157808909
714 6.39914115149
715 6.20912537698
716 6.19739239875
717 6.22475664038
718 6.88045809767
719 6.80967781312
720 6.52693842239
721 6.46369510514
722 6.76255774069
723 6.83968417827
724 6.64968286847
725 6.71327351501
726 6.35269077639
727 6.80956272667
728 6.81172615131
729 6.80661747875
730 6.83531517031
731 6.47168470834
732 6.77515622678
733 6.4436064645
734 6.67247317067
735 6.58254038549
736 6.77018862778
737 6.67235051892
738 6.40737218364
739 6.40826662048
740 6.70258716911
741 6.45281606379
742 6.41297113958
743 6.38589995099
744 6.32961004794
745 6.82969376078
746 6.79940395522
747 6.83039340278
748 6.95936452291
749 6.71909928038
750 6.24403213534
751 6.28695426219
752 6.23328208487
753 6.36272603918
754 6.35913799269
755 6.18366829108
756 5.97438330085
757 5.89110682084
758 5.92836597223
759 5.94670297649
760 5.90130454514
761 5.88192452153
762 5.97250471388
763 5.81861153857
764 5.53314762379
765 5.69608309495
766 5.50291829204
767 5.17326261657
768 5.56617696789
769 5.60434074736
770 5.29462579689
771 5.04168787431
772 5.22345504066
773 5.34420296179
774 6.00803416136
775 5.85361868968
776 6.09880309149
777 5.97085750599
778 5.61354922989
779 5.70351347921
780 5.8475173377
781 5.46900175207
782 5.89148672694
783 5.77677279571
784 5.80502115719
785 6.03023663559
786 5.77303717286
787 5.98040575512
788 6.31188441669
789 6.18613578744
790 5.99697745592
791 6.32280666988
792 6.42269365731
793 6.05184052406
794 5.58567376923
795 6.62410877643
796 6.14404959087
797 6.19412575409
798 5.8384166889
799 6.72336807891
800 6.51223267364
801 6.40932853791
802 6.55755221995
803 6.67548851486
804 6.38952602895
805 6.11583606742
806 6.03632197113
807 6.27362786911
808 6.14695304815
809 6.58787258374
810 6.50681852848
811 6.328903694
812 5.96354985207
813 5.90600396943
814 5.60915341199
815 5.60051791094
816 6.25897554886
817 6.31744793632
818 6.71836531579
819 6.62529433869
820 7.28174835152
821 7.24037344516
822 7.15250653648
823 6.99703249257
824 7.04330392551
825 6.59642113241
826 6.8514554649
827 6.91019148901
828 6.86694062411
829 6.88297618071
830 8.23377282064
831 8.32264437459
832 7.65542527097
833 7.73265996365
834 7.96533510861
835 7.87939054549
836 7.12521593764
837 7.83636731208
838 7.59274665432
839 7.47953952457
840 7.26821995767
841 7.93838041581
842 7.57026268937
843 8.21320824159
844 8.23449977933
845 8.62456541357
846 8.1542923447
847 8.67933770124
848 8.86160008412
849 8.90857977794
850 8.5879510764
851 8.66143995289
852 8.22607959848
853 8.54115800484
854 8.94722316535
855 8.44998498588
856 8.45002102502
857 8.75183147742
858 9.01478357746
859 8.63253017479
860 9.60813433691
861 8.72622399143
862 8.86187783849
863 9.05338146284
864 8.90118564146
865 8.78682323687
866 8.97519444659
867 9.28346209658
868 8.84694522904
869 9.02776952339
870 8.85386409569
871 8.73386339303
872 8.39697827125
873 7.98771381176
874 7.70368929048
875 8.0850941441
876 7.70692452317
877 7.99585597207
878 8.41362263362
879 8.5618758469
880 8.19018187889
881 8.12471203416
882 7.61734331058
883 7.64145644056
884 7.82364125773
885 7.21050051685
886 6.76142751851
887 7.05312457678
888 6.88771948429
889 7.63607430895
890 7.41592005289
891 7.72988743738
892 7.23286941576
893 7.10647673366
894 6.8268827688
895 6.68679843073
896 6.9770343917
897 6.60825610982
898 6.60423781227
899 6.51346947557
900 6.51701712584
901 6.60319353411
902 7.66136056654
903 7.11463246103
904 6.75260323156
905 7.53445078149
906 7.41376454618
907 7.2016870999
908 7.08728713326
909 6.9326831353
910 6.98089816431
911 6.90112554528
912 7.5733610575
913 7.43590156572
914 7.17224002675
915 7.35667812703
916 7.564088456
917 7.55768592809
918 7.38710656488
919 7.07540338207
920 7.19379340628
921 7.6785377957
922 7.02891071779
923 7.1425092951
924 6.94654193298
925 7.17088049461
926 6.78836428304
927 7.18644402218
928 7.6157365208
929 7.51588958092
930 7.31676018207
931 6.81031418104
932 6.77447454371
933 6.92764498313
934 6.74078472506
935 6.87745835201
936 7.0070136032
937 7.3681663407
938 6.92114009942
939 7.00080121094
940 7.06945101076
941 7.32009275758
942 7.29448940457
943 7.01591088886
944 6.94744182685
945 7.31895316246
946 7.61705838497
947 7.25182805659
948 7.28480980391
949 7.65805638751
950 7.13178516222
951 6.89009044413
952 6.65283328312
953 6.4851877111
954 5.9585176579
955 6.54958501073
956 6.47120042807
957 6.58068115081
958 6.65977571313
959 6.16492462443
960 6.1989301493
961 6.65752187977
962 6.03933200187
963 5.7861459511
964 5.75757065573
965 5.66600425803
966 5.63152437743
967 5.75878636985
968 5.28463197053
969 5.38779684574
970 5.3226022333
971 5.61682547709
972 5.58821471591
973 5.53712611674
974 5.44756053875
975 5.42071035735
976 6.06063125176
977 6.45715942138
978 6.29504552687
979 6.44208286089
980 6.51968925912
981 6.60425253992
982 6.33131584496
983 5.86033980553
984 6.34710945984
985 6.56140623588
986 6.36148716195
987 6.14835485777
988 6.01055072902
989 6.63529239799
990 7.10658999317
991 6.61199736689
992 6.70469227867
993 7.04505612288
994 6.68352761312
995 6.65848482181
996 6.72974069212
997 7.01823319915
998 7.00027284377
999 6.64816122545
