0 0.0
1 0.0698018712939
2 -0.0876147627385
3 -0.0508487724275
4 0.0774817791262
5 -0.346568493387
6 -0.376251498651
7 -0.0849128137184
8 -0.177532936748
9 -0.0734236919226
10 0.163597320817
11 0.00588718691164
12 0.191450372815
13 -0.21130440539
14 -0.2280618177
15 -0.206318268998
16 -0.131759466414
17 -0.138085689331
18 -0.117116232951
19 -0.43340364587
20 -0.268631877373
21 -0.184482354436
22 -0.138629945687
23 0.144190951622
24 0.0571526460756
25 -0.00645380703525
26 0.0605702832364
27 -0.000661045914889
28 0.0866597349504
29 -0.137798124805
30 0.0232254633395
31 -0.227095358669
32 -0.128333661269
33 0.0242146388463
34 0.199682664459
35 -0.311390452643
36 0.13587924555
37 0.113518705363
38 0.242290902062
39 0.406608961824
40 0.184052461182
41 0.286103410559
42 0.304862306173
43 0.0110206431171
44 0.038755220446
45 0.126495242187
46 0.506481702272
47 0.15169286168
48 -0.0402056919252
49 -0.157850742177
50 0.100884272311
51 0.110460959156
52 -0.202334736815
53 0.280784910486
54 0.206198592149
55 0.143329241628
56 -0.0741414537748
57 0.1991410324
58 0.215166413448
59 0.383827904319
60 0.387943445903
61 0.0137974023165
62 0.401469214244
63 -0.0842372096939
64 -0.0806811873524
65 0.0430381994434
66 -0.246700037245
67 0.0616287444286
68 0.0227085901836
69 0.217439779725
70 -0.089664609286
71 0.0706406006285
72 0.0832009929487
73 0.0361151076558
74 0.138509060824
75 0.0741354755161
76 0.147330717304
77 0.0133625309391
78 0.13279787354
79 -0.0281423552861
80 0.296264250995
81 -0.225309158346
82 0.0656033630715
83 -0.154849123261
84 -0.111455265497
85 0.234416692302
86 0.0796756668807
87 0.102167007962
88 -0.0766662248412
89 0.189741962698
90 0.190889614814
91 0.276422758764
92 0.183489206558
93 -0.00646064189702
94 0.0173407921781
95 0.142983930545
96 0.165000500179
97 0.301290784882
98 0.229197729858
99 0.326335269501
100 0.221100886099
101 0.0995804485363
102 0.44680568669
103 0.121380266827
104 0.211012821389
105 0.0485142856183
106 0.0739099487945
107 0.0927248971082
108 0.0383225806786
109 -0.0881449177771
110 0.267509830509
111 0.0456529209591
112 0.312475720851
113 0.424609861576
114 0.286115148934
115 0.311538055697
116 0.220867615897
117 0.35580926708
118 0.26109373357
119 0.506081214063
120 0.208085471511
121 0.372490797461
122 0.541268433496
123 0.403505252059
124 0.552409152131
125 0.791810267947
126 0.439638033563
127 0.322685594133
128 0.211305278373
129 0.17949707291
130 0.348954055325
131 0.456604251642
132 0.13305164022
133 0.47792798428
134 0.263432760861
135 0.346723015157
136 0.433888921171
137 0.126190558937
138 0.388575236844
139 0.193537068845
140 0.302490142238
141 0.177293401793
142 0.330063262055
143 0.456875721686
144 0.320958572029
145 0.45337450377
146 0.496126414015
147 0.486429160535
148 0.622425022075
149 0.50230381551
150 0.52080549163
151 0.497592596509
152 0.245459613325
153 0.50378702158
154 0.572949534827
155 0.714480310925
156 0.177094922412
157 0.67364871605
158 0.427011391703
159 0.254646385996
160 0.299405076423
161 0.311522879191
162 0.623559219031
163 0.306377349461
164 0.20495801808
165 0.145845277326
166 0.189450447076
167 0.282195351152
168 0.379066882177
169 0.423696600805
170 0.642466309845
171 0.405325895765
172 0.780500807578
173 0.407394484356
174 0.364837395641
175 0.337946341477
176 0.488136723153
177 0.180028386041
178 0.46286548729
179 0.599172397722
180 0.641082911311
181 0.947080494
182 0.899255154949
183 0.79372228585
184 0.943651245002
185 0.667966967143
186 0.806777193546
187 0.72120457658
188 0.637864427434
189 0.652637835339
190 0.610567577842
191 0.713059075647
192 0.663564933292
193 0.720822621114
194 0.612094836344
195 0.627083890039
196 0.699191724138
197 0.966848546547
198 0.842705981196
199 0.537620523691
200 0.913129166716
201 0.783396301621
202 0.833554303486
203 0.68540966239
204 0.817018273487
205 0.922173050257
206 0.86746129314
207 1.06617345067
208 1.00239433286
209 1.01904759374
210 1.19596345182
211 0.49362332825
212 0.792526652565
213 0.878610202792
214 1.0276947711
215 0.872475349273
216 0.702730773238
217 1.04984494276
218 0.889002077688
219 1.0451849423
220 0.83457244668
221 0.654035053852
222 0.995566789757
223 1.06964798469
224 0.935166803475
225 0.951367885503
226 0.819428574377
227 1.18103145194
228 1.04209802383
229 1.18851889947
230 1.28506817382
231 1.18600912622
232 1.17875330818
233 1.27493438372
234 1.49756402112
235 1.37683211879
236 1.2945545404
237 1.28767525956
238 1.47866253445
239 1.42495267157
240 1.61043184007
241 1.32968647077
242 1.26311210081
243 1.28111948589
244 1.1159030392
245 1.31775651828
246 1.31411612708
247 1.15965006375
248 1.63023766483
249 1.63357018886
250 1.71476794847
251 1.90662718383
252 1.66724139814
253 1.86860496521
254 1.85604044214
255 1.96032364898
256 1.88305078716
257 1.88314828193
258 1.86714021961
259 1.91908390171
260 2.05450964591
261 2.16643063912
262 2.26826468428
263 2.25423943417
264 2.24240559985
265 2.23076064745
266 2.14454936178
267 2.00714576753
268 2.08373297564
269 2.13007786968
270 2.05617991059
271 2.13417950252
272 1.98931847395
273 1.87068438022
274 1.78399652196
275 1.94845059071
276 1.84542451144
277 2.30541464161
278 2.06454884942
279 2.51304721424
280 2.43444004742
281 2.49305705097
282 2.26263770708
283 2.17638288639
284 2.15387503276
285 2.08154732058
286 2.38627861931
287 2.1614588324
288 2.5456897812
289 2.78630386949
290 2.59715619095
291 2.77109473056
292 2.74579445976
293 2.55810245864
294 2.7528247271
295 2.57865355794
296 2.76556413236
297 2.82838559593
298 2.51698067942
299 2.96706611896
300 2.87369070226
301 3.12651833562
302 2.87274635433
303 3.16364127051
304 3.07275036494
305 3.46787836765
306 3.08916479071
307 2.9037967776
308 3.09288901162
309 3.28578070334
310 3.54469667255
311 3.44909924412
312 3.75876615988
313 4.05774342634
314 3.73642070041
315 3.58427921685
316 3.81744954494
317 3.86307378862
318 4.2806413582
319 3.61986474956
320 4.27680544005
321 3.95895239484
322 4.30728290173
323 4.77966898118
324 4.5702973831
325 4.43444464993
326 4.42077111621
327 4.33960312852
328 4.48865575414
329 4.80564230367
330 4.69029140204
331 4.70121892726
332 5.38842743817
333 5.09350698522
334 5.6815092424
335 5.51313668287
336 5.30574218098
337 5.18184655371
338 5.20878926551
339 5.42469408707
340 5.13523990402
341 5.00703584302
342 5.7020017189
343 5.92679378842
344 5.60408912912
345 5.44915443155
346 5.60539860793
347 5.78849830813
348 5.53902917762
349 5.66185237121
350 5.30110333003
351 5.64888650931
352 5.82005408974
353 5.50662051489
354 5.73938587851
355 5.62996369842
356 5.91297222984
357 6.50648569783
358 6.25764475082
359 6.51635628614
360 6.21330199847
361 6.33565065675
362 6.49718675023
363 6.71136120752
364 6.07620470908
365 6.02375159534
366 6.31672070625
367 6.6070366488
368 6.1720960505
369 6.30229201262
370 6.15891970563
371 5.92453273979
372 5.55433329947
373 6.25434037147
374 6.14225220207
375 6.04469015844
376 5.7528993648
377 5.69512044559
378 5.73710470769
379 5.9408181153
380 6.1622881609
381 5.95776953877
382 6.11948869157
383 5.80327191817
384 5.75705902119
385 5.73261019696
386 5.52107110919
387 5.30414915986
388 5.47367348631
389 5.60916580766
390 5.75808717651
391 5.69088600649
392 5.54839150696
393 5.79166394516
394 5.82346340889
395 6.00452876247
396 6.28371191871
397 6.07360666648
398 5.88297331702
399 5.73486030721
400 6.23407029269
401 6.16328256975
402 6.29534414411
403 6.2610204534
404 6.34503334677
405 6.44931806241
406 6.59342716389
407 6.67192323592
408 6.54948717825
409 7.06979869656
410 7.20098905611
411 6.95534948249
412 6.96742517758
413 7.28905979748
414 7.50607773577
415 7.19715698776
416 7.07989005401
417 7.33917738448
418 7.22075092915
419 7.35503177064
420 7.25544291974
421 7.65766868699
422 7.54094375247
423 7.00413771589
424 7.49952623776
425 7.13596012558
426 6.75759721095
427 7.05741407108
428 6.60597950969
429 7.04211145328
430 6.93294154893
431 6.80435583442
432 7.36847238308
433 6.86647614644
434 6.70885025448
435 7.3746591865
436 7.28937581024
437 7.32162778594
438 7.21904520359
439 7.45223576274
440 7.65840641358
441 7.82043602863
442 7.92472222702
443 7.40207736588
444 7.24495173355
445 7.68350605752
446 7.83346212595
447 8.17213085988
448 8.1512950238
449 7.99359697406
450 7.73551404347
451 7.99409363172
452 7.94013720569
453 8.13737651799
454 8.14218557661
455 8.37978923178
456 8.28652473942
457 8.10963087938
458 7.62389304891
459 8.12052603403
460 8.46520814385
461 8.47793824226
462 8.57975039661
463 8.57940747312
464 8.3488790774
465 8.55900556748
466 8.527125896
467 8.54524852676
468 8.55709057775
469 8.4256121384
470 8.38327159306
471 8.47607769286
472 8.1571742345
473 8.54055654493
474 8.34460727405
475 8.32630504
476 8.52622489764
477 8.75769472134
478 8.54239069969
479 8.61082029435
480 8.50454287665
481 8.28092274663
482 8.30808736576
483 8.44875339768
484 8.38460969592
485 8.08225311646
486 7.86817373302
487 7.90437136676
488 7.86904628897
489 7.78559274836
490 7.54177941287
491 7.89053179015
492 8.0763702744
493 8.06177388858
494 8.27249388813
495 8.1860261021
496 8.4663758953
497 8.61254085456
498 8.78117985267
499 8.80417685731
500 8.34258014424
501 8.39467781205
502 8.56458947025
503 8.29582829395
504 8.41791532789
505 8.16566892479
506 8.3337596246
507 7.93026490845
508 8.12134152833
509 8.04748685773
510 7.94803907199
511 8.20522539116
512 8.16588967373
513 7.97306024536
514 7.88833155967
515 8.06136041166
516 7.79742701756
517 8.04511274415
518 8.22395877993
519 8.17581844109
520 8.07614411056
521 8.19173613755
522 8.41507873224
523 8.36872886545
524 8.58646535368
525 8.5139652036
526 8.48249709498
527 8.83907025608
528 8.26244996193
529 8.14653642864
530 8.50556156238
531 8.34743967171
532 8.47000433733
533 8.32335811557
534 8.49012191954
535 8.22957757148
536 7.96801612517
537 7.6373622624
538 8.34709186711
539 8.02654842654
540 7.5465178607
541 7.63844369189
542 7.98454544076
543 8.23867340008
544 8.40684320009
545 8.14559210619
546 8.61068918446
547 8.49152096323
548 8.11765736605
549 8.58399616533
550 8.45907183235
551 8.35630201351
552 8.2753224754
553 8.10262755987
554 8.54821078792
555 8.44820898897
556 8.35312713227
557 8.19433810168
558 7.78395174597
559 7.73723570006
560 7.4652781225
561 7.97809862336
562 7.9335046673
563 8.0148734779
564 8.41387865396
565 8.16534506678
566 8.08289061404
567 7.97368605313
568 7.83305473648
569 8.04181070525
570 8.25368701156
571 8.2408444208
572 8.2308042973
573 8.28876925019
574 8.7699534762
575 8.53933521472
576 8.62677508451
577 8.56890596441
578 8.86336155083
579 9.06708164618
580 9.02444188185
581 8.56019317775
582 9.01732696791
583 9.23261435175
584 9.03561295738
585 9.089365633
586 9.39710204739
587 9.08236606581
588 9.13664005462
589 8.95593294919
590 8.6557646876
591 8.66528227173
592 8.34521568651
593 8.55811737627
594 8.31956300305
595 8.46665026743
596 8.04053542999
597 8.56090623984
598 8.50636120663
599 8.0283075942
600 7.79836088617
601 8.41416951508
602 8.4565883833
603 8.3392667223
604 8.36232938304
605 8.50675985983
606 8.36566262392
607 8.44681024149
608 8.76230287347
609 8.33589114076
610 8.77555293673
611 9.11223840584
612 8.38439703886
613 8.56008219291
614 8.52954969418
615 8.31290424473
616 8.05546548718
617 8.42268755039
618 8.6494933673
619 8.50163706812
620 8.40149039798
621 8.72175661012
622 9.06449757142
623 8.18139852608
624 8.26873140938
625 8.90949363138
626 8.27407008017
627 8.5598914985
628 8.49231358183
629 8.56527313989
630 8.64723623226
631 8.62215624372
632 8.78893024279
633 8.90509203245
634 8.85927523532
635 8.82206330906
636 8.58741647356
637 8.87055098284
638 8.72689346255
639 8.77485653331
640 8.91056854238
641 8.75458859342
642 8.9310554816
643 8.93098914636
644 9.19350645887
645 8.64683968889
646 8.86553795874
647 8.69885919561
648 8.35109988407
649 8.67014074389
650 8.83337479731
651 8.83084711994
652 8.77346988639
653 8.70583822031
654 8.65220892948
655 8.46469389814
656 8.29312677458
657 7.99222699777
658 8.11299196763
659 8.55183741251
660 8.41579127084
661 8.48533000593
662 8.37829598537
663 8.55190203589
664 8.32091838559
665 8.32633924238
666 8.56775965258
667 8.31489703182
668 8.43533381982
669 8.49628597152
670 8.74480532232
671 8.68135149264
672 8.60211237931
673 8.55094721543
674 8.27840634703
675 8.30118555175
676 8.43778965928
677 8.54769305893
678 8.05487680736
679 8.57358671063
680 8.74829324531
681 9.17592028724
682 9.22880418141
683 8.97319422788
684 9.06345842458
685 8.79289216126
686 8.95492604027
687 9.05233680564
688 9.06620695165
689 8.78098443875
690 8.76882405045
691 8.92736762459
692 9.22141580058
693 8.77149640095
694 9.09916485493
695 8.83028741764
696 8.9031971336
697 8.88776018604
698 8.45032214176
699 8.86900271627
700 9.17104187094
701 9.09883134243
702 9.37761565399
703 9.17342050737
704 9.2795829506
705 9.37431984193
706 9.31923693971
707 9.30918165168
708 9.29925823754
709 9.5679921351
710 9.61812957556
711 9.45192026374
712 9.27381972186
713 9.41770921742
714 9.55448066308
715 9.65196434811
716 9.65898637656
717 9.87694372981
718 9.83090726272
719 9.72061247827
720 10.0344538299
721 9.85712477165
722 9.84427856387
723 10.0288768454
724 9.87588361324
725 10.1548859642
726 10.0055931787
727 10.0401960232
728 10.2242338422
729 10.1789337606
730 10.1539387283
731 10.1121429089
732 10.0066754292
733 10.2291793409
734 9.99468813822
735 10.1809359184
736 10.3136509593
737 10.3513823867
738 10.1223127752
739 10.4151045893
740 10.1455758886
741 10.3506916058
742 10.1842562652
743 10.2085444251
744 10.1298826118
745 10.2147817758
746 10.500442319
747 10.5432961793
748 9.98142417
749 9.55658765914
750 9.43115527812
751 9.63634031322
752 9.75412842833
753 9.38722945202
754 9.34287884067
755 9.60654870454
756 9.48683441833
757 9.20094734098
758 9.20141366892
759 9.06510357785
760 9.24828722103
761 9.53112881928
762 9.71779738836
763 9.61075737675
764 9.73045454139
765 10.0043581406
766 9.76419465835
767 9.52722055951
768 9.5450176362
769 9.62728657905
770 9.60767629304
771 9.71209923238
772 9.51655852501
773 9.41374691761
774 9.48795637619
775 9.46532372291
776 9.2573284234
777 9.32513747174
778 9.6094514493
779 9.40219799718
780 9.26753918876
781 9.11161080211
782 9.62665380042
783 9.10391924753
784 9.58249425034
785 9.67980602375
786 9.59980401918
787 9.08586628131
788 9.31382120168
789 8.79747369648
790 9.09477925577
791 9.15373584749
792 9.01110129893
793 9.19018997878
794 9.33465864012
795 9.32865443279
796 9.68672218509
797 9.82584561222
798 9.62579901432
799 9.73236249989
800 9.71374720021
801 10.0182724347
802 10.1752054998
803 10.0652343663
804 10.4827009198
805 10.5158403459
806 10.1296731532
807 10.4280709367
808 10.0367900824
809 10.2178321822
810 10.1854999899
811 10.3238194029
812 10.1791877762
813 9.77921574337
814 10.2835573782
815 9.93122776787
816 9.93144571648
817 10.2089787914
818 10.2662325393
819 10.4737172241
820 10.5335905849
821 10.2836742958
822 9.81228582334
823 10.1051934358
824 9.85666099029
825 10.1032716013
826 10.5575221407
827 10.6638018232
828 10.1413245682
829 10.5972432765
830 10.5461729909
831 10.795498235
832 10.7443099348
833 10.5606819126
834 10.8486866689
835 10.2541558273
836 9.85038440309
837 9.72204563264
838 9.92448617164
839 10.2294652464
840 10.0524784687
841 9.83250274149
842 9.99911686807
843 9.7899561842
844 9.93100181052
845 9.9442992023
846 9.77315552384
847 9.5037861273
848 9.39624583538
849 9.50692511568
850 9.44250485227
851 9.17021911529
852 9.53176948604
853 9.61356487388
854 9.61780690797
855 9.23149573291
856 9.66426702256
857 9.78057849396
858 9.74297384346
859 9.9974655009
860 9.44793262109
861 9.7163758503
862 9.93557202641
863 9.74270438902
864 9.78651823179
865 9.96005430856
866 9.87860745177
867 9.75871822101
868 9.48379176854
869 9.74666678499
870 9.8110932044
871 9.88872835245
872 10.1493585763
873 9.3393712488
874 9.5872683624
875 9.54577828645
876 9.67811776165
877 10.0266347001
878 9.85572504685
879 9.97508332676
880 9.75558320924
881 9.58399356406
882 9.69679010804
883 9.59463206605
884 9.96395973739
885 9.53970983765
886 9.51181996076
887 9.38542169042
888 9.3413730944
889 9.46866123375
890 9.15493774448
891 9.54570330481
892 9.6505554198
893 9.56817478851
894 9.38036889066
895 9.50228275045
896 9.11228835963
897 9.05585534101
898 9.40003372064
899 9.0468996347
900 9.17298850105
901 8.8563911329
902 9.04087928576
903 8.92873684638
904 9.27077999592
905 9.2870378192
906 9.30075588022
907 9.36314865607
908 9.21507884175
909 8.858123119
910 9.16620154223
911 8.94407991199
912 9.27747845067
913 9.38822337165
914 9.40470053853
915 8.88498596487
916 9.09635908973
917 9.06672175145
918 8.96477018818
919 8.8567278368
920 9.08508430699
921 8.85432367514
922 8.70612149534
923 8.88504510353
924 8.8200145616
925 8.93484927555
926 9.15361962607
927 9.03793220793
928 9.16631303492
929 9.08585547676
930 9.34788459345
931 9.13611505438
932 9.1337746191
933 9.14712972787
934 9.46514798091
935 9.09106819491
936 9.09136065907
937 9.07685573695
938 8.80659863147
939 8.88888999449
940 8.94022305563
941 9.13710771039
942 8.95709659503
943 9.37584283428
944 9.29987479744
945 9.2105376474
946 9.02800323365
947 8.94531603359
948 9.13050248864
949 9.38359177261
950 8.62236897899
951 8.8390801941
952 8.76996490463
953 9.03046592871
954 8.79078686959
955 8.31331948349
956 8.86399461682
957 9.11916305652
958 9.11914063992
959 8.98610137422
960 9.13964140666
961 8.88684905687
962 8.86136159619
963 8.92047860052
964 8.5755143197
965 8.95988030799
966 8.63143371037
967 8.51656400131
968 9.0120020027
969 8.85382620897
970 9.28906611953
971 8.96373204708
972 8.90597709076
973 9.0719194356
974 8.82908357299
975 9.02575145943
976 9.048572732
977 9.21543157543
978 9.27911605306
979 9.04080259063
980 9.1163693694
981 9.16420982115
982 9.22444668142
983 8.76701122164
984 9.01607096028
985 9.1923131682
986 8.92866599795
987 9.2626727429
988 9.18030113234
989 8.92596857011
990 9.3035732761
991 9.11937242086
992 9.54429797799
993 9.48737460815
994 9.48738654916
995 9.48054052906
996 9.33929003555
997 9.38210288945
998 9.47101357013
999 9.47608406471
