0 0.0
1 0.150592182035
2 0.00852001591771
3 0.115846627105
4 0.0282636365555
5 0.250491132158
6 -0.00535008578403
7 0.256883074063
8 0.122301325238
9 -0.201429771948
10 0.139581947191
11 -0.0234528700643
12 0.071476584114
13 0.0557626869257
14 0.148524864125
15 -0.0174057880736
16 0.0421367731791
17 -0.153281069957
18 -0.123005154256
19 -0.0790347484402
20 -0.0806047551385
21 0.14175915662
22 0.129958268827
23 0.143657584938
24 0.0104821429498
25 -0.0163548197965
26 0.100836425671
27 0.176480787911
28 0.181175672813
29 0.138735986152
30 0.227523392673
31 -0.061367785793
32 0.209778990691
33 -0.0376651106758
34 -0.231150657756
35 0.0936905191612
36 0.0552545587227
37 0.0760741927022
38 -0.192569302724
39 0.123156732092
40 0.101030262005
41 0.198864738147
42 0.145993406984
43 0.276886638945
44 0.433897440173
45 0.169015976143
46 0.394261006974
47 0.163090463357
48 0.210568670484
49 0.361190274896
50 0.124955970557
51 0.413479533846
52 0.184005347139
53 0.0649911864001
54 0.472585967742
55 0.579902381276
56 0.26097139953
57 0.286801836151
58 0.496339944827
59 0.57786818489
60 0.510002198215
61 0.196119212346
62 0.320095915852
63 0.509014224287
64 0.69240139432
65 0.504646976369
66 0.238933033956
67 0.390017713241
68 0.651320895888
69 0.257947391588
70 0.351702683789
71 0.275087055321
72 0.555968181515
73 0.353117240142
74 0.308100198557
75 0.11491321496
76 0.178039942981
77 0.199651396645
78 0.588007497686
79 0.565364725394
80 0.618833068841
81 0.429796283
82 0.773320696204
83 0.419809273096
84 0.466787690297
85 0.389262155653
86 0.56337468581
87 0.287109921961
88 0.523687226059
89 0.374714143313
90 0.58642376634
91 0.419078303377
92 0.502613711347
93 0.444319353123
94 0.617676815385
95 0.381358218448
96 0.38683836163
97 0.281848800518
98 0.398321740837
99 0.458788030929
100 0.242790556503
101 0.309527193936
102 0.364571272883
103 0.237675309026
104 0.26121405097
105 0.448069569307
106 0.318433717298
107 0.322203470706
108 0.455978025182
109 0.446848545268
110 0.485109936532
111 0.294306321871
112 0.457119752205
113 0.234564308601
114 0.29100551806
115 0.215756186032
116 0.313769066899
117 0.477884950325
118 0.306294375395
119 0.434182660334
120 0.278416279867
121 -0.0477907674208
122 0.205806991936
123 0.172438380239
124 0.477084409943
125 0.350029376569
126 0.184717160881
127 0.19952758354
128 0.385320738374
129 0.172160788919
130 0.256357556311
131 0.290558253308
132 0.417471359576
133 0.425732928192
134 0.467983359862
135 0.20133542583
136 0.248384105881
137 0.2851917161
138 0.17379504671
139 0.494844028137
140 0.431173417784
141 0.153562757619
142 0.234932383122
143 0.298088763344
144 0.245135607647
145 0.391734038447
146 0.485005571505
147 0.50132974344
148 0.366366366963
149 0.439160779124
150 0.262186591124
151 0.369791048101
152 0.428064787535
153 0.423166788445
154 0.186680304185
155 0.45231796986
156 0.224050930303
157 0.265935321276
158 0.308870220346
159 0.127986292063
160 0.214540822538
161 0.23143754186
162 0.469098865664
163 0.372492071783
164 0.357536485867
165 0.672407051358
166 0.39435097168
167 0.528207047918
168 0.520483769911
169 0.445890417214
170 0.325791867606
171 0.320338268425
172 0.427143042071
173 0.333538361903
174 0.522316090858
175 0.0896618308915
176 0.444181256977
177 0.545022026293
178 0.622879705705
179 0.931146525141
180 0.487761198239
181 0.52003398576
182 0.491133334348
183 0.523024674214
184 0.490885424415
185 0.379784476904
186 0.508158798495
187 0.331961277593
188 0.245350022053
189 0.293629321712
190 0.164601496578
191 0.370642348723
192 0.404599730632
193 0.325102310474
194 0.186129503691
195 0.603578370779
196 0.541085134953
197 0.415491769213
198 0.305175031809
199 0.560501966361
200 0.101369703667
201 0.432222098976
202 0.463387730844
203 0.652538356898
204 0.245266679452
205 0.473095372261
206 0.457970921202
207 0.0898739761836
208 0.293627805386
209 0.71442553386
210 0.214934346067
211 0.480917211426
212 0.674259585822
213 0.794295229472
214 0.762765485732
215 0.689232943119
216 0.227316554446
217 0.359418395879
218 0.522234806852
219 0.456478425193
220 0.345456055551
221 0.361248974392
222 0.346777490442
223 0.699941807149
224 0.526009851585
225 0.515967906498
226 0.400486517573
227 0.345608073184
228 0.350791151074
229 0.38169230243
230 0.265287532836
231 0.305672796163
232 0.72008915825
233 0.618981875885
234 0.5400852781
235 0.569041966838
236 0.592241772776
237 0.471165398319
238 0.826630158223
239 0.685177031611
240 0.856612004692
241 0.830643623534
242 0.710140834985
243 0.61260780631
244 0.59143297527
245 0.610465022209
246 0.470993452609
247 0.630007934377
248 0.505979122247
249 0.42796095357
250 0.413666654022
251 0.489566499506
252 0.486727624506
253 0.37278961864
254 0.77946543262
255 0.719090136155
256 0.497898116079
257 0.449302761574
258 0.570250829154
259 0.65063071284
260 0.643644936287
261 0.353590738999
262 0.619812794818
263 0.383579530679
264 0.615209460953
265 0.314577743804
266 0.714554345213
267 0.636195535578
268 0.546565688949
269 0.544475245898
270 0.702676036195
271 0.82375518363
272 0.678249435746
273 0.771976816812
274 0.395382814545
275 0.229123452685
276 0.582552796022
277 0.669543010769
278 0.622985883891
279 0.786658625752
280 0.603405018369
281 0.446382226323
282 0.539272043162
283 0.730132942841
284 0.696234871396
285 0.610420648212
286 0.845437019137
287 0.592866451947
288 0.580962192538
289 0.633081158644
290 0.887557829258
291 0.975358679903
292 1.02069355573
293 1.06020081508
294 1.0674550839
295 1.29738548081
296 0.777565016052
297 0.830167489696
298 1.02907448135
299 0.536697621514
300 0.481023848024
301 0.448859769361
302 0.654284362189
303 0.125838927515
304 0.603391722773
305 0.544171496558
306 0.888084192556
307 0.923540780806
308 0.637225186842
309 0.626143499571
310 0.61178244425
311 0.722307046922
312 0.665291857411
313 0.593726014265
314 0.8358039107
315 0.788411429259
316 0.558664157253
317 0.615659061979
318 0.763495862117
319 0.636321514601
320 0.543333764143
321 0.398417736285
322 0.531158459811
323 0.969317515425
324 1.0315388052
325 1.38909585941
326 1.13041540051
327 1.15481387601
328 1.17025252187
329 1.00226792672
330 1.43148404591
331 1.02247187134
332 0.67113179417
333 1.37273041758
334 1.35810088038
335 1.12716556177
336 1.22446966989
337 1.53031222313
338 1.05078769307
339 1.17129516619
340 1.36082967197
341 1.58407320068
342 1.28557254103
343 1.44919044447
344 1.72894474165
345 1.62518505258
346 2.03763380136
347 1.7056978287
348 1.46514635424
349 1.46495978798
350 1.37490305953
351 1.26754700303
352 1.22588633372
353 1.12511788832
354 1.7407563679
355 1.54056092872
356 1.39865465537
357 1.29953968972
358 1.39444648788
359 1.3622900732
360 1.80028511598
361 1.34820887892
362 0.98904345636
363 1.19956421148
364 1.02064518172
365 0.976373594475
366 0.802075900001
367 1.12303955896
368 1.29064880468
369 1.41262959021
370 1.26489827871
371 1.37421829559
372 1.58311939894
373 1.56224526543
374 1.90430256675
375 1.4489460303
376 2.39781263302
377 2.02257162189
378 2.28792772618
379 2.41967056359
380 2.51224272299
381 2.5393166261
382 2.37731329359
383 2.5339758175
384 2.65976616419
385 2.58031113559
386 2.14745438796
387 2.00107600028
388 2.19204015435
389 2.36565398188
390 2.22091104708
391 2.25304548921
392 2.06518020278
393 2.26211333273
394 2.44277614456
395 2.48461750361
396 2.22302440683
397 2.34636684291
398 2.62794117735
399 2.71046797896
400 2.21763558501
401 2.29154082586
402 2.52187853789
403 1.91112482776
404 1.67857703145
405 1.76597317261
406 1.92570710064
407 1.69634792355
408 1.44652555109
409 1.97473281241
410 1.61478297139
411 1.83067363342
412 1.79170211847
413 1.91008841984
414 2.37097525503
415 2.160508613
416 2.12195486682
417 2.63511935012
418 2.32002414499
419 2.57481798006
420 2.21670936821
421 2.02042979668
422 1.98381090244
423 1.90470383414
424 1.86932505308
425 1.87701360435
426 1.7799931552
427 2.21334491423
428 2.50969532714
429 2.7335162818
430 2.42764727935
431 2.28349009079
432 2.37813304418
433 1.94123780068
434 1.87794791968
435 1.95028194469
436 1.97509172417
437 2.15480213594
438 2.06071577144
439 1.75796567653
440 1.76090195496
441 1.93854061365
442 1.89729990337
443 1.94609281091
444 2.23430416543
445 2.24591577281
446 1.93216258075
447 1.99629198812
448 1.86016152222
449 1.58175234196
450 1.80892391009
451 1.38560484369
452 1.63770814423
453 1.51620492731
454 1.50560765468
455 1.2830229336
456 1.28195225939
457 1.56680877192
458 1.81105933157
459 1.35560265538
460 1.3274306074
461 1.42707714498
462 1.52780825119
463 1.4989724059
464 1.38276986727
465 1.41354453153
466 1.58051046554
467 1.61089726516
468 1.91093554245
469 1.98251730299
470 1.81801796232
471 1.5982808439
472 1.3343514815
473 1.3255394028
474 1.54400635964
475 1.98227975183
476 1.81341570656
477 1.31439950554
478 1.31091286253
479 1.84410379051
480 1.71566002744
481 1.71418688013
482 1.93279335473
483 1.96718334059
484 2.06692321844
485 2.50152033005
486 1.88905229879
487 2.18256129521
488 2.20718096485
489 2.11454408809
490 2.07667044043
491 1.37526842274
492 1.26373069685
493 1.44783119915
494 0.969115010458
495 1.01351082364
496 1.40246959928
497 1.16504694771
498 0.942700214872
499 1.55419279979
500 1.40956557711
501 0.8211603937
502 1.46169876097
503 1.46317218774
504 1.2533394802
505 1.08267355128
506 1.19348002091
507 1.48905081186
508 1.05585973533
509 0.893319303053
510 0.794619918032
511 1.37643121254
512 1.12087843331
513 1.1717877254
514 1.57499871627
515 1.51166028541
516 1.17828940477
517 1.19798657769
518 1.79767617677
519 1.41064671717
520 1.65881475675
521 1.54408427845
522 1.47251711946
523 1.80560330441
524 2.0295035962
525 1.92176075477
526 2.29701195602
527 2.37419766473
528 2.05223752835
529 2.3142935418
530 2.09778424761
531 2.0834712323
532 2.00139919561
533 2.46651760209
534 2.62994046171
535 2.80374513525
536 3.10060229606
537 3.11647448609
538 3.15377447952
539 2.16161997641
540 2.01246505722
541 1.94991571194
542 1.95307259333
543 1.2966938999
544 1.16273548708
545 1.62420508893
546 1.81933481611
547 2.07743502297
548 2.01340555137
549 2.36787269209
550 2.16318742943
551 1.71027664407
552 1.40984823258
553 1.53090257287
554 1.63385838217
555 1.30879686167
556 1.72074601739
557 2.02511094956
558 2.08467941157
559 2.11933437223
560 1.92921447875
561 2.3856927692
562 2.53855737196
563 2.10344858664
564 1.65266703388
565 1.94906606801
566 1.70247759882
567 1.56844356828
568 2.1081958963
569 1.93895841584
570 2.23479125935
571 2.19118639548
572 2.18795635026
573 1.71571721269
574 1.88001966984
575 1.83481168176
576 1.64175947738
577 1.82857234697
578 1.38395490046
579 1.56378109692
580 1.66345558094
581 1.54276599815
582 0.944704154464
583 1.51680652798
584 2.15353361332
585 2.25057847784
586 2.07887799666
587 1.59750863767
588 1.53374046808
589 1.48187430378
590 1.06457187896
591 1.29660121663
592 1.74191644322
593 1.9074893471
594 2.19127410176
595 2.21385519099
596 1.91175356638
597 1.77799834848
598 2.57301230483
599 2.46364134804
600 2.64268616007
601 2.49822649918
602 2.66686742016
603 3.16043748061
604 2.95921298984
605 2.70327288257
606 2.76885293696
607 2.23727440134
608 2.32972181954
609 2.22929209657
610 3.00664991181
611 2.99180279023
612 2.40588077086
613 2.57538586925
614 2.42461333407
615 2.6503848543
616 2.52937991137
617 2.6807279344
618 2.61276497077
619 2.82916951278
620 2.69076830451
621 2.8769305399
622 2.72273664063
623 3.0784626029
624 2.90736030149
625 2.60662498729
626 2.70399341011
627 2.4864911943
628 2.59852056068
629 2.46809642578
630 2.69540408671
631 3.19496062072
632 3.19500220788
633 3.07428265175
634 2.6226799651
635 2.34398233581
636 3.171839694
637 3.26363470364
638 3.38485704571
639 3.87893124199
640 3.51986293237
641 3.97492348951
642 3.9604449163
643 3.79073094677
644 3.70901492712
645 4.12473859102
646 4.14371212963
647 4.31958186708
648 4.34452808162
649 4.53596663004
650 4.74189835266
651 3.95142320927
652 4.33274935716
653 4.2628849062
654 4.6042788897
655 4.17168943748
656 4.57782888393
657 4.59130125956
658 4.63695751619
659 4.57660070864
660 4.75079661787
661 4.98340744325
662 4.36003183176
663 5.25065749439
664 5.47662704922
665 4.84789119105
666 4.80709581824
667 4.69682829589
668 4.75005999878
669 4.94958500177
670 5.09958346686
671 4.74690687812
672 4.37431194391
673 4.46446159974
674 3.71150431495
675 3.86426163735
676 3.88331953857
677 3.95244629252
678 3.53141457321
679 3.61615854114
680 3.77394272499
681 3.67472027388
682 2.98473630393
683 3.03234163344
684 3.4042530717
685 3.22549331989
686 3.31437549809
687 3.07441473876
688 3.14325008225
689 3.39105150104
690 3.37109036688
691 3.88522181881
692 3.74812624356
693 4.10809104696
694 3.35275985172
695 3.08282042706
696 3.58375018144
697 3.14784938832
698 3.86926559959
699 4.23904828751
700 4.09830292514
701 4.14109836316
702 4.08550322209
703 3.5579628879
704 3.27393764827
705 3.27545834666
706 3.37876995889
707 3.68887366267
708 3.45478113975
709 3.43811214436
710 3.8521628203
711 3.310469781
712 3.06375168386
713 3.04835567603
714 3.22273418088
715 3.44130347237
716 3.71720868411
717 3.78379845787
718 3.36557235892
719 3.21600387457
720 3.05645023887
721 2.91279511528
722 2.29964036502
723 2.58424573361
724 2.68632980558
725 3.10440800432
726 2.71997569748
727 2.83135211199
728 2.84090063042
729 2.63266699201
730 2.57706484556
731 2.72542841229
732 3.13837974639
733 3.41259675185
734 3.400730836
735 3.19593664479
736 3.2113305357
737 2.71808596022
738 2.86442045128
739 3.21301865249
740 3.14135803901
741 2.51530488765
742 2.88222515789
743 3.21239013191
744 3.26442253947
745 3.65318903167
746 3.75813972645
747 3.9320647892
748 3.54917936577
749 3.45089342618
750 3.31317865327
751 3.14780436187
752 3.92610206362
753 3.78773715655
754 4.02342761693
755 4.51313919022
756 4.59318781818
757 4.64858641776
758 5.01129874554
759 5.29631663333
760 4.76492917288
761 4.82533841904
762 4.73363469593
763 4.66231131529
764 4.85371255806
765 5.32649021343
766 5.66480812521
767 5.43012467466
768 5.55458743046
769 5.73505416034
770 5.60479298478
771 6.04577426022
772 5.63187101119
773 5.7140515473
774 5.50564361428
775 5.27639986672
776 5.94395722329
777 6.29908123438
778 5.85758073022
779 5.80276196096
780 6.23950186736
781 6.13407110486
782 6.08096902896
783 6.1840512239
784 5.9586583821
785 5.94518275344
786 5.9033288006
787 5.32485686022
788 5.79808033525
789 5.73631642758
790 6.23353231909
791 6.17127492988
792 6.10255427312
793 6.52888683686
794 7.10614579346
795 7.33600294132
796 7.07020683186
797 6.7028152606
798 6.21224260436
799 6.08763230496
800 6.04321245141
801 6.38777177566
802 6.39186944804
803 6.36183657014
804 6.69775433336
805 6.47557260229
806 6.64997938897
807 6.74797464355
808 6.70086797863
809 7.05083634094
810 7.26111604935
811 6.99232948107
812 7.05418110028
813 7.17641689333
814 7.14903256985
815 6.73029857183
816 6.96262381365
817 6.63247256221
818 6.45098437265
819 6.34605864557
820 6.46786593695
821 6.25547342327
822 6.27632705915
823 6.94917038143
824 7.23266397975
825 6.55730985756
826 6.27829087675
827 6.39540217871
828 6.55251858949
829 6.52337814284
830 6.98054230464
831 6.97432748969
832 7.03924232192
833 6.93955675885
834 6.82863243941
835 6.22895303237
836 6.93008729124
837 6.50761496734
838 6.17485266359
839 6.06216859181
840 5.84419758407
841 6.26762402652
842 6.74250486505
843 6.11792847794
844 5.68617185375
845 5.12054701425
846 5.71932410611
847 5.8367476117
848 5.96322118702
849 6.34758143418
850 6.88782558822
851 6.81032141216
852 6.65625577186
853 7.13500127535
854 7.48047809241
855 7.80387218383
856 8.29601623628
857 8.58331248804
858 8.21619036121
859 8.79405415827
860 8.89554109373
861 8.90288937486
862 9.01159645317
863 8.71658263055
864 8.35214866568
865 8.5192502492
866 8.79094129975
867 8.03556924095
868 8.79147485729
869 8.30012379423
870 7.72232628258
871 7.46551647263
872 7.76197366264
873 7.7807173172
874 7.59489223802
875 7.80664721171
876 7.71881695914
877 7.80183592261
878 7.21456887761
879 7.33681190932
880 7.26694877384
881 8.07718113144
882 8.11827111916
883 8.59266560838
884 8.31565231034
885 8.14129411947
886 7.82512437653
887 7.80359333014
888 8.01701538573
889 8.02818544867
890 8.12905872487
891 8.38994820338
892 8.84607806688
893 8.47875721875
894 8.77083406819
895 8.42224800975
896 8.90379005786
897 9.41169889038
898 9.05692675704
899 8.90419476376
900 8.46918832977
901 8.89562192303
902 8.70099739704
903 8.920546487
904 9.42218648607
905 9.48402405742
906 9.86839845311
907 10.161333836
908 10.1265687979
909 10.3305703402
910 10.8126911434
911 10.3995553105
912 10.8340700772
913 10.8012798241
914 10.9632537732
915 11.0465167381
916 11.9327732803
917 11.8147885153
918 12.1495008275
919 11.9501032562
920 11.9397553004
921 11.9736333846
922 12.3248198013
923 11.8275361748
924 11.8629398709
925 12.0875177269
926 12.0214704731
927 12.2881271335
928 12.4243935624
929 12.4262989243
930 12.0134851248
931 11.8921360871
932 12.0954587176
933 11.6869984586
934 11.6051610097
935 12.09416422
936 10.9067927689
937 10.1402329396
938 9.92170519634
939 10.1680506829
940 10.1683358447
941 9.77060266067
942 9.84695713336
943 9.63940451835
944 9.60049199821
945 9.71104097436
946 10.1588491074
947 10.4372922674
948 9.80889950186
949 9.89881402489
950 10.2137313289
951 10.0219905966
952 9.5263857074
953 9.87186171262
954 10.1553703701
955 10.6999755381
956 10.0137637403
957 10.3027340378
958 9.75395550312
959 10.3041155304
960 10.5179842402
961 10.0350659272
962 10.3371062795
963 10.334467189
964 10.6322123315
965 10.4952800916
966 10.898501236
967 11.0094880429
968 10.8851577849
969 10.1603772719
970 10.2642511307
971 10.8598445671
972 10.8829906178
973 11.080618922
974 10.7895088557
975 11.4971856001
976 11.5375553852
977 11.3254873724
978 11.1932926742
979 11.5374539721
980 11.0973521032
981 11.193142344
982 11.0592128696
983 11.0660498829
984 10.6914697678
985 11.2133000861
986 11.1277407561
987 11.2377288499
988 10.8717499358
989 10.650968045
990 11.4417842813
991 11.1448540848
992 11.0578114932
993 10.9478134545
994 11.3929469889
995 11.2298756005
996 11.7716643365
997 11.5453216036
998 10.8667440386
999 11.0745008388
