0 0.0
1 -0.169844243235
2 0.140268289064
3 0.105727357694
4 0.0603650028641
5 0.208182652004
6 0.330579543231
7 0.270646543903
8 0.225515828047
9 -0.093727695522
10 -0.00672323400589
11 0.0741817628193
12 0.0937317905598
13 -0.000196943155323
14 0.0552145517224
15 -0.0281215901495
16 0.194969712632
17 0.319109888121
18 0.418403039222
19 0.19965157275
20 0.0376739785749
21 -0.0588186354252
22 0.0353084841359
23 -0.0148146850308
24 -0.0155207285613
25 -0.121386966386
26 -0.0491425471433
27 0.141746296791
28 0.0184097827004
29 0.0724269127274
30 0.110846768851
31 0.166100727665
32 0.348747336357
33 0.30717038071
34 0.272195894887
35 0.231181903103
36 0.208173562702
37 0.0828028791573
38 0.150705873251
39 0.391412716758
40 0.101748080591
41 0.260739343793
42 0.16025270851
43 0.0593418882063
44 0.155575671082
45 0.234488399065
46 0.26722944155
47 0.56086594095
48 0.455967902061
49 0.303645462008
50 0.307811403057
51 0.638066551248
52 0.633546550104
53 0.510182312231
54 0.47210494736
55 0.174289065068
56 -0.0334386719828
57 0.22098434187
58 0.0981810519411
59 0.281991175978
60 0.145574629471
61 0.235050018331
62 0.340840141079
63 0.435878069332
64 0.505984084817
65 0.612872265048
66 0.390258712656
67 0.492708326142
68 0.157822788313
69 0.0797771108355
70 0.376714121347
71 0.301727166163
72 0.439439663624
73 0.363445138493
74 -0.073113496719
75 0.369004573848
76 0.706697768775
77 0.666410030701
78 0.774586430736
79 0.53935936242
80 0.271797882084
81 0.441096376023
82 0.517638837663
83 0.584647534538
84 0.539092315717
85 0.490692842712
86 0.529998677655
87 0.453502737577
88 0.370286484687
89 0.434326139012
90 0.37178471326
91 0.340406473199
92 0.50696560886
93 0.391484289679
94 0.41592674947
95 0.429689199505
96 0.481598335322
97 0.376927286227
98 0.271696346144
99 0.55509286208
100 0.354145729518
101 0.427465443634
102 0.46389077976
103 0.358630033389
104 0.670814770528
105 0.499770689063
106 0.282672349564
107 0.421961975419
108 0.535423667417
109 0.529570033135
110 0.41724975056
111 0.482553656086
112 0.64663518353
113 0.671731459915
114 0.564270027484
115 0.484886673643
116 0.529619177006
117 0.859404522379
118 0.848018223332
119 0.856106774044
120 0.723073942056
121 0.468929465994
122 0.555422257364
123 0.228126617291
124 0.711872939731
125 0.465358912232
126 0.566678006568
127 0.307426011327
128 0.113114949133
129 0.206185029042
130 0.0600801098711
131 -0.043750851852
132 0.402228043417
133 0.112584221436
134 0.0379889341875
135 0.42148832643
136 0.160262681772
137 0.273514366641
138 0.189257185408
139 0.192025019475
140 0.327644073633
141 0.498327278827
142 0.328220672017
143 0.209239142013
144 0.253428139548
145 0.537077179262
146 0.514489400755
147 0.652429148703
148 0.833288163393
149 0.800833550151
150 0.51603522779
151 0.601632094827
152 0.661530231142
153 0.607316317903
154 0.395768130158
155 0.708852572882
156 0.493802764938
157 0.599675929832
158 0.418310517216
159 0.943629716286
160 0.719148224749
161 0.723552032573
162 0.423709425572
163 0.884554796844
164 0.556337179816
165 0.618265478091
166 0.695511647346
167 0.697269664194
168 0.755424835976
169 0.485872934496
170 0.668312819976
171 0.82030217941
172 0.442660671356
173 0.616742709419
174 0.680198606726
175 0.771868260508
176 0.701365874665
177 0.715082272667
178 0.798325146965
179 0.994080928735
180 0.648996910054
181 0.753542674044
182 0.49506377332
183 0.660419449123
184 0.675844451041
185 0.427267508195
186 0.637816000982
187 0.728537370481
188 0.495068781659
189 0.740183671736
190 0.890841374687
191 0.821991874534
192 0.449475531014
193 0.569934944744
194 0.789746072037
195 0.566328857039
196 0.538285242701
197 0.682947570224
198 0.506909465304
199 0.964377826729
200 0.610865764433
201 0.741211818448
202 0.88947255156
203 0.479996812442
204 0.387205943019
205 0.618049546896
206 0.787453237739
207 0.585505052374
208 0.572538059372
209 0.914374113137
210 0.898051832533
211 0.892083476117
212 0.686721587031
213 0.51536591656
214 0.636817168651
215 0.519186662134
216 0.469405854454
217 0.203150648056
218 0.792282776952
219 0.723961102024
220 0.609229619304
221 0.409188099714
222 0.352244719909
223 0.3211495748
224 0.31633473777
225 0.0354033255461
226 0.114231273346
227 0.0762805151342
228 0.137433413519
229 0.46278332658
230 0.37003038938
231 0.177215623617
232 -0.000281947988121
233 0.120350278462
234 0.387553913529
235 0.221986653554
236 0.234590661225
237 0.369968102598
238 0.382034931803
239 0.510360601133
240 0.657164762127
241 0.458964606778
242 0.672067619335
243 0.326552667707
244 0.240555049507
245 0.511656244297
246 0.609538995229
247 0.591985847316
248 0.462745573729
249 0.157101337041
250 0.359496413026
251 0.056855418114
252 0.220167121312
253 0.188153786021
254 0.0710540490482
255 0.427466477051
256 0.448286708215
257 0.294018526404
258 0.511624403681
259 0.153000053798
260 0.296582749418
261 0.124778004667
262 0.448976532956
263 0.156333884388
264 0.358075473525
265 0.285348875778
266 0.722130597749
267 0.664723891641
268 0.546446240019
269 0.562029131861
270 0.417577998233
271 0.725585525714
272 0.884530858166
273 0.80360252436
274 0.48804792313
275 0.769864435633
276 0.907176135674
277 0.670588476977
278 0.866446801709
279 1.00903717237
280 1.06484524329
281 0.891984313138
282 0.877409954178
283 0.990348324109
284 0.892745371446
285 1.03259357978
286 1.00804554594
287 1.02668083174
288 1.40746770499
289 1.6601030811
290 1.18634744033
291 1.37001060888
292 1.18589799909
293 1.25695682525
294 1.86044942227
295 1.57413056592
296 1.67398057399
297 1.72510749594
298 1.42649702138
299 1.54467803749
300 1.44720372765
301 1.43434450313
302 1.21741386052
303 1.28308803649
304 1.18809364795
305 1.61133813373
306 1.93535448107
307 1.62806851022
308 1.53639298846
309 1.83897692642
310 1.69630613452
311 1.92378676864
312 1.80545069501
313 1.70693570064
314 1.46062510863
315 1.66333793501
316 1.45029983689
317 1.46539451509
318 1.40668619689
319 1.68695483284
320 1.73529746297
321 1.86082180282
322 1.80768456763
323 1.1382920617
324 1.58525502526
325 1.49070572371
326 1.7858583514
327 2.21639024623
328 1.95629689849
329 2.23884763326
330 2.52002965702
331 2.44095115871
332 2.58126171756
333 2.24186883815
334 1.87730042702
335 2.31327851725
336 2.06395935765
337 2.19177872473
338 2.58826418095
339 2.74294546979
340 2.75455079111
341 2.66120959371
342 2.37221724919
343 2.64752227499
344 2.58695436658
345 2.61469354992
346 2.53409586162
347 2.49343145762
348 2.5991610512
349 2.59584243504
350 2.70405901015
351 2.27461557891
352 2.8662260912
353 2.90521895199
354 2.84815755175
355 2.69860955745
356 2.94867217844
357 2.8356797244
358 2.97387397356
359 3.26231541182
360 2.99551987877
361 2.80372692141
362 2.93478244722
363 3.08829954997
364 2.81015430626
365 3.12803064789
366 2.78730887395
367 2.76648254885
368 3.03651495444
369 2.86523988822
370 3.36490117005
371 3.13365565971
372 3.0475024402
373 3.03618820095
374 3.37630226885
375 3.53450238404
376 3.26412838201
377 3.58939917153
378 3.34608531385
379 3.38035138861
380 3.28569551235
381 3.19686935666
382 3.16323891508
383 2.59033687275
384 2.66838406697
385 2.97288766137
386 2.87457415978
387 2.50047646648
388 2.4549626056
389 3.04907876513
390 3.22343635185
391 2.91723517672
392 3.01762329066
393 2.99626633348
394 2.48910841488
395 2.82544920499
396 2.99296953897
397 2.92669546676
398 3.06488558702
399 3.11572924073
400 2.69896072486
401 2.88728546095
402 3.42290793703
403 3.18622464002
404 3.16901648645
405 2.92633151986
406 3.18690843061
407 3.18844600691
408 3.19459467061
409 3.3450282721
410 3.23096933075
411 3.20897878807
412 3.12416368475
413 2.98516362587
414 3.38120350589
415 2.49728857145
416 2.94671608765
417 3.17358197003
418 2.86441145051
419 3.08605284261
420 2.99367447526
421 2.9692440544
422 3.15853421467
423 3.17881040352
424 3.07807846353
425 2.76381073189
426 3.22276907216
427 3.53987893216
428 3.66801375208
429 3.4537893568
430 3.04830703747
431 3.72819564416
432 3.59823011183
433 3.0952056535
434 3.11050942245
435 3.6405590387
436 3.82797647161
437 3.69948865679
438 3.69225709693
439 3.71434143351
440 3.34286941536
441 3.61828709335
442 3.47283674061
443 3.46616511734
444 3.70788190217
445 3.47741249323
446 3.6128375687
447 3.65950168092
448 3.54846231401
449 3.71891426541
450 3.8135294147
451 3.4013534108
452 3.76407884407
453 3.6822486719
454 3.59021200611
455 3.7098099031
456 3.69965824305
457 3.75503560263
458 3.85431669433
459 4.13442285176
460 3.56661717665
461 3.64896439338
462 3.46428027129
463 3.31333844212
464 2.98362824995
465 2.83474579036
466 3.24893392139
467 2.79695535216
468 3.41852561526
469 2.87210993457
470 3.38899959016
471 3.42393251786
472 3.44384278408
473 3.86457912558
474 3.61587061796
475 3.912229973
476 3.70162785658
477 3.64966418779
478 3.65143479151
479 3.96233712126
480 3.94223419798
481 4.16506538361
482 3.80355768731
483 4.01912883753
484 3.70924989267
485 3.64314313465
486 3.9604878042
487 3.79790049116
488 3.80570684161
489 3.76084758902
490 3.66576183892
491 4.07450541327
492 3.65092078827
493 3.45257454078
494 3.35833983589
495 3.76306425431
496 3.6700110003
497 3.37759390991
498 3.32007170139
499 3.71288453518
500 3.24303943689
501 3.31006126652
502 3.45042781319
503 3.62686005418
504 3.51861086349
505 3.48537504134
506 2.64117056004
507 3.1503403362
508 3.14583462948
509 2.74211012048
510 3.12880267189
511 2.93107741277
512 3.11569286452
513 3.06092916935
514 2.8509524054
515 2.98079415164
516 2.91502630971
517 3.01846777616
518 3.19286214927
519 2.82769012414
520 2.95685734156
521 3.29249236469
522 2.96499324319
523 3.03675655268
524 2.96609521498
525 3.17540969875
526 2.90732654878
527 2.68983865293
528 2.66385631585
529 2.94301699578
530 3.04103697532
531 2.64060648607
532 2.65049416528
533 3.47626988571
534 2.85409209467
535 2.77464525761
536 3.0936977794
537 3.39997780427
538 3.37086064314
539 3.15673507138
540 2.93039589614
541 2.90309967378
542 2.71194098463
543 2.69397160131
544 3.00085217765
545 3.40422375943
546 3.25090516917
547 3.59024330136
548 3.38768328477
549 3.18295796523
550 3.10952024314
551 3.28371622717
552 3.35095060677
553 3.57541076402
554 3.69300333066
555 2.88873736013
556 3.22714704004
557 3.15184338873
558 3.3929256969
559 4.24040190087
560 3.58841408384
561 3.30944736872
562 3.64508248018
563 3.53114870105
564 3.57898956452
565 3.51240650741
566 3.45988713504
567 3.36599066953
568 3.85557640618
569 3.85988414599
570 3.85822636345
571 3.78246790826
572 3.92288473503
573 3.99647071216
574 4.06211604626
575 4.37141452171
576 4.60867943661
577 4.43658027693
578 4.63220493121
579 4.52812431141
580 4.01518238264
581 4.52823630871
582 4.70439413923
583 4.97277718331
584 4.90918475351
585 4.96707011497
586 4.84628627715
587 5.1122132287
588 5.3387952294
589 5.23810863658
590 4.8860326877
591 4.64381395467
592 4.69215609385
593 5.05198432789
594 4.9145909177
595 4.65697832417
596 4.68430534439
597 4.79138691046
598 5.25476421322
599 5.34755793741
600 5.42975932045
601 5.15231605886
602 5.28481261426
603 5.24904223917
604 5.41908908487
605 5.77343333002
606 6.22757792075
607 6.384227593
608 6.35396891191
609 5.91927146378
610 6.23418123619
611 6.32086436811
612 6.70078440143
613 6.5429694167
614 6.88020094854
615 6.71842046783
616 6.39873746609
617 6.68959166591
618 6.94045459371
619 6.96657122395
620 7.32599581001
621 7.29484387898
622 7.22736368026
623 7.49631136803
624 7.61616729843
625 7.45713050077
626 7.84492270027
627 8.38392992003
628 8.49057710101
629 8.5371128119
630 8.67276621221
631 8.98531295389
632 9.10333504666
633 9.41793457705
634 9.13365260072
635 8.72973970928
636 8.44175154387
637 8.281743566
638 8.1126610784
639 8.29225543107
640 8.42498805796
641 8.58404724586
642 8.40946015713
643 8.82758127253
644 9.20252216162
645 8.77648553068
646 9.08764124255
647 8.65346818722
648 9.2614615652
649 9.10267348184
650 8.97967580402
651 9.1003115262
652 9.1561846367
653 9.15927575481
654 9.26870915745
655 9.28385376447
656 9.57630207352
657 9.5840871752
658 9.85287731818
659 10.504043184
660 9.96735690376
661 9.91443948911
662 9.99128318873
663 10.6447244978
664 10.7438560368
665 10.1310095262
666 10.6784836626
667 10.4195021535
668 11.0797195548
669 10.9225752757
670 11.0582294032
671 10.93524354
672 11.1047763329
673 11.1865263628
674 10.9877035038
675 11.3321161216
676 10.974182508
677 11.3870757473
678 10.8082170037
679 10.405983153
680 10.2270079573
681 10.7358412853
682 10.1960075622
683 10.3751781208
684 10.0122649592
685 10.3935312665
686 10.6974988273
687 10.892784966
688 10.7980550254
689 10.6203394257
690 10.8471799458
691 10.2677625504
692 9.95809052366
693 9.92276714398
694 10.1356514862
695 9.92930140137
696 9.90368398865
697 9.77491464426
698 9.71832793592
699 9.4123767448
700 9.41370436406
701 9.51200362835
702 9.41938384101
703 9.3685119731
704 9.29009305233
705 9.51163808269
706 9.46232798759
707 9.21484343376
708 9.67521296295
709 9.77695471567
710 10.0093289085
711 9.73079536544
712 10.0991364948
713 9.68412360661
714 9.70823901118
715 9.81578270247
716 9.76350082253
717 9.30713328682
718 9.11107702326
719 9.36012119574
720 9.13260107949
721 9.60736991322
722 9.3745135831
723 9.11097863852
724 8.94130720519
725 8.99912489982
726 9.22206861124
727 9.46302471172
728 9.57274702512
729 10.1313567585
730 10.0399992714
731 10.0907923717
732 9.84700295734
733 9.48387863389
734 9.65411473248
735 8.92924432863
736 8.88167840194
737 8.15017358826
738 8.57984204432
739 8.3357872139
740 8.58443651766
741 8.42272180632
742 8.4328466235
743 8.48108552778
744 8.66403967565
745 8.88316525663
746 8.64811490307
747 8.88007284223
748 8.86215785472
749 8.7732573346
750 8.16171265631
751 8.57958244848
752 8.60066130877
753 8.35848287455
754 8.12367689846
755 8.1287419068
756 7.99373613264
757 7.92296101559
758 7.69325808114
759 8.13924634868
760 8.07557707247
761 8.33813855035
762 8.43126805485
763 7.88505940921
764 8.05306948645
765 8.19898503684
766 7.68676473147
767 7.39752146869
768 8.20321253616
769 8.29142897474
770 8.38502032142
771 8.36564368687
772 7.67921555635
773 7.54398975701
774 7.5636462941
775 7.34792753695
776 7.27431608567
777 7.92186855462
778 8.00404223187
779 8.00838830143
780 8.71727066741
781 9.22632636653
782 9.1635717623
783 8.48103181128
784 8.39337022417
785 8.37703326809
786 8.87796901916
787 9.03449581501
788 8.69491949983
789 8.68888572682
790 8.58981895711
791 8.3537791948
792 8.66955682691
793 8.66835192739
794 8.90822012806
795 8.79421009598
796 8.79098418612
797 8.03836572835
798 8.73758285647
799 8.4144370441
800 8.40908772882
801 8.82433921422
802 8.56274519296
803 8.22586383081
804 8.32116305006
805 8.51754759877
806 8.48732805521
807 8.28903760067
808 8.32243278593
809 8.28209351364
810 8.3502864228
811 8.99515207394
812 8.72775246411
813 8.6773929952
814 8.64937764401
815 8.76327705593
816 8.42252757087
817 8.16214778471
818 8.05510865364
819 8.625427639
820 8.49756911046
821 8.88081016436
822 8.64282195309
823 9.02897143588
824 8.38254892657
825 7.90680821247
826 8.28879116852
827 7.81578948749
828 8.17730532135
829 8.96496931227
830 8.50949330406
831 8.69621929131
832 8.78926348822
833 8.67656478214
834 8.56707870974
835 8.90781910807
836 9.32222051509
837 9.15070008097
838 9.32267896202
839 8.74466470594
840 8.85971697072
841 8.73486569348
842 8.8725034956
843 8.66669510086
844 9.12286018191
845 9.22079031899
846 9.05869590912
847 9.75388177946
848 9.80762807574
849 9.66183256841
850 10.1953307826
851 9.51468116602
852 9.61006089605
853 9.50840046905
854 9.21470646219
855 8.95772455166
856 9.0285372998
857 9.36502886359
858 9.52964825693
859 9.22729720839
860 9.32648653461
861 9.35714221922
862 9.46811207071
863 9.67191650042
864 9.71909052581
865 10.0258472414
866 9.93623471574
867 9.46109568085
868 9.39986807195
869 9.26146943298
870 9.25210968154
871 9.94202615382
872 10.3761045935
873 10.2251258303
874 10.2973307025
875 10.6713749892
876 10.411707873
877 10.4396598342
878 10.6831926521
879 10.3246835214
880 9.89859228872
881 10.1109545622
882 10.2450593103
883 10.0047347949
884 9.79451592493
885 10.3358006782
886 9.92465764819
887 10.210323306
888 10.0102077895
889 10.5933390296
890 10.4622906805
891 10.6279749156
892 10.3060739749
893 10.5557121311
894 10.4970606629
895 10.4323082289
896 10.434442083
897 10.4880628611
898 10.6542455
899 10.4110747126
900 10.4207128722
901 10.0806511023
902 10.0412111997
903 10.3793285113
904 10.0279425225
905 10.0269396496
906 10.5474080441
907 10.7232773807
908 10.4568595078
909 10.2019959997
910 10.368851716
911 10.5665236899
912 10.2574411571
913 10.9683631524
914 10.5743536047
915 10.3202311863
916 10.8196693964
917 10.3190146609
918 9.92452253034
919 9.94105908768
920 9.97786367178
921 9.78887128816
922 10.1474377069
923 10.1633212811
924 10.1722155434
925 10.3979893485
926 10.4272506697
927 10.0747343607
928 10.3902635707
929 10.2910683871
930 10.2667945251
931 10.3928628472
932 10.0045704547
933 10.521849084
934 10.608618821
935 10.1905953429
936 9.98831995788
937 9.98423735362
938 10.0363839447
939 10.5753206024
940 10.4830187126
941 10.2558271474
942 10.3760489793
943 10.177065598
944 10.0352424601
945 9.81767970261
946 10.6726421868
947 10.8230684084
948 10.8574524593
949 10.87870869
950 10.6330157313
951 10.6262280958
952 10.7281336104
953 10.0868765903
954 10.1087444182
955 10.1639437173
956 10.4904232672
957 10.2724803632
958 9.64191825021
959 10.0092191637
960 9.89999858281
961 9.97885044407
962 9.27652095965
963 9.45742246001
964 9.53115056047
965 9.9386325421
966 9.82693829076
967 9.61848416011
968 9.89887522035
969 9.88663536286
970 9.81459203861
971 9.83725115588
972 9.72436404925
973 9.93206814051
974 9.88700173107
975 9.93984912991
976 10.1330893155
977 10.0882693844
978 10.2329713381
979 10.3622955656
980 10.3170890257
981 10.3906479186
982 10.5705524497
983 10.3611592686
984 9.86892245494
985 10.0747569223
986 10.193498176
987 10.3456353299
988 10.5666605977
989 10.2870465028
990 10.1986792731
991 10.7571579993
992 11.211309477
993 11.2209042709
994 11.2160948382
995 11.2760558535
996 11.1605026666
997 11.0975795484
998 11.3270848648
999 11.3866167268
