0 0.0
1 -0.187489740275
2 -0.235805302518
3 0.10347051663
4 -0.127419380235
5 0.0676614047045
6 0.176162416684
7 -0.254695475668
8 0.0148781254562
9 -0.0700214471192
10 0.0962649205348
11 -0.00539088478536
12 -0.172302828689
13 0.136002473713
14 -0.0421310311022
15 0.00180859120029
16 0.0295007256993
17 -0.209445599557
18 -0.0463738785926
19 0.167659760998
20 0.00940102310891
21 0.0784723112542
22 -0.0785755181701
23 0.346741412489
24 0.259543382827
25 0.336142484354
26 0.209884582406
27 0.201547168459
28 0.0523267743584
29 0.0166372152271
30 0.267602806471
31 -0.145304305007
32 0.033466586129
33 0.398297519798
34 0.0817743842261
35 0.522534810424
36 0.112017838878
37 0.174061849746
38 -0.0929051576966
39 0.105937506708
40 0.152677071477
41 0.0759993511611
42 0.0150694869986
43 0.160181201116
44 0.212436593154
45 0.268713990438
46 0.343000630749
47 0.168323136079
48 0.0978144691556
49 0.0622832555906
50 0.28695628241
51 -0.0332143266957
52 0.288628819387
53 0.225036478476
54 0.174500232911
55 0.0452483318435
56 0.11257522944
57 0.0482206379679
58 0.258790455886
59 -0.0381886221301
60 0.167655638981
61 0.022499439868
62 0.448919936592
63 0.368336637256
64 0.239922983151
65 0.253530434318
66 0.233062786167
67 0.0966902124097
68 0.0723367205998
69 0.0174809299842
70 0.0911197863998
71 0.186650730385
72 -0.0662879413545
73 0.163894935558
74 -0.0741549089657
75 0.0662896120234
76 0.248183195911
77 0.165726620037
78 0.0690291523693
79 0.229057454768
80 -0.0116384327274
81 0.0938015146739
82 0.404725596369
83 0.141948113043
84 0.144986424274
85 0.115161222324
86 0.133114945841
87 0.528095968054
88 0.170441803482
89 0.0803464152105
90 0.223391055885
91 0.427422959108
92 0.266721326774
93 0.311816661478
94 0.35618164767
95 0.553229322721
96 0.153069085972
97 0.197140858424
98 0.0962518801851
99 0.369640139583
100 0.124025675714
101 0.188215176607
102 0.398800242512
103 0.306960787662
104 0.513720716711
105 0.46546043949
106 0.213976303635
107 0.203222870668
108 -0.243279861931
109 0.0227910691922
110 0.0796780437784
111 0.0786846951719
112 -0.0951095742849
113 0.222334401672
114 0.281063668165
115 0.0367096036935
116 0.0353195959731
117 -0.0110048981332
118 0.389052622349
119 0.418730750797
120 0.131338614791
121 0.0524230344733
122 0.201058231077
123 0.307950536856
124 0.390477263719
125 0.0793629700038
126 0.69513182116
127 0.462492403963
128 0.0627779737073
129 0.417115457692
130 0.345689048427
131 0.0897477110964
132 0.226321239204
133 -0.0150232432085
134 -0.117944129144
135 0.0568992835298
136 0.227557478249
137 0.140678966398
138 0.0332924456615
139 0.149208508648
140 0.164806280831
141 0.27889394505
142 0.242687731569
143 0.0773616393397
144 0.150627405642
145 0.14171063001
146 0.140545736734
147 0.403723883232
148 0.341282552291
149 0.338634232497
150 0.17687492229
151 0.227923687754
152 0.458772049454
153 0.605936984678
154 0.383195863859
155 0.351612950079
156 0.152544417662
157 0.277808312011
158 0.235512075858
159 0.25643531893
160 0.429028343465
161 0.221158900471
162 0.277795412299
163 0.24388201864
164 0.257187115044
165 0.239527249478
166 0.209396377777
167 0.0565197191776
168 0.00808585588428
169 -0.00415807124479
170 0.204671532392
171 0.370329922169
172 0.231386925382
173 0.108595985389
174 0.225526449137
175 -0.00950450715096
176 0.280403756674
177 0.0624212804496
178 -0.0540160972459
179 -0.236374124972
180 0.0163571913619
181 0.185109973276
182 0.0712669603311
183 0.0840794933514
184 0.284363786176
185 0.175087600574
186 0.119666724043
187 0.0422418617142
188 -0.117738619703
189 -0.134529527949
190 0.180853516547
191 0.104386570064
192 0.164341222907
193 0.215076667201
194 0.071199347562
195 0.211639442968
196 0.32120368816
197 0.369294335171
198 0.252325144245
199 0.00748586131226
200 0.318494948207
201 0.146057774432
202 0.224879261212
203 0.416156454416
204 0.287094831204
205 0.209630228743
206 0.358888684752
207 0.246971653623
208 0.231099697803
209 0.233587402721
210 0.174089320497
211 0.322538477859
212 0.216368399708
213 0.263237376389
214 0.153879627302
215 0.16156066977
216 0.170362649033
217 0.523293358814
218 0.139477388286
219 0.198231490283
220 0.0126705970081
221 0.267681088146
222 0.395337803601
223 0.55986564865
224 0.389416458377
225 0.14283349884
226 0.249096737912
227 0.619552875594
228 0.58115939871
229 0.377956262223
230 0.359146098509
231 0.399155244574
232 0.429579296451
233 0.64219322653
234 0.596992176803
235 0.799137741603
236 0.955750885406
237 0.941128974286
238 1.04222485027
239 0.614548761733
240 0.765422338129
241 0.949552347823
242 1.07782177131
243 0.920242572276
244 1.33001479139
245 1.09954124053
246 1.00254863529
247 1.39637523772
248 1.59456783753
249 1.39793618509
250 1.66488010046
251 1.4831844348
252 1.61051165151
253 1.42351246836
254 1.59659300236
255 1.75491657288
256 1.93447112524
257 1.98705897663
258 1.63194909877
259 1.52890140226
260 1.89736098707
261 2.44804507574
262 2.32757920621
263 2.39350210273
264 2.26969468682
265 1.85966158341
266 1.63850254478
267 1.94925243975
268 1.70149845846
269 1.91488384595
270 1.60280235521
271 1.96224115313
272 2.16666002234
273 1.9464687172
274 1.63890169866
275 2.00692880137
276 1.88171583358
277 1.44683268173
278 1.38708662209
279 1.54124798956
280 1.42384921302
281 1.58659164929
282 1.85564412968
283 1.96912456295
284 2.03536986672
285 1.84345031489
286 1.73109567446
287 2.35107667488
288 2.39636427175
289 2.282828752
290 2.02055189338
291 2.28825301913
292 2.23153779609
293 1.85129063907
294 2.16340903912
295 2.03762210691
296 1.76877641855
297 2.15501390006
298 1.95765825136
299 2.22343728555
300 1.72614044092
301 1.98635214022
302 2.13153664883
303 2.57759908323
304 2.42502142209
305 2.45476505621
306 2.4656273447
307 2.34556792153
308 2.11987521695
309 2.27289331769
310 2.13040024853
311 1.85490806676
312 1.58288031914
313 1.89577037952
314 1.82782028156
315 1.57805511503
316 1.72808350725
317 2.03181826893
318 1.43458435342
319 1.41473842058
320 1.9121236452
321 1.74476331006
322 1.86881013297
323 1.40008059945
324 1.57847880838
325 1.74881242448
326 1.57195801459
327 1.46346989379
328 1.83025854055
329 1.69761749717
330 2.46814319072
331 2.36285361176
332 2.70776780631
333 2.64804909827
334 2.75740778438
335 2.74364744977
336 2.5738444461
337 2.36467396304
338 2.56264521518
339 2.46967092185
340 2.18531470195
341 1.82709253956
342 1.85040729306
343 2.05783787716
344 2.26542373123
345 2.30957469967
346 1.89380876906
347 1.85925474232
348 1.49120297408
349 2.06677228952
350 2.34001061377
351 2.52115542531
352 2.46543697932
353 2.2124257595
354 2.13783613292
355 2.20996748681
356 2.33931334364
357 2.77485640654
358 2.44195404533
359 2.53925993328
360 2.47780304216
361 2.24706687704
362 2.56050695794
363 2.39689834437
364 2.18116553279
365 2.44162308981
366 2.07303423488
367 2.64142631298
368 2.22480782023
369 2.70216801464
370 2.32806560065
371 2.27191222816
372 2.50077796582
373 2.33839859686
374 2.24899380992
375 2.37442936499
376 2.19688455593
377 2.20381098808
378 2.17392405704
379 2.09582451553
380 1.96896051826
381 1.97986100305
382 2.55594509852
383 2.13157491465
384 2.49766552351
385 2.7570588064
386 2.53005131976
387 2.92001457694
388 2.50797333837
389 2.72239666621
390 2.52238363235
391 2.10590513528
392 2.54960535973
393 1.96408310457
394 2.35351701864
395 2.44801276409
396 2.49637313432
397 2.68836475359
398 2.8550576689
399 2.7047796168
400 2.6468115254
401 2.60277319595
402 3.20017394813
403 2.81586531861
404 2.40094185833
405 2.37799354143
406 2.87251415699
407 2.74257819451
408 2.85852317042
409 2.49618530379
410 2.92218043692
411 2.72229400025
412 2.49028577218
413 2.36974710363
414 2.19287728968
415 2.13763838256
416 2.08472725905
417 2.17599204342
418 2.28916465558
419 2.3509789658
420 2.6038884451
421 2.45081430978
422 2.24771526947
423 1.84127807378
424 2.07445565154
425 1.96769314284
426 2.2437208756
427 1.87469355047
428 2.02315370914
429 2.42337456325
430 1.76105015025
431 1.94460203634
432 2.33088774142
433 2.29733276836
434 2.60201412213
435 2.5419885001
436 2.60640898033
437 2.53067639964
438 2.60199119444
439 2.7286672831
440 2.99169501582
441 3.11449300084
442 2.95300437954
443 3.36785847605
444 3.33988753433
445 3.38050756412
446 3.72941307296
447 3.83709160929
448 3.73607603442
449 3.70683308146
450 4.04385948228
451 3.87257496852
452 4.1148208502
453 4.27892176344
454 4.36493567765
455 3.85095930718
456 4.38017994396
457 4.80303670995
458 4.31000653691
459 4.29262316243
460 4.3833067034
461 4.29311138196
462 4.42065024002
463 4.4696937288
464 4.98137563216
465 4.54840516062
466 4.78033755942
467 4.77692641112
468 4.66476201206
469 4.98130544177
470 5.28316019279
471 5.37628578469
472 4.9142156134
473 4.70283049042
474 4.96674340719
475 4.76628989172
476 4.96171442626
477 4.91576934817
478 4.83619272742
479 5.02951736567
480 4.62215368831
481 4.72348699734
482 5.12263209488
483 4.75504389818
484 4.41485903877
485 4.58655735946
486 4.40235720509
487 3.80254322344
488 4.23289010392
489 4.11980019094
490 4.20105907902
491 4.2356913051
492 4.4005378118
493 4.1098419105
494 4.1300597399
495 3.92353140581
496 4.194864881
497 4.36191232642
498 4.14137279913
499 3.83134172622
500 4.04108363949
501 4.04271082455
502 3.8947323149
503 4.06101985292
504 4.32854594109
505 4.42609654297
506 3.98868691712
507 3.82355826554
508 3.79546990283
509 4.38093828368
510 3.95897961653
511 3.83583405025
512 3.77216824238
513 3.85313954396
514 3.62782902029
515 3.74950712718
516 3.65819713077
517 3.66023881485
518 3.9390346336
519 3.82519947208
520 4.2226552201
521 4.46156694505
522 4.8990571918
523 4.23071748223
524 4.24977552135
525 4.43014148512
526 4.36928275048
527 4.30110605831
528 4.1299793209
529 4.3371919384
530 4.43957204031
531 4.89775226251
532 5.08802635614
533 5.53367403131
534 5.26878012004
535 5.090847889
536 5.35749315555
537 4.99235935534
538 5.14030377412
539 5.22535890291
540 5.06502035098
541 5.13797615212
542 4.98353319127
543 5.51981786263
544 5.37453816058
545 5.56632824731
546 5.29002455957
547 5.7235163964
548 5.77675505539
549 5.91169872381
550 6.15748548552
551 6.07011786373
552 5.57958067434
553 5.82487159767
554 5.72096437174
555 5.85347955286
556 6.05388692164
557 5.58434115845
558 5.50809420611
559 5.93026257032
560 5.85696306571
561 5.49681471515
562 5.30175149544
563 5.41745667517
564 5.35532302724
565 5.41707958028
566 5.61678276986
567 5.30608853672
568 5.38877297546
569 5.3833946944
570 4.998827576
571 5.60063321963
572 4.86792383936
573 5.15471570405
574 4.95658651603
575 5.40335906943
576 5.28530548203
577 5.27798310747
578 5.22463344261
579 5.2876210842
580 5.38493478103
581 5.23630031014
582 5.23780661807
583 5.28758982345
584 5.39635459466
585 5.69594824462
586 5.68855399988
587 5.61640782825
588 5.77205920985
589 5.63322115745
590 5.90287999097
591 5.72148316108
592 6.12968429074
593 5.58919660212
594 6.18552596312
595 5.97291428309
596 5.73750111098
597 5.80635549872
598 5.71916705384
599 5.85359668798
600 6.30794085886
601 6.38599864765
602 6.43580045017
603 6.3695156987
604 6.4012634717
605 6.55187526448
606 6.10650980795
607 6.06665205318
608 6.35544096267
609 6.01914859961
610 5.80489189336
611 5.27651750001
612 5.68234294577
613 5.82480671738
614 5.68684820611
615 5.75941606557
616 5.9257495637
617 6.27499894226
618 6.16191352113
619 6.13892982796
620 6.14560762758
621 5.95099806055
622 6.33855974919
623 5.97376433847
624 6.27858686126
625 6.0458156484
626 5.93214228525
627 5.64075578885
628 5.75597058713
629 5.5965507002
630 5.68834814108
631 6.00157963062
632 6.35758258572
633 6.34777126346
634 6.06044737984
635 6.21606966968
636 6.72921512179
637 6.35024904419
638 6.16672108503
639 6.22333380271
640 6.31916341745
641 5.78117608083
642 6.34937193277
643 5.98530411526
644 6.16898582266
645 6.65248547908
646 6.28100722729
647 6.33798115077
648 6.19685233433
649 6.11922005952
650 6.7799424039
651 6.45084405955
652 6.61400339026
653 6.63681003242
654 6.80647844592
655 6.58096425761
656 6.36028880187
657 6.29439471371
658 6.69677305869
659 6.85218258306
660 6.79720393268
661 6.07582827237
662 6.30145080006
663 6.2259044949
664 6.0643960564
665 6.15277960078
666 6.40181621392
667 6.5354427587
668 6.1629404096
669 5.99016793039
670 5.81057039428
671 6.45164929759
672 5.9624971676
673 6.18699835237
674 6.29293556466
675 6.10534351559
676 6.34417714147
677 6.36054815993
678 6.52386213555
679 6.46504505823
680 6.48999566326
681 6.70641780014
682 6.39246939488
683 6.40168605523
684 6.32364511946
685 6.07825405711
686 6.45701151711
687 6.19308668307
688 6.46331013794
689 6.03980658329
690 5.81966297865
691 5.78415103987
692 6.04680934052
693 6.13001533916
694 6.31309220317
695 6.29677318855
696 6.4076650923
697 6.43779216204
698 6.48747134597
699 6.94283571
700 6.68438716172
701 6.13774390575
702 6.55283187447
703 7.29964891531
704 7.24034974742
705 7.27907749563
706 6.65748876671
707 6.66445484531
708 6.41992868032
709 6.84255245517
710 6.77577924416
711 6.13878655678
712 6.52565014958
713 6.29366677336
714 5.841306389
715 5.98722411361
716 6.10214033951
717 6.21409604317
718 6.21921933401
719 6.40334864228
720 5.94591043683
721 6.13276293273
722 6.59237245095
723 5.86739290667
724 6.20232697213
725 6.65626233132
726 6.59767198279
727 6.74978612763
728 6.70144577402
729 6.60882042039
730 6.6109277592
731 6.88859860953
732 6.44387780052
733 6.89050332555
734 6.55419953529
735 6.24852177561
736 6.55649416318
737 6.45520825481
738 6.83929576003
739 7.06744539307
740 7.06949900335
741 6.88859151235
742 6.89472495442
743 7.12747984962
744 7.08618679342
745 7.45773162434
746 8.26942720135
747 7.85920435715
748 8.07706861399
749 7.93370458516
750 7.83423629685
751 7.38454318977
752 7.49622992457
753 7.95237036729
754 7.53690407049
755 7.97790060028
756 8.04750474878
757 8.35195641434
758 7.98217764688
759 8.26566982022
760 8.31638363689
761 8.08762018538
762 7.91943007423
763 7.90361166826
764 7.93883750759
765 7.87220480189
766 7.79619350472
767 7.50476810481
768 7.31847388927
769 7.48408354812
770 8.2330552084
771 8.24405784312
772 7.78048677029
773 7.84335504854
774 8.3777908244
775 8.63717868969
776 8.9176547521
777 8.57775738439
778 7.8122453861
779 8.46056408819
780 8.34811760093
781 8.08418135321
782 8.09489099545
783 8.30039434319
784 8.38434099163
785 8.45427180793
786 8.43480506967
787 8.08927697942
788 7.59702329868
789 7.45660855719
790 7.1409195098
791 6.93295014209
792 7.02977640766
793 6.42692124497
794 6.37554487315
795 6.37418714168
796 5.96411638561
797 6.48857678795
798 6.7976881129
799 6.22976802511
800 6.39457855867
801 6.5215235611
802 6.27306495845
803 5.72885846812
804 5.79269896895
805 5.74671328394
806 6.40270866124
807 6.62877915698
808 6.72844059929
809 6.5074048045
810 6.76870451865
811 6.54902233635
812 7.13855811376
813 7.67373560753
814 7.68674099077
815 8.00429122999
816 7.10637835542
817 6.69562054596
818 6.44687865494
819 6.36115787347
820 6.16287112614
821 6.1176973641
822 6.23464748866
823 6.39672970697
824 6.12767934325
825 6.42787429048
826 6.07957913095
827 5.88689355099
828 6.21425551988
829 6.01285620152
830 5.7953024452
831 6.30847012198
832 6.22232733268
833 6.05549996586
834 5.64300791464
835 5.49746125601
836 5.72401504643
837 5.86453213613
838 5.31889550384
839 5.41865544905
840 5.43562280042
841 5.1771457321
842 5.47382091798
843 5.4284693219
844 5.70422755257
845 5.90519406429
846 6.00770266535
847 5.58043893573
848 5.39617533274
849 5.94939852314
850 5.15980708248
851 5.62651805961
852 5.56218407301
853 4.91796733202
854 5.17319374301
855 5.38665669199
856 5.46874414009
857 5.57512465249
858 5.46302852472
859 5.34493033423
860 5.29758677783
861 5.28559450203
862 5.07084396859
863 4.9843467744
864 4.86316973516
865 5.51427906511
866 5.11604639205
867 4.92441268185
868 5.22204369667
869 5.28010685998
870 5.46845495188
871 4.95745245633
872 5.20708700697
873 5.24048012893
874 5.1204439401
875 5.4115929228
876 5.59690600832
877 5.41819368345
878 5.30286751497
879 5.72493204684
880 5.56816704803
881 5.33583541005
882 5.63498776222
883 4.84330569578
884 5.50866927397
885 5.15764453499
886 5.26472422095
887 5.92527757131
888 6.15272982901
889 5.5848179896
890 6.05914839836
891 5.33135500922
892 4.92542647047
893 5.63499013481
894 5.39026455881
895 5.60912630213
896 5.91656339568
897 6.03210781627
898 6.02358523369
899 5.79141877333
900 5.51939055066
901 5.28375533457
902 5.3901667002
903 5.61687471587
904 5.7491813148
905 5.82531949059
906 6.00900858475
907 5.97955963892
908 6.10527772169
909 6.26451781773
910 5.97149196394
911 6.21315396529
912 5.94166035556
913 6.51532037467
914 5.84696894629
915 5.7165656442
916 6.03950282554
917 6.05685784586
918 5.93995268572
919 6.2456691554
920 6.13894259576
921 6.17218366143
922 5.96483177879
923 5.65045810259
924 5.47139956867
925 5.88175700847
926 5.97471628151
927 5.42440681553
928 6.02150646596
929 5.84091940801
930 6.41686226356
931 6.61096449729
932 6.56328788031
933 6.4067900302
934 6.44044953138
935 6.16289510347
936 6.43271231855
937 6.38792046957
938 6.67269874975
939 6.82986229228
940 6.5027257859
941 6.43697928987
942 6.42110039014
943 7.11563801533
944 6.53819272451
945 6.22312864791
946 6.58521374942
947 6.24373851477
948 5.91667548934
949 6.11201828734
950 5.86766919992
951 6.4229006365
952 6.52918601876
953 6.75946482279
954 6.74584105412
955 6.89838040389
956 6.56943315066
957 7.05074847485
958 6.78119081135
959 6.74309885086
960 7.06024413348
961 7.19807965367
962 7.0817898734
963 7.67802409136
964 7.60778386995
965 7.39286246196
966 7.52384571927
967 7.9693108096
968 8.03005483014
969 8.02364404386
970 7.78556004039
971 7.76613517363
972 8.02741517573
973 7.61642434692
974 7.9635062609
975 8.03238712598
976 8.3971499264
977 7.99339263734
978 8.15349400861
979 8.21995114194
980 8.55073790559
981 8.32204283511
982 8.17630948988
983 7.96799637911
984 8.19223655419
985 8.51430550929
986 8.64662377319
987 8.49871236139
988 8.39013656784
989 8.39594437867
990 8.3657184304
991 8.29503054707
992 8.71344310256
993 8.59423702838
994 8.28055444782
995 8.59880499788
996 8.89235532977
997 9.0175471909
998 9.1719073541
999 9.21322448155
