0 0.0
1 0.198419412687
2 0.187981026468
3 0.627269651419
4 0.522117175126
5 0.418986436522
6 0.345486974264
7 0.509435277201
8 0.502785522301
9 0.209960575144
10 0.434957508951
11 0.467756856953
12 0.233690056871
13 0.50563391783
14 0.175406059577
15 0.296548485976
16 0.192085194804
17 0.361113395802
18 0.29150242925
19 0.341873702492
20 0.440333236612
21 0.367452118436
22 0.415540365271
23 0.235570197725
24 0.458587861926
25 0.35071714734
26 0.177173580906
27 0.525214830541
28 0.424692714423
29 0.334590735548
30 0.127922142307
31 0.294123380289
32 0.294006719847
33 0.547773968946
34 0.379079981732
35 0.220937819044
36 0.151154116571
37 0.0959136178116
38 0.0317554417954
39 0.305010947507
40 0.0959449796887
41 0.261026028942
42 0.133490064167
43 0.27293705762
44 0.208967922589
45 0.163340843581
46 0.272894019168
47 0.574140407432
48 0.531240231563
49 0.513324692336
50 0.592953514146
51 0.254569064366
52 0.377899843203
53 0.515100267871
54 0.299114304273
55 0.503347888202
56 0.305785705161
57 0.443862480668
58 0.349616886553
59 0.526849936528
60 0.195491488656
61 0.38198235925
62 0.248761201426
63 0.695239055661
64 0.676811790786
65 0.263767247465
66 0.674582551584
67 0.460970679588
68 0.325828397053
69 0.506298901265
70 0.212943648198
71 0.358170274937
72 0.28339291772
73 -0.0608217923729
74 0.419682850443
75 0.180993966273
76 0.189313573398
77 0.0664172890528
78 0.34480937332
79 0.258928266566
80 0.243302883197
81 0.104875536693
82 0.247919918734
83 0.244139769155
84 0.256044343398
85 0.452710528335
86 0.340767261294
87 0.392943376915
88 0.470820304344
89 0.457468588094
90 0.526534572583
91 0.443228915024
92 0.442041928813
93 0.524903663174
94 0.457116748697
95 0.12914344587
96 0.265302331137
97 0.380839574004
98 0.429569303102
99 0.395192290936
100 0.300425605772
101 0.364294650948
102 0.321663166126
103 0.342238477797
104 0.593848597304
105 0.417353529639
106 0.262070977825
107 0.547595999299
108 0.609293144164
109 0.537331878961
110 0.348654240339
111 0.268926490938
112 0.0703395739153
113 0.193861685439
114 0.553990213015
115 0.400878655542
116 0.552845562553
117 0.34564362419
118 0.718175055858
119 0.395488580646
120 0.422064952261
121 0.611944759815
122 0.568900065111
123 0.550264644386
124 0.635809013806
125 0.622935204857
126 0.46764703825
127 0.459153637194
128 0.673140198709
129 0.581701494876
130 0.311198377112
131 0.561081457547
132 0.704681902265
133 0.812122753173
134 0.595378673741
135 0.520793806413
136 0.301278597858
137 0.190575998798
138 0.544540799176
139 0.427586890957
140 0.451573785381
141 0.464258375144
142 0.645151417191
143 0.136688847009
144 0.351162392726
145 0.499788012805
146 0.617730190077
147 0.395710152961
148 0.527426552521
149 0.410201466248
150 0.233395027403
151 0.381967081406
152 0.512767569649
153 0.225687562021
154 0.529426624189
155 0.622140117437
156 0.787353237497
157 0.473809841508
158 0.473615015593
159 0.521501367688
160 0.819456889235
161 0.517923356858
162 0.673130570884
163 0.730544679059
164 0.517075953384
165 0.52601569041
166 0.312708511866
167 0.526484912366
168 0.279772079305
169 0.424150638737
170 0.483574414975
171 0.729939864209
172 0.455658365775
173 0.336549525479
174 0.543103305904
175 0.0593782401921
176 0.400279904119
177 0.433080583161
178 0.641536862455
179 0.380746914043
180 0.477416005365
181 0.41041086008
182 0.59587556047
183 0.591024429855
184 0.455930737547
185 0.65297575826
186 1.02614902192
187 0.98955283477
188 1.03839814406
189 0.824075997512
190 1.0886768623
191 0.910160783159
192 1.1672424253
193 0.910316059869
194 1.02522292933
195 0.634149916179
196 0.886214969585
197 0.622446028342
198 1.0563878739
199 0.929837791968
200 0.635251708156
201 0.804537449006
202 0.826557594683
203 1.03045274637
204 0.745673362945
205 0.800419529674
206 0.966575046473
207 0.989679311685
208 0.970211289709
209 0.868280314556
210 0.902965259968
211 1.12209369732
212 1.0401423523
213 1.29072034466
214 1.0008498019
215 1.17473600018
216 1.12956409072
217 1.10205199545
218 0.884816544196
219 1.11012920537
220 1.02645597511
221 1.17972552777
222 1.27275325752
223 1.1367350483
224 1.30048164852
225 1.29727334057
226 1.44816737686
227 1.29669848865
228 1.22691553244
229 1.16631303068
230 1.06864775969
231 1.10076433899
232 0.934850002606
233 1.20001179569
234 1.08679297575
235 1.28171297064
236 1.23250539927
237 1.09397519831
238 1.31308286372
239 1.11943109832
240 1.2291237747
241 1.27798331318
242 1.29632665274
243 1.03860107915
244 1.21297461656
245 1.1895701605
246 1.36827858948
247 1.063853137
248 1.11811823003
249 1.14123931463
250 1.21724722569
251 1.0981986519
252 1.11709161312
253 1.10185991318
254 1.09855879539
255 1.44026932366
256 1.05793360178
257 1.17098179052
258 1.57758985118
259 1.25397538819
260 1.27695800354
261 1.20262838946
262 1.31990901434
263 1.16233413849
264 1.54234202624
265 1.11073156527
266 0.989822299776
267 1.26307500905
268 1.30059387007
269 1.10844166586
270 1.35461265415
271 1.31964223951
272 1.39592743538
273 1.31404087976
274 1.0846690554
275 1.49637538604
276 1.16656067916
277 1.29994648342
278 1.1070363879
279 1.37161679046
280 1.29871934386
281 1.28514284594
282 1.2481339358
283 1.40128031238
284 1.24778960728
285 1.45032311836
286 1.80952871526
287 2.08091712052
288 1.43631533382
289 1.66967269613
290 2.02232435772
291 1.73699013203
292 1.67013398465
293 1.44636986438
294 1.61100760495
295 1.56792596193
296 1.56291483839
297 1.52955812413
298 2.24251131462
299 2.02200445861
300 1.77780248062
301 1.57406993527
302 1.64125809453
303 1.62242473875
304 1.58142432597
305 2.13395388295
306 2.35935747858
307 2.15379604814
308 2.31913375284
309 2.22291055806
310 2.20121600615
311 2.61081986039
312 2.19852314282
313 2.06863617973
314 1.69098098044
315 1.8104184801
316 1.95153645796
317 1.97763792037
318 1.98423416593
319 1.87363763283
320 2.00463550093
321 1.88376514273
322 1.90983350032
323 1.82102120468
324 2.25224993696
325 2.38427815532
326 2.29729163591
327 2.20230183976
328 2.04209574385
329 2.18626921517
330 2.10332153376
331 2.43919296801
332 2.35813710872
333 2.13424688186
334 2.26978397648
335 2.07236691281
336 2.47639393172
337 2.6518963557
338 2.53191477094
339 2.38690899866
340 2.39386348944
341 1.67694298474
342 1.80419149015
343 2.11926204328
344 2.11702425357
345 1.63523226083
346 2.0949160711
347 2.48554476925
348 2.38775496105
349 2.52573277682
350 2.18789474445
351 1.76891482982
352 2.6118284371
353 2.87093170104
354 2.79943748433
355 3.4734871901
356 3.21555383947
357 3.44260235348
358 3.11410058848
359 3.47379342131
360 3.19099558005
361 2.97925999774
362 3.14893175089
363 2.85538989185
364 2.96961616284
365 2.92140666349
366 2.58650398051
367 2.50328850267
368 2.9090067194
369 3.25792276329
370 2.93497765819
371 3.27114156273
372 2.98652655428
373 3.48254681345
374 3.72274969351
375 3.46608036583
376 3.38580050781
377 3.17039253266
378 3.11433617854
379 3.27693605729
380 3.90791367156
381 3.71550515739
382 3.40522298221
383 3.58986611345
384 3.64082250157
385 3.4945311305
386 3.47525746778
387 3.36585744702
388 3.8922892858
389 3.96805849431
390 3.66816552345
391 3.59268604249
392 3.79218871429
393 3.65808442413
394 3.67303411475
395 4.28016966573
396 4.30983939342
397 4.58311412065
398 4.42984155209
399 4.63927998181
400 4.59064265795
401 5.01703610602
402 5.14065147208
403 5.364708496
404 5.612145193
405 5.46523810023
406 5.43103807198
407 5.14768696995
408 5.02142418986
409 4.51311400724
410 4.32082307641
411 4.42245960618
412 4.860603537
413 4.62562484107
414 4.79293809111
415 4.70877240715
416 4.86335045659
417 4.64687305182
418 4.92222717654
419 4.96845201087
420 5.04960724374
421 4.53353261575
422 4.59618852879
423 4.90648570056
424 4.81536157353
425 4.38887784001
426 4.41606868383
427 4.4990383463
428 3.9073538271
429 4.12231652349
430 4.17731911484
431 4.08920616547
432 4.43447799279
433 4.04020657599
434 3.97618665892
435 4.00016286524
436 3.59646566512
437 3.40034362028
438 3.8678393617
439 3.7475846177
440 3.67674676092
441 3.44774022584
442 3.4270338762
443 3.37662726487
444 3.42929623638
445 3.69589543594
446 3.76969820262
447 3.29280280775
448 3.75827781059
449 3.97777226561
450 3.84130406805
451 3.22129952928
452 3.56436164872
453 3.20025059172
454 3.48671629956
455 3.58245400121
456 3.31348447143
457 3.8454285721
458 3.86541458821
459 3.86749242544
460 4.58178064805
461 5.0279875968
462 4.59861138675
463 4.46642355586
464 4.79939669604
465 4.64295753366
466 4.58195813761
467 5.04099503256
468 4.78934708829
469 4.79164263334
470 4.93447619805
471 4.72818290282
472 4.63574656768
473 4.83714084641
474 5.46073319985
475 5.31997317142
476 5.13847395175
477 4.89670696943
478 5.21927836953
479 5.09755316845
480 5.38652232834
481 5.17807252446
482 5.76887242471
483 5.55778982141
484 5.53252661583
485 5.50719316873
486 5.23057593167
487 5.47517664474
488 5.50400747693
489 5.83123661949
490 5.51578270362
491 4.87005154545
492 5.10286081915
493 5.29837799639
494 5.73506837207
495 5.77262814269
496 5.76603299128
497 6.08337994056
498 6.04507538308
499 6.0542232834
500 6.46261748489
501 6.50657497293
502 6.53651517517
503 6.64787935557
504 7.16014838412
505 7.15669443498
506 6.37212526284
507 6.10431967427
508 6.23359651383
509 6.26840733417
510 6.15408852248
511 5.78621029071
512 6.01452356931
513 6.47624998306
514 6.32101569039
515 6.54335349511
516 6.92165877977
517 6.50788734071
518 7.47574181203
519 7.03122616557
520 7.49547631827
521 7.30099118216
522 7.48178342339
523 7.7457060101
524 7.51980824388
525 7.14224286139
526 7.05210519492
527 6.87942191672
528 6.71294615521
529 6.88832163643
530 7.01944469714
531 6.58291350537
532 6.67523034522
533 7.19831344113
534 6.86854045283
535 6.81973654197
536 6.43594912086
537 6.04105267843
538 6.20620647809
539 5.44132656884
540 5.21373950986
541 5.10316846743
542 5.71683856108
543 5.8312694513
544 5.74764679764
545 5.61383232733
546 5.72725062129
547 5.45373052034
548 5.60570570377
549 5.42238408428
550 5.20669445074
551 4.97321118375
552 5.31510728214
553 5.52127864161
554 5.30624588903
555 5.310056369
556 5.27265005125
557 4.94654446428
558 5.05682841757
559 5.05373785142
560 5.09029298854
561 4.70893438416
562 4.89567752132
563 4.85209865693
564 5.10075678187
565 4.82931277497
566 5.28009849138
567 5.49352599706
568 5.20145016899
569 5.00176537807
570 5.11857769063
571 5.64774187013
572 5.23384809199
573 5.63581529362
574 5.41190504581
575 5.31815903584
576 5.21726511076
577 5.28023180475
578 5.38132529481
579 5.67662250474
580 5.87056999697
581 5.97232099106
582 5.43219439626
583 5.41848062461
584 5.94800465872
585 5.92664047714
586 5.28680885412
587 5.20122825084
588 5.15945579027
589 4.81458925989
590 4.96302924798
591 5.31086068453
592 5.13007587877
593 5.37192907184
594 5.89608905218
595 5.2508811878
596 5.08630395201
597 5.14239947077
598 5.70146573884
599 6.02982226507
600 6.11081642207
601 5.70893874538
602 5.45874173798
603 5.46736898038
604 5.46507917391
605 5.8963156687
606 6.45316463784
607 6.11104006145
608 6.07557785813
609 6.06879949537
610 6.27125574443
611 6.26960766359
612 6.12995335602
613 6.17278283354
614 6.25036176423
615 6.29836032771
616 6.22887184158
617 6.22209377707
618 5.74793451248
619 6.1648684283
620 6.12243204052
621 6.21378886006
622 6.28520303052
623 5.66601323259
624 6.11119109576
625 5.69207026861
626 5.44802205743
627 5.16234549407
628 5.16410043332
629 4.84845018717
630 4.8592868076
631 5.1177718638
632 5.180109618
633 5.69663497644
634 5.53058171178
635 5.26050563952
636 5.52736090138
637 5.22869328411
638 5.45838212285
639 5.2992894003
640 4.90110286404
641 4.89724845379
642 4.94804800528
643 5.60316149677
644 5.1945992471
645 5.04411159581
646 4.9492881376
647 4.88577980657
648 4.99054138887
649 5.01157336593
650 5.00573646206
651 5.51691175581
652 4.91971730795
653 5.46006470094
654 5.06732336195
655 4.84161823576
656 5.20998040271
657 5.40152966984
658 5.37495979087
659 5.19989809036
660 4.81885386175
661 4.82831039302
662 4.36229868991
663 4.28763968354
664 4.31950911253
665 4.28765860342
666 4.29862634339
667 4.5766270481
668 4.47647721199
669 4.78575099537
670 5.2175346284
671 5.16887716078
672 4.91053516876
673 4.5030947646
674 4.86223346024
675 5.56141268309
676 5.12581570086
677 4.48734230735
678 4.75722215443
679 4.32422893587
680 4.72817449271
681 4.29428629997
682 4.73855319717
683 4.72027295229
684 4.61272977074
685 4.59168779065
686 4.10948752911
687 4.02568738325
688 4.68850538988
689 4.51894626219
690 4.83172942977
691 4.74999180803
692 4.34486379855
693 4.64564094684
694 4.50229102042
695 4.40742654789
696 4.70443745251
697 4.78519033011
698 4.93985039173
699 5.11418330812
700 4.76828121207
701 4.09460515859
702 4.65926381956
703 4.65863847327
704 4.61452578001
705 4.36659863104
706 4.19822743209
707 4.42667403144
708 4.48204944431
709 4.40509704872
710 5.52592085394
711 5.04513738024
712 5.0234402665
713 5.04252642627
714 4.88530721411
715 4.58952837054
716 4.72680873305
717 4.95498851055
718 4.8168876651
719 4.71762381317
720 4.65560392348
721 4.38886080497
722 4.54852807691
723 4.48266656592
724 4.03434582887
725 4.52908815313
726 4.65349263381
727 4.85468075184
728 4.49674761673
729 4.36957903765
730 5.01228549472
731 4.65923657373
732 4.94721837798
733 4.87320086728
734 5.15888944089
735 5.26765220715
736 5.03541074652
737 4.54838019244
738 4.59322657769
739 5.20131162984
740 5.31546520071
741 4.71445244003
742 4.92680747887
743 4.9805493157
744 5.17500170028
745 5.17039190671
746 5.72695515705
747 5.54413098656
748 5.08968422748
749 5.52427461052
750 5.54473827308
751 4.83148064723
752 5.29922370077
753 5.75934950087
754 5.61388082203
755 5.57199821491
756 5.56932805546
757 5.64897515082
758 5.46366743474
759 5.44745826539
760 5.53053758611
761 5.80521320188
762 5.79319022994
763 5.73317625725
764 5.72986171527
765 5.74254892191
766 5.82024885599
767 6.32392269763
768 5.90846624332
769 5.65694168538
770 5.79855086026
771 5.9519207148
772 5.69229726415
773 5.24694616448
774 5.55535027473
775 5.82612949488
776 5.56154352277
777 5.1910148695
778 5.68190913732
779 5.93071283995
780 6.06860367902
781 5.65910569656
782 5.75652984584
783 5.86357639877
784 5.82671802232
785 6.0897285127
786 5.73622930696
787 5.5799998109
788 5.4919470215
789 5.39311294837
790 5.12566852764
791 5.1293922341
792 6.11320169469
793 6.19330419847
794 5.87229864797
795 6.05137372874
796 5.6850062499
797 6.05649935808
798 5.82129989775
799 5.55223925946
800 6.11310868317
801 5.9364808727
802 5.60374298281
803 5.76161452774
804 5.55763907816
805 5.62312626245
806 5.25043967058
807 5.48182806666
808 5.132780469
809 5.58000952984
810 5.56879419173
811 5.30345822243
812 5.3350501565
813 5.77809519421
814 6.03709451041
815 5.8406056983
816 5.7964055419
817 5.95265734128
818 5.87731050152
819 6.16883703085
820 6.05335144974
821 6.10874598653
822 5.69093119062
823 5.71219733985
824 5.65414782625
825 5.94639226485
826 6.14338181309
827 6.01921711207
828 5.91191941561
829 5.94000548208
830 5.64137042805
831 5.17237765863
832 5.28914682999
833 5.06758944824
834 5.51516585201
835 5.63042970576
836 5.28288592639
837 4.85991831081
838 5.45354187825
839 5.49431758238
840 5.61926525072
841 5.50442504941
842 5.86574931544
843 5.38413133946
844 5.24177317709
845 5.17342159917
846 5.56050317908
847 6.20620908996
848 6.11330963907
849 5.9670818674
850 6.12657844811
851 6.0612644728
852 5.51830789258
853 5.99295574213
854 5.77324872975
855 5.73751284398
856 5.62387329758
857 5.76102293235
858 5.75145606076
859 5.85800820241
860 5.68885304944
861 5.97928285965
862 5.7742503566
863 6.02040402645
864 6.34656459708
865 6.38246605107
866 5.78163201756
867 5.87172400684
868 5.72357845463
869 5.47959534175
870 5.92989125128
871 5.83796590644
872 4.94532760507
873 4.98359948981
874 5.49950647776
875 5.96033433164
876 6.30876590762
877 6.60009144802
878 6.40829733714
879 6.09247420518
880 6.24876852192
881 6.04564056723
882 6.16809472247
883 6.34728016747
884 6.34111841977
885 6.50438765516
886 6.49135934079
887 6.30242864973
888 6.42369334164
889 6.70625681326
890 6.43037308085
891 6.72200419298
892 6.74667747241
893 6.57271260639
894 6.89541322414
895 6.536187835
896 6.85142885111
897 6.52599367036
898 6.80832244805
899 6.30737341503
900 6.52142939679
901 6.15766338874
902 6.27960181078
903 6.66426937522
904 6.5689595885
905 6.83472411268
906 6.97034361825
907 6.78727239349
908 6.44696149471
909 7.05247550991
910 7.46390054202
911 7.27046357768
912 7.06767997183
913 6.64757367293
914 6.23562141618
915 6.17083554987
916 6.25401907405
917 6.2516632281
918 5.93349022202
919 5.67257686373
920 6.30701882687
921 6.56424996401
922 6.80102023539
923 6.44516638149
924 6.34135244291
925 6.30088674474
926 6.30408360253
927 7.12079675978
928 6.94745025683
929 6.99315251655
930 6.87503815684
931 6.72880584957
932 6.85299909374
933 6.84447687866
934 7.14954817487
935 7.20507521023
936 8.10344220445
937 7.90249860843
938 8.03774552003
939 7.85512229405
940 7.3186971535
941 7.09718266114
942 7.19264968351
943 7.14474689967
944 7.33178350143
945 7.8481738917
946 7.30326035424
947 7.19706669801
948 7.13445817829
949 7.2337065658
950 7.37590949261
951 7.88588066299
952 8.02012009694
953 7.76694400851
954 8.27045905743
955 8.54487698432
956 8.55436994702
957 8.50130757452
958 8.75601553181
959 7.89242885417
960 8.0754290195
961 8.39349843842
962 8.2209398092
963 8.06472982116
964 8.74099722972
965 9.1060304784
966 9.19263354884
967 8.96038234794
968 9.19444033121
969 8.88238100378
970 8.47967230137
971 8.13024733956
972 8.21573196076
973 7.96775879608
974 8.09849082534
975 8.88668540784
976 8.47291985276
977 8.35288410634
978 8.78475421304
979 9.40674198231
980 9.31303112943
981 9.40352825911
982 9.50700962651
983 9.14538753021
984 9.42728402631
985 9.35244635155
986 9.57469476379
987 9.82585224497
988 8.75488449433
989 8.98969265406
990 8.92082766672
991 8.81271995399
992 8.91600007835
993 8.94081318728
994 9.13431401337
995 9.51393284683
996 8.96017313036
997 9.10638281997
998 9.09296567279
999 9.10423397756
