0 0.0
1 0.362140966164
2 0.324099615797
3 0.313108521943
4 0.347213895981
5 0.470981426872
6 0.473989843634
7 0.433223727494
8 0.285842771159
9 0.281147206959
10 0.340134012393
11 0.312757390548
12 0.185126574633
13 0.238514227446
14 -0.0794386395207
15 0.233661161553
16 0.242343166678
17 0.382835012485
18 0.364300149618
19 0.178693689016
20 0.356292254898
21 -0.0199636748317
22 0.384645426597
23 0.105765851423
24 0.253091443536
25 0.534202250601
26 0.342142475956
27 0.451854178877
28 0.320619273706
29 0.300972598897
30 0.507554581115
31 0.605767541829
32 0.468229766458
33 0.22690306636
34 0.653649227095
35 0.387218382722
36 0.237684042453
37 0.381885146599
38 0.494340637316
39 0.398549345317
40 0.515787421206
41 0.439798926366
42 0.555038471211
43 0.598506445125
44 0.399193497212
45 0.609715854774
46 0.481184502187
47 0.482538140336
48 0.384323580449
49 0.358405348249
50 0.530255133563
51 0.629231966143
52 0.839921605028
53 0.640410335292
54 0.643791778683
55 0.610606307253
56 0.422400166395
57 0.465021111941
58 0.189975698674
59 0.419943715351
60 0.32020388494
61 0.439341573488
62 0.731259390849
63 0.436675394305
64 0.442596687916
65 0.580131989662
66 0.723969655502
67 0.740204807454
68 0.930131029408
69 0.741851746147
70 0.882247238721
71 0.862480134209
72 0.651648142894
73 0.748864954554
74 0.595550823268
75 0.481010574214
76 0.59564207974
77 0.727873942275
78 0.806944481827
79 0.564000522507
80 0.457725526726
81 0.529113557575
82 0.300448668148
83 0.43666515781
84 0.589532269482
85 0.69936600232
86 0.660198460074
87 0.73844977687
88 0.535646019829
89 0.761727117767
90 0.745596752966
91 0.772953486782
92 0.865824499333
93 0.942969311717
94 0.88821601957
95 0.98202186022
96 0.961064497966
97 0.794377433565
98 0.873624959619
99 0.691960410305
100 0.688516097276
101 0.652964199769
102 0.486077710905
103 0.788554316939
104 0.692668846665
105 0.670462336168
106 0.811530640348
107 0.885609552608
108 0.65928611986
109 0.795147222819
110 0.83687970019
111 0.48577475419
112 0.908759270272
113 0.778749637544
114 0.715827492436
115 0.761518971792
116 0.790340731884
117 0.736617985951
118 0.787673177095
119 0.501741360786
120 0.480969657066
121 0.643443619207
122 0.768796076766
123 0.653576615468
124 0.872356092162
125 0.778399368499
126 0.767451726111
127 0.860895606875
128 0.607858513655
129 0.684301883251
130 1.06021152638
131 0.980288943462
132 1.01518137277
133 0.851178442257
134 0.917182425863
135 0.513396615973
136 0.876044956892
137 0.899262995576
138 1.00080549758
139 0.760324688007
140 0.723971141402
141 0.817091093998
142 0.630616856253
143 0.660278154314
144 0.619565682537
145 0.663287939992
146 0.455397753753
147 0.778709903784
148 0.707166633482
149 0.570287684035
150 0.578168735326
151 0.545441480225
152 0.629918459355
153 0.489385490388
154 0.755479556745
155 0.71070273935
156 0.610226419244
157 0.821942707018
158 0.670127034779
159 0.699862453275
160 0.497915881799
161 0.563930115844
162 0.614972352529
163 0.582794080114
164 0.556450529822
165 0.440433575295
166 0.620350856136
167 0.537458578501
168 0.799743012283
169 1.06067721768
170 0.765643171883
171 0.938514976425
172 0.561755221021
173 0.873099046193
174 0.626798849362
175 0.722188053391
176 0.659342149077
177 0.67568934628
178 0.522326527231
179 0.598148518927
180 0.771726665033
181 0.866253320146
182 0.843749234943
183 0.760266589615
184 0.797399902906
185 0.690962216455
186 0.7784341481
187 0.891733057863
188 0.969816826979
189 0.716088600838
190 0.730158812178
191 0.668662746388
192 0.622630009142
193 0.607842493037
194 0.632167217548
195 0.736278156148
196 0.67397442757
197 0.819277529288
198 0.686005548079
199 0.705769999097
200 0.636130696669
201 0.667093113477
202 0.874932112042
203 0.992049392833
204 0.788445160313
205 0.798244867198
206 0.805403431118
207 0.810034245127
208 0.984872730312
209 1.0837185268
210 0.561247807005
211 0.514750399522
212 0.68339453257
213 0.751227716239
214 0.492208562428
215 0.536733579056
216 0.228729696799
217 0.680049111567
218 0.557359775075
219 0.747471609683
220 0.373468566931
221 0.726382250913
222 0.50341246196
223 0.687726207374
224 1.00596134776
225 0.828665415013
226 0.817407164945
227 0.617427657042
228 1.05902988312
229 0.692169150826
230 0.939968393572
231 0.941882874642
232 0.860315017158
233 0.782293723833
234 0.950759521749
235 0.51488700354
236 0.78565173995
237 0.758865150463
238 0.85040938731
239 0.729879544417
240 0.528835378771
241 0.533518818143
242 0.763287692121
243 0.680438657791
244 0.493676177629
245 0.482315388896
246 0.50492949072
247 0.797889216338
248 0.694615173108
249 0.888959771358
250 0.609902691067
251 0.669421763973
252 1.09542739565
253 0.997458844699
254 1.12282877932
255 0.618228106959
256 0.856756533618
257 1.16427097915
258 1.26652111648
259 1.16861973496
260 1.36282443951
261 1.48357820298
262 1.29298254424
263 1.20302787724
264 1.25260527016
265 1.30811924102
266 1.0270073919
267 0.807530273682
268 1.08400552868
269 1.15001531924
270 1.27502159571
271 1.06880914522
272 1.17052081958
273 1.56462046866
274 1.53927648157
275 1.25877645441
276 1.27942304845
277 1.06966898699
278 1.37079711517
279 1.16082347091
280 1.37994249838
281 1.34909327125
282 1.27558006247
283 1.28705303095
284 1.92802729957
285 1.82766916485
286 1.5758619517
287 2.03576076842
288 1.94030281678
289 1.78337452485
290 1.69541948658
291 1.34422118951
292 2.1199858468
293 1.82233345056
294 2.06611010037
295 2.07063069524
296 2.4391854911
297 2.53941095859
298 2.47779150944
299 2.10208912158
300 2.30478089634
301 2.21970213083
302 2.54719291726
303 2.54922761712
304 2.47956347364
305 2.78205701438
306 2.47029229896
307 2.08928442553
308 1.97077181835
309 2.38845969758
310 2.4940279085
311 2.53251774799
312 2.78638026653
313 2.7138635
314 2.46078531178
315 2.17850407149
316 2.2244287014
317 2.6961818437
318 2.61718712496
319 2.6851581122
320 2.46384559034
321 2.42135970475
322 2.60163133354
323 2.72403953102
324 2.3081599412
325 2.39589735015
326 2.27297020414
327 2.6127222546
328 2.56778345387
329 2.64752457183
330 2.34389461649
331 2.73237770665
332 2.58324886551
333 2.57261618732
334 2.7980273853
335 2.53131872982
336 2.40340140239
337 2.4457107965
338 2.92300157158
339 3.00970389898
340 3.19825944766
341 2.77848555793
342 2.73997395834
343 2.36645861152
344 2.66310213876
345 2.94244509792
346 3.01753284401
347 3.13503755525
348 3.58567933599
349 3.11775572601
350 3.36490707848
351 3.57308573877
352 3.11331510056
353 3.01501675684
354 2.80125578998
355 3.2886311506
356 2.45190934777
357 2.73032050864
358 3.15666481424
359 3.56667412178
360 3.37905800657
361 3.47517742071
362 3.14257257722
363 3.35707491129
364 3.52733291795
365 4.12602200337
366 4.29500762981
367 4.28451850395
368 3.8797649108
369 3.39586585226
370 3.54779267058
371 3.13656630431
372 3.26085797943
373 3.43849471653
374 3.51546372913
375 3.48182845358
376 2.86000516678
377 2.84481736045
378 2.76125395474
379 2.74235449651
380 3.0522404977
381 2.93006182632
382 3.04187156502
383 3.38623600241
384 3.20760673024
385 2.77430245378
386 2.8554901137
387 3.26815734963
388 3.17286606969
389 2.72147397465
390 2.45673829584
391 2.39841866148
392 2.82779084311
393 2.52711606241
394 2.62811498308
395 2.36970331142
396 2.49354644847
397 2.66952645147
398 2.29429441597
399 2.18049353429
400 2.13026780963
401 2.07802014488
402 2.17385297572
403 2.27768453831
404 2.07068523664
405 2.57512007525
406 2.76014122907
407 2.55057335942
408 2.30138443766
409 2.23068159983
410 2.46342627413
411 2.66101388643
412 2.7086271174
413 2.79852733459
414 2.52077611104
415 2.75740964081
416 2.14848279968
417 1.87667646036
418 2.46713617166
419 1.99042149914
420 2.31382105191
421 1.87413653404
422 1.54421090505
423 1.35248749238
424 1.56039678381
425 1.55823248373
426 1.561971561
427 1.76134565104
428 2.12389672755
429 2.05778208255
430 2.10236165342
431 2.31946844867
432 2.57974365291
433 2.15114938803
434 2.31556814537
435 2.07297923177
436 1.95408011813
437 1.78784844323
438 1.63740569565
439 1.90030466286
440 1.68276387998
441 1.91478641608
442 1.72495358177
443 1.71217297156
444 1.86877073651
445 1.71656952421
446 1.87764466944
447 1.47499077923
448 1.39661279668
449 2.08451058624
450 1.5851824271
451 2.33105666198
452 2.23953404782
453 1.79855210697
454 1.85123410121
455 2.30132840485
456 1.7572023174
457 2.36833564795
458 2.02116014894
459 1.41543109512
460 1.45493431667
461 1.71912408131
462 1.51124782379
463 1.22771786041
464 1.20297511767
465 1.49397361112
466 1.17820228433
467 1.30909792554
468 1.5338915199
469 1.52334693732
470 1.43910205459
471 1.48637566813
472 1.89353708312
473 1.37685951705
474 1.89047367079
475 1.99484662527
476 1.76167236034
477 1.67141446913
478 1.5492585715
479 1.74919867589
480 1.9442683994
481 2.11792228811
482 1.70426672077
483 2.08562075453
484 2.07635926565
485 1.89042936263
486 2.19464835916
487 2.17633787501
488 2.07993267359
489 2.18515571739
490 2.40136791079
491 2.19641532959
492 2.19552475529
493 1.84699866661
494 1.87387517926
495 2.40839647806
496 2.69962143988
497 2.47224205618
498 2.32640022556
499 2.5571629144
500 2.86640624205
501 2.52163696349
502 2.44433655297
503 2.62055571506
504 2.45714917772
505 2.64122539194
506 2.72862044178
507 2.95400116954
508 2.71237464689
509 2.55737527799
510 2.34055908106
511 2.25719782128
512 2.60740827674
513 2.59144682608
514 2.68992809583
515 2.30843809958
516 2.6406414494
517 3.02398406282
518 2.61479072961
519 2.92761294244
520 3.24728090169
521 2.98956523604
522 3.02297254887
523 3.31155380388
524 3.32721731003
525 2.8124172264
526 3.23612765668
527 3.36409761127
528 3.17497656138
529 3.16368406389
530 2.88376887307
531 2.64052534071
532 2.67306780084
533 2.76609662346
534 3.29127914789
535 3.08610372364
536 3.61835388756
537 3.33556241128
538 3.53181373158
539 3.78086645324
540 3.34173539969
541 3.23697272405
542 3.15374104131
543 3.18384830937
544 3.4247162795
545 3.46282534785
546 3.69758378184
547 3.37902346696
548 3.22949868089
549 3.57787622104
550 3.71000915923
551 3.23688580711
552 3.25348914047
553 3.43622060707
554 3.74631235771
555 3.87921312704
556 2.91953372071
557 3.08444057894
558 3.55205286901
559 3.65261099772
560 3.42579300991
561 3.39316041864
562 3.16226502248
563 2.95683162643
564 3.05090983988
565 2.89622715924
566 3.13594628327
567 2.8646049034
568 2.8109823853
569 3.02607295655
570 2.56444435476
571 3.16325876038
572 3.30734782244
573 3.46491587243
574 3.46018356063
575 3.74656948193
576 3.21064684962
577 3.13043220753
578 3.37042983301
579 3.59970730868
580 3.60443710856
581 3.55965324792
582 3.51326656282
583 3.14904264154
584 3.12715671232
585 2.97037688314
586 2.87000616584
587 2.71825404832
588 2.901728108
589 3.18773116567
590 3.28928586628
591 3.05008337452
592 2.96717353759
593 3.26055819839
594 4.03982135961
595 3.8537651675
596 3.32908738016
597 3.70934006979
598 4.01687005957
599 3.57423923279
600 3.67643589946
601 3.23275970514
602 3.36153560494
603 3.40122097266
604 3.44180791018
605 3.15593135349
606 3.24397519103
607 3.03230638122
608 3.27003599127
609 3.77985445762
610 3.20625904293
611 3.06513348207
612 3.09137791373
613 3.51691083046
614 3.87204033297
615 3.65019813793
616 3.26518012225
617 3.38834280085
618 3.52049078031
619 3.43535925845
620 3.69364903264
621 3.95024746479
622 3.82969957205
623 4.36003245
624 4.0233461996
625 4.19783614542
626 4.14999482026
627 4.50141183254
628 4.48389412531
629 5.11879982847
630 5.21469655909
631 4.9210493224
632 4.56714770327
633 4.74038487356
634 4.83907119162
635 5.08205316307
636 4.55862785354
637 5.04135056511
638 5.13530464848
639 5.79116160839
640 5.55741266004
641 4.77339566912
642 4.94760281389
643 5.47491644674
644 5.62558938788
645 5.5029606585
646 5.09208420227
647 5.68831174674
648 5.44481849732
649 5.41615986692
650 6.05394172027
651 5.8500717201
652 5.84460289114
653 5.94290599871
654 5.62399771662
655 5.7547948253
656 5.44044900955
657 5.54320472505
658 5.53218779122
659 5.77808927141
660 5.52299583351
661 4.92643071763
662 4.9672480632
663 5.37544138064
664 5.09345425217
665 5.13749244426
666 4.85051331183
667 4.91255644499
668 5.31414464637
669 4.77487920944
670 4.41090016593
671 4.738616226
672 4.56727637955
673 4.73995167611
674 4.81345238449
675 4.48021921504
676 4.76023536721
677 4.91794139272
678 5.0692371266
679 5.11497960513
680 5.12432512026
681 5.2391836607
682 5.30702881164
683 5.44289388321
684 5.24924125101
685 5.14780232508
686 5.33676535733
687 5.44982521581
688 5.48815355588
689 5.72208625283
690 5.60929619348
691 4.69695469682
692 4.5220795024
693 4.51552888364
694 4.86786423264
695 5.26058927051
696 4.4891301461
697 4.75308460482
698 4.43934994264
699 4.61636014211
700 4.52448399945
701 4.35451478335
702 4.68665519031
703 4.41657553389
704 4.68038605235
705 4.51622872151
706 4.12621233194
707 4.81948361672
708 4.5731614098
709 4.70181804471
710 5.03680807212
711 4.68545204004
712 4.45020100516
713 4.96054615619
714 4.41976923501
715 4.74420345201
716 4.63502187529
717 5.38191113038
718 5.18561455282
719 4.79202437445
720 4.19634380533
721 4.52392552965
722 3.91917162252
723 4.42205364024
724 4.34255425331
725 4.5754813046
726 4.52966327254
727 3.91999557084
728 4.43102272898
729 4.74204445012
730 4.7811587601
731 4.90621977132
732 4.95983693232
733 4.86784107115
734 5.15693318911
735 5.32240763481
736 5.24124321973
737 5.45366266873
738 5.72837771027
739 6.12987455606
740 6.05116240898
741 5.59401728972
742 5.43319717231
743 5.37191758173
744 5.5150715016
745 4.78284984869
746 4.81178679599
747 5.12912592544
748 5.00163472191
749 4.93178817941
750 5.15608850656
751 4.92655923847
752 4.71104225342
753 4.64676764749
754 4.75475055437
755 5.30452446526
756 4.90722571165
757 4.95111244695
758 4.58978345884
759 5.19578059222
760 5.21872450707
761 5.36051003455
762 4.91582581061
763 5.31906586525
764 4.65932887963
765 5.15742794167
766 4.00462480127
767 4.09099001718
768 3.87445160675
769 4.06404692268
770 3.78678240813
771 3.90661199519
772 4.39774947269
773 3.71974402772
774 4.34071405217
775 3.95743050532
776 4.26627221621
777 4.63364846207
778 4.94169911156
779 5.04844716308
780 5.08871567368
781 5.1095653093
782 4.68063750635
783 5.13927088508
784 4.7928844728
785 4.88638580571
786 4.76301082303
787 4.44104707099
788 4.77226644801
789 5.02133841427
790 4.46853940624
791 4.46076130219
792 4.12181015437
793 5.07131213443
794 5.35953225519
795 5.54319938138
796 5.33391601448
797 5.17592891712
798 5.11938324915
799 5.00717218276
800 5.26099413943
801 5.14842802319
802 4.99112504323
803 4.75993759924
804 4.96697148552
805 4.86030718024
806 4.41897595545
807 4.04902589479
808 3.73504551684
809 3.91761489753
810 3.91896732121
811 3.82828750788
812 3.81880813695
813 4.26704493569
814 3.59319507209
815 3.75210840173
816 3.39630749803
817 3.15741999571
818 3.6454039554
819 3.75617954479
820 3.33258247657
821 3.72950766103
822 4.10665009748
823 4.1018377807
824 3.61375104418
825 3.70214440886
826 3.76259073496
827 3.88627781775
828 4.12753348742
829 4.08688072082
830 3.98409003593
831 4.63755087179
832 4.30585529743
833 4.01199763818
834 3.43168822061
835 3.25605334286
836 3.41286442009
837 3.48745255422
838 3.54220889303
839 3.4854775002
840 4.02175920245
841 3.85641793915
842 4.0412858668
843 4.35606752857
844 4.45241440031
845 4.64453234078
846 4.92360180625
847 4.83772352095
848 4.44386459759
849 4.80339514522
850 5.12548392367
851 5.08957190306
852 4.74216869324
853 4.43275647735
854 4.48284828054
855 4.59804401536
856 4.45358801287
857 4.53736878435
858 4.3472358188
859 4.58650575499
860 4.48809550589
861 4.65676882637
862 4.79286805456
863 4.64346416144
864 4.28818581301
865 4.62870717093
866 4.84686109582
867 4.78153983678
868 4.98307885714
869 4.91776964147
870 4.76858858699
871 4.61901302105
872 4.61313017324
873 4.60431581413
874 4.84823212155
875 4.55653149593
876 4.4988222379
877 4.30021268315
878 4.4018460955
879 4.06573711949
880 4.12363274119
881 4.64518657821
882 4.5190775603
883 4.4801454496
884 4.27955476758
885 4.01271877835
886 3.9088490365
887 3.78125454599
888 3.9666162012
889 4.23015151482
890 4.4295169807
891 4.24339198039
892 4.36426550445
893 4.29982970968
894 4.16844981791
895 4.28153433456
896 4.43056262232
897 4.39224024249
898 4.09264158485
899 4.09574868854
900 4.37905449497
901 4.37650785687
902 4.02062519865
903 3.78118012256
904 4.15657364781
905 4.22821260248
906 3.71936508851
907 4.11635742411
908 3.71274737602
909 3.61753270767
910 3.68905854506
911 3.96269782083
912 4.14034624278
913 4.15173436147
914 4.51970454119
915 4.3014559526
916 4.14664934584
917 3.95770060603
918 4.1329823861
919 3.70241974245
920 3.44746561168
921 4.00827678941
922 4.02655086247
923 3.80607281356
924 3.96692979785
925 3.72323430767
926 4.04880753098
927 3.41720236733
928 3.46528022111
929 3.31668915691
930 2.87744053285
931 3.2798862009
932 3.60244411106
933 3.87500790595
934 3.69426263804
935 4.05059989617
936 4.22667936325
937 4.03500067249
938 3.90930999945
939 3.95303205729
940 3.78792855758
941 3.27179469983
942 3.26405845064
943 3.48929934945
944 3.87487442883
945 3.72165040207
946 3.44228378092
947 3.35024165919
948 3.77410919394
949 3.75864488767
950 3.957136714
951 4.16017408768
952 4.08871598569
953 3.97875174665
954 4.05098347623
955 4.09945677638
956 4.13393080881
957 4.03122447525
958 3.70322793458
959 3.95848803449
960 3.95987293959
961 4.18501474391
962 4.27400739214
963 3.77300788093
964 4.15044954306
965 4.06928430856
966 3.88889985178
967 3.94564715454
968 4.02137083498
969 4.02862388483
970 3.73755567458
971 3.39932300222
972 3.75304153895
973 3.61597484308
974 3.2636223002
975 3.37906352934
976 3.94586942184
977 3.66268428394
978 3.7878841734
979 3.49407386755
980 3.73058985898
981 3.69901283592
982 3.75000226156
983 3.45633401745
984 3.76214228295
985 4.01741734409
986 3.75846474114
987 3.83787394548
988 3.82515633139
989 3.95075648395
990 4.3395955596
991 4.03051847524
992 4.48623636089
993 4.02923717462
994 4.1875396922
995 4.43334473296
996 4.73610826839
997 4.38860847487
998 4.2475151843
999 4.40534677404
