0 0.0
1 -0.108772493609
2 0.0941363149426
3 0.299201771074
4 0.357965321769
5 0.376818109715
6 0.361497088472
7 -0.00395624946599
8 0.140972666884
9 0.271516869786
10 0.0967250345527
11 0.277663316939
12 0.344772734679
13 0.397945975946
14 0.22318464708
15 0.429120444827
16 0.317514095104
17 0.428487379474
18 0.266979307592
19 0.367667413676
20 0.364498449805
21 0.30618501645
22 0.224342208222
23 0.350378668601
24 0.221947892166
25 0.344114711702
26 0.281381338088
27 0.197617979797
28 0.482057036114
29 0.436419746158
30 0.343818628123
31 0.423241986224
32 0.699159795311
33 0.465378969782
34 0.470014997484
35 0.611958374563
36 0.495590069078
37 0.506668872174
38 0.348985805898
39 0.0510635824642
40 0.264423431929
41 0.491220073502
42 0.128377814981
43 -0.119408734604
44 -0.0794740700357
45 0.214543596973
46 0.405922016465
47 0.460985002448
48 0.34704826245
49 0.469148411113
50 0.224384977257
51 0.297550321559
52 0.44674854599
53 0.429868309925
54 0.242015423657
55 0.257019322749
56 -0.0244188552718
57 0.267917400674
58 0.172490908036
59 0.192720796693
60 0.118067677909
61 0.193512606733
62 0.379766177328
63 0.176683696127
64 0.366322671696
65 0.201874667933
66 0.253123283043
67 0.000376113198655
68 0.32198488225
69 0.147852847602
70 -0.0198444800229
71 0.231451771003
72 0.0995991435726
73 0.190875027503
74 0.124366044596
75 0.372597426588
76 0.282333573989
77 0.164861515264
78 0.25384025998
79 0.348105838293
80 0.252253652159
81 0.194870863399
82 0.235377383575
83 0.408292782604
84 0.311358297137
85 0.267456713763
86 0.190754207091
87 0.341604161265
88 0.462275544709
89 0.537190857794
90 0.397118552606
91 0.584461664091
92 0.470527198108
93 0.562660480583
94 0.418065573512
95 0.390682140757
96 0.382130536203
97 0.0694891032375
98 0.48563575826
99 0.350423677345
100 0.262770421872
101 0.291002656297
102 0.133760433596
103 0.509863328068
104 0.379101279576
105 0.427777212409
106 0.349591860799
107 0.317536470023
108 0.363359977062
109 0.301064416981
110 0.30263164278
111 0.247421271658
112 0.482118266505
113 0.628219411703
114 0.0873366973233
115 0.211385640857
116 0.175267821635
117 0.317016582471
118 0.347463050956
119 0.62330646993
120 0.463615000755
121 0.278325769825
122 0.421656920307
123 0.539256532327
124 0.329630578174
125 0.444189187473
126 0.372957559089
127 0.305425640817
128 0.357846389036
129 0.347239429328
130 0.31622631258
131 0.491796955606
132 0.527557173477
133 0.492391045659
134 0.284895328573
135 0.423492130292
136 0.442700299125
137 0.546604745905
138 0.407274263992
139 0.606098836897
140 0.290420981351
141 0.287610817703
142 0.425153685349
143 0.457195690834
144 0.375187397198
145 0.280111800833
146 0.446473474091
147 0.177116916799
148 0.360854518719
149 0.394597898297
150 0.400740093957
151 0.364915496661
152 0.375278926012
153 0.376811670303
154 0.291614830635
155 0.53999468539
156 0.490454718508
157 0.388157110926
158 0.552379639312
159 0.521807691005
160 0.470995653583
161 0.410892965532
162 0.386557237628
163 0.395032382831
164 0.367636485158
165 0.256907468294
166 0.5244485083
167 0.298140927506
168 0.576699343243
169 0.299673981138
170 0.374728014725
171 0.422513958161
172 0.450996263283
173 0.468264633564
174 0.579753892538
175 0.518240142574
176 0.494921427013
177 0.51652131394
178 0.552616510712
179 0.617596475861
180 0.530199757292
181 0.730765500779
182 0.503669971989
183 0.418807161982
184 0.612707106925
185 0.547172038721
186 0.3723662298
187 0.430373429164
188 0.441113549122
189 0.449215082529
190 0.560460360617
191 0.554984911536
192 0.672602915567
193 0.377935094425
194 0.294859206852
195 0.128136939222
196 0.236057896125
197 0.484736043252
198 0.263632916241
199 0.263399214974
200 0.310036845403
201 0.353274023942
202 0.324549250025
203 0.321176925679
204 0.509977255668
205 0.337315881615
206 0.524164296284
207 0.54994642023
208 0.483538615739
209 0.399541890817
210 0.456205020932
211 0.231404870854
212 0.26435365192
213 0.394725213764
214 0.359391463029
215 0.251241323619
216 0.568513389695
217 0.702265600387
218 0.465603919475
219 0.668105516458
220 0.699584400222
221 0.583377077271
222 0.498501271974
223 0.4618911171
224 0.535338664835
225 0.342075282294
226 0.597493110879
227 0.712386094239
228 0.650958607748
229 0.639826459142
230 0.621924857173
231 0.584366756367
232 0.609152078792
233 0.468145564124
234 0.639826389421
235 0.961880737614
236 0.564555591928
237 0.559280990581
238 0.558923204961
239 0.51443209486
240 0.672653263642
241 0.646601156342
242 0.505624858424
243 0.583679259819
244 0.726795799608
245 0.952090442689
246 0.56373788734
247 0.732566630239
248 0.506018256762
249 0.586325409822
250 0.683340437017
251 0.996965100659
252 0.646025721822
253 0.763375146913
254 0.698893997909
255 0.998072226013
256 1.05602082265
257 1.01072008544
258 0.736195454635
259 0.64164515287
260 0.645844016978
261 0.592216435026
262 0.888937055915
263 0.958009335876
264 0.841347236831
265 0.665738648387
266 0.760724925695
267 0.765889313136
268 0.635192787841
269 0.622277962128
270 0.726247654274
271 0.864815525979
272 0.570755248321
273 0.791345478446
274 0.813801130485
275 0.976878758193
276 0.623036948116
277 0.870678547599
278 0.765561143577
279 1.14998641307
280 0.850083950599
281 0.877244541113
282 1.10075671144
283 0.909136756668
284 0.644175246432
285 0.907786034553
286 1.0761089304
287 1.04821118188
288 0.810269918228
289 0.871769187202
290 0.733554565669
291 0.824952085896
292 1.07265380777
293 0.793343213932
294 1.0099849177
295 1.11455297977
296 0.844213427244
297 1.07882033798
298 0.814068539755
299 1.13539142727
300 1.01940354211
301 1.01700034018
302 1.40122401813
303 1.59378274291
304 1.57020506973
305 1.62239595956
306 1.24078935846
307 1.53919610515
308 1.38396000939
309 1.07265005457
310 1.28478477241
311 1.24951726704
312 1.04054808826
313 1.30578552086
314 1.27542808585
315 1.62310213529
316 1.6234412315
317 1.54859641516
318 1.26750917719
319 1.22723648253
320 1.0831317317
321 1.59822913292
322 1.92958124296
323 1.71649581327
324 1.43943032138
325 1.77128937054
326 1.36538452028
327 1.45467831931
328 1.64675837898
329 1.87871859603
330 1.6538816856
331 1.84305256783
332 1.96326276724
333 2.2022414715
334 2.58368876848
335 2.2896104549
336 2.21702112894
337 1.97247633191
338 2.03827581805
339 2.72456515004
340 2.63575929801
341 2.4255283466
342 2.7096198094
343 2.30373449017
344 2.47551773144
345 2.38785561847
346 2.52413601271
347 2.07214840971
348 2.34634975861
349 1.86074029963
350 1.8295518648
351 1.85635252459
352 1.7068048108
353 1.98277972694
354 1.63740992241
355 2.0285603862
356 1.79077858721
357 1.86732146304
358 1.9960314317
359 1.99425716364
360 1.63789262414
361 1.77919623
362 1.72684693428
363 2.05754282399
364 2.43070752147
365 2.27195383624
366 2.23647442673
367 2.3416733331
368 2.16563550211
369 2.65008145164
370 2.22706767253
371 2.53378316904
372 2.56623058611
373 2.42106360668
374 2.5428293397
375 2.74046048399
376 2.97032671598
377 3.12654203154
378 3.31245917785
379 3.77620636577
380 3.57007904898
381 3.8618826015
382 3.48321510677
383 3.63447820697
384 3.41300091627
385 3.19925875231
386 3.22367839401
387 3.47823713951
388 3.32794119162
389 3.4869479529
390 3.16035863568
391 3.19912388955
392 3.34640139347
393 2.99291617386
394 3.04903906032
395 3.0083500329
396 3.00427008003
397 3.05058779694
398 2.99103187041
399 2.97825600651
400 2.63662993189
401 3.09225117269
402 3.25679397399
403 3.30069919715
404 3.07079652723
405 3.10988899202
406 2.77039212703
407 2.868521101
408 2.69585567408
409 2.81334846357
410 2.72949337669
411 2.97717552187
412 2.81437515229
413 3.23881053393
414 3.22318528097
415 2.68284290105
416 2.93090051713
417 3.01790425413
418 2.99808249291
419 3.01384945072
420 2.80559821347
421 2.46388112329
422 2.3070724672
423 2.1086223688
424 2.50923747245
425 2.38159009203
426 2.3054631369
427 2.54148802622
428 2.35050823228
429 2.31546084932
430 2.14508294479
431 2.12211654536
432 2.33417308448
433 2.62233673913
434 2.45977777662
435 2.23471899513
436 2.50257908375
437 2.43967742009
438 2.19045336102
439 2.02132088326
440 1.91537662641
441 1.91905220311
442 2.12578385808
443 1.66469806616
444 1.89588420139
445 1.9710116249
446 2.1582493202
447 2.5963406827
448 2.09596516087
449 2.53730036484
450 2.9473726442
451 2.54231594431
452 2.81245936855
453 2.55454953157
454 2.3814819243
455 2.55782109928
456 2.27093756924
457 2.95658037638
458 2.35005589361
459 2.24266166801
460 1.8240742373
461 1.49122761457
462 1.63593195526
463 1.84067354758
464 1.67896265291
465 1.37539990412
466 1.58938784802
467 1.45475273676
468 1.92337696123
469 1.62433461566
470 1.94354192516
471 1.49420416188
472 1.49563516626
473 1.57663456797
474 1.76153274717
475 1.89446582718
476 1.8798333352
477 1.83515493935
478 1.53170307665
479 1.72275916009
480 2.27363736628
481 2.26686365653
482 2.56176448048
483 2.54473317175
484 2.63261303546
485 2.62610088427
486 2.5817283998
487 2.30099524356
488 2.33433688649
489 2.71101751676
490 2.93850381661
491 2.40613911237
492 2.67727695778
493 2.66911012304
494 2.20688447157
495 2.75813635901
496 2.59893601198
497 3.09165776083
498 3.1052270568
499 3.02020730496
500 3.00429929157
501 3.49424230676
502 3.43543334714
503 3.37398432785
504 2.91286520432
505 3.48944345452
506 2.98099177886
507 3.05093042427
508 3.29558062765
509 2.92969638715
510 3.24006007369
511 3.06454142757
512 3.12083746878
513 2.74049612291
514 3.80005664028
515 3.14721282409
516 3.37798459193
517 3.35785980034
518 3.09024591477
519 3.34857058465
520 2.79577866848
521 2.93018674507
522 2.51304630845
523 3.29596230902
524 3.22727234478
525 3.22162465075
526 3.16979912668
527 3.57768781261
528 3.06254012738
529 3.2687109493
530 3.17827573762
531 3.71727523306
532 3.61731029123
533 3.41880409055
534 3.20457060328
535 3.16822212416
536 3.04465480485
537 2.99017346936
538 3.16837795387
539 2.91670010056
540 3.10083007556
541 3.15706068837
542 3.44613637313
543 3.1095134584
544 3.53097464195
545 3.1157172737
546 3.31288033941
547 3.57767112254
548 3.3217333453
549 3.37188513911
550 3.44418991853
551 3.57447303321
552 3.74361332929
553 3.4769839978
554 3.24307099227
555 3.40669599802
556 3.62767936338
557 3.60635023243
558 3.15930147907
559 3.09910079558
560 3.16250116861
561 3.57218283892
562 3.96421705353
563 3.56653451201
564 3.67430431932
565 3.84105596236
566 3.71918107657
567 3.49509972558
568 3.82362308194
569 4.19051438797
570 4.32363029571
571 3.89301923721
572 4.13721348352
573 4.07838679261
574 3.85624103667
575 3.83545015013
576 3.96165484409
577 3.94281759488
578 3.95485115969
579 3.50041543694
580 3.89564434503
581 3.78316664049
582 3.61096574116
583 4.24419358838
584 3.99353587268
585 4.05988572534
586 4.26798887403
587 3.8634130003
588 3.7705864961
589 3.40391810354
590 3.47230415872
591 3.4038848434
592 3.66593788796
593 3.39034605829
594 3.31930713678
595 3.35380091445
596 2.97389238002
597 3.45497871708
598 3.21154201746
599 3.67599852667
600 2.92650221589
601 2.96987043646
602 3.00571366613
603 3.13696829041
604 3.76630457549
605 3.86403293302
606 3.75724021301
607 3.88640364443
608 4.14558261484
609 3.95374733693
610 4.12520948954
611 4.42511042678
612 3.55379620807
613 4.09104559934
614 3.75101604805
615 3.54639364672
616 3.49946451585
617 3.72945497273
618 3.71945902274
619 4.07184120327
620 4.15315972117
621 3.96423781123
622 3.7228017894
623 3.65045691932
624 3.18316624345
625 3.17319953656
626 3.4465212033
627 3.31288370882
628 3.57998296934
629 2.85373256021
630 3.30620569987
631 3.8607284702
632 3.82194990187
633 3.44648255327
634 3.18742282965
635 3.25443335363
636 3.44771076099
637 3.62091190655
638 3.34361440425
639 3.26485519216
640 3.18601773739
641 3.35019937133
642 3.9657509251
643 3.52319314187
644 3.5418642872
645 3.73213734727
646 3.22349970848
647 3.74917410694
648 3.72705844762
649 4.12969681413
650 3.84886697284
651 3.8849748813
652 4.18330186865
653 4.53625221695
654 4.9915393827
655 4.67845489599
656 4.25907382904
657 4.50491996452
658 4.32747212347
659 4.83002992481
660 4.71640229623
661 4.53555457012
662 4.17224834777
663 4.12656938434
664 4.62346287357
665 5.19826574493
666 4.25512268538
667 4.45670782209
668 4.34960036632
669 3.72793353134
670 4.03650077986
671 4.2513418807
672 4.24995026485
673 3.99752235771
674 4.40949689723
675 4.38326058718
676 4.06549018651
677 4.15250407284
678 4.13239598801
679 4.55509009377
680 4.74320027873
681 4.91545386608
682 4.863446328
683 4.61685286458
684 4.84216694085
685 4.46120813018
686 5.18391459483
687 5.68969979079
688 5.89861788521
689 5.9300063262
690 6.01694490701
691 5.87508840724
692 6.14955610883
693 6.1447570941
694 6.56436481412
695 5.89542760437
696 6.02443489784
697 6.62893960173
698 6.38837456612
699 6.31293962742
700 6.0364768717
701 6.28930187148
702 6.34069936975
703 6.45813574788
704 6.05861149508
705 5.94320004086
706 6.16492217618
707 6.13937362489
708 6.45053629613
709 6.4523151561
710 6.03582720665
711 6.88119471749
712 6.89167495964
713 6.7251417284
714 7.00555491172
715 6.88734199366
716 6.68304404484
717 6.57906898516
718 6.23659635353
719 6.79810233093
720 6.21682147501
721 6.38070446822
722 6.61431149738
723 6.20345189883
724 6.72028757591
725 7.02719865616
726 7.20881755615
727 6.64940380381
728 6.64341702118
729 6.96138201367
730 7.29328389104
731 7.42564586358
732 7.65992411588
733 7.32158382048
734 7.2926723163
735 6.93902986293
736 6.61542263098
737 6.61608243851
738 7.47067049157
739 7.51028964552
740 7.05561715206
741 7.41282723966
742 7.58278337033
743 8.24898434676
744 7.72606771782
745 7.87314938687
746 7.68855551876
747 7.99348988945
748 7.57702624415
749 6.95265767279
750 7.55060129244
751 7.35214752658
752 7.90915196044
753 7.87792908604
754 7.90846372312
755 7.96023796955
756 7.93198245561
757 7.68612203788
758 7.37069637444
759 7.08876620886
760 6.50065512237
761 6.6428008684
762 7.67052334427
763 7.31325137601
764 7.56556437663
765 7.5683216568
766 7.24447182113
767 6.8978865006
768 7.18417390425
769 6.91222746602
770 7.09391477254
771 7.3522439796
772 7.27962563708
773 7.70196639648
774 8.26566955796
775 8.30274930503
776 8.33142398435
777 8.46822665396
778 8.70214817798
779 9.19366790606
780 8.85379409147
781 8.88701826883
782 9.49379583425
783 9.69516362485
784 9.29119653255
785 9.12372186026
786 9.47256164758
787 9.50676986934
788 9.470727047
789 8.95676056989
790 9.13643687152
791 9.29862504744
792 9.30986881859
793 9.71925532575
794 10.0145317687
795 9.81289278711
796 9.23354568859
797 9.5670450468
798 9.31076305054
799 9.01736351651
800 9.14156215017
801 9.0574205915
802 9.01039279801
803 8.96206796162
804 8.88596320719
805 9.05919782979
806 8.72473748755
807 8.79578538391
808 8.12543940536
809 7.66611733425
810 7.71240956542
811 8.23397749252
812 8.12179619865
813 7.95868092538
814 8.28287186065
815 7.87295683553
816 8.46789768512
817 8.01214037299
818 7.87142745666
819 7.51858085505
820 8.0034414319
821 8.04696293385
822 8.27754816629
823 8.42595487498
824 8.28615381726
825 8.3781251255
826 8.43194477824
827 8.38470709344
828 8.29886684606
829 8.21422975871
830 8.14554463499
831 8.50287050707
832 8.68565029948
833 8.38237690275
834 8.8370489226
835 8.70269800938
836 8.40454776675
837 8.62255579615
838 8.5243826044
839 7.97137162674
840 8.47173246871
841 8.54703180733
842 8.4950244942
843 8.77568629658
844 8.36019974053
845 8.30967015173
846 8.85304528378
847 9.11055675766
848 9.38259709831
849 9.61406421513
850 9.57772599535
851 9.35204382011
852 9.26904477036
853 8.96650279736
854 9.16253452289
855 8.94514372557
856 8.7844306388
857 9.02305227409
858 8.68607923719
859 8.61686801877
860 8.58526266065
861 9.1033002229
862 9.07226587414
863 8.44073232447
864 8.72123768955
865 8.76541636863
866 8.77762132559
867 9.15586973551
868 9.03566621501
869 8.9628425094
870 9.27872790166
871 9.32604004932
872 8.85571002259
873 8.92492405136
874 9.04224746934
875 8.87745594147
876 9.11219275182
877 8.71783029127
878 8.37208192855
879 8.46577162304
880 8.38491608888
881 8.15360190991
882 8.4971624202
883 8.5297975178
884 8.00953491559
885 7.93456272883
886 7.86366725692
887 8.09634606045
888 7.86201855621
889 7.94438863146
890 8.15416278765
891 7.90590576412
892 7.6292560879
893 8.1765828524
894 8.62856561702
895 8.20974352138
896 8.30438206626
897 8.23283609735
898 8.3590970155
899 8.55462347269
900 8.21941030193
901 8.0694895899
902 7.88939910847
903 7.64582434405
904 7.80311658739
905 7.2812361887
906 7.34030938349
907 7.38191809418
908 7.18872946974
909 7.65112911454
910 7.55261291156
911 7.55743308933
912 7.88472660829
913 7.62504385483
914 6.95459712193
915 6.89944997073
916 7.36437609202
917 7.32163946401
918 6.92646844963
919 7.18161486617
920 6.91007541291
921 7.11650598366
922 6.98639183407
923 6.90569886744
924 7.3148834257
925 7.46834539406
926 7.49364947715
927 7.80962674872
928 7.47238479743
929 7.4978066187
930 7.57867824984
931 7.25387797834
932 7.32401504313
933 7.50264189912
934 7.61316810603
935 7.65575995384
936 8.17996814988
937 7.97659832888
938 8.47265134421
939 8.21490330882
940 8.33092806597
941 8.44637486209
942 8.91890727301
943 8.96488219392
944 9.10877079198
945 9.00223405669
946 9.27730183535
947 9.10241471888
948 8.65823688024
949 8.27183881236
950 8.30508460113
951 8.23475184312
952 8.37768516123
953 8.25327868929
954 8.3085427088
955 8.40615045072
956 8.46425358843
957 8.59838139262
958 9.08661643057
959 8.93540403438
960 8.77401699094
961 9.32429815569
962 9.50417503825
963 9.31069508315
964 9.62149240259
965 9.77313862335
966 9.66724990423
967 10.469948317
968 10.2878746572
969 10.3935037742
970 10.399351042
971 10.2756373379
972 10.2130211223
973 9.98373501772
974 10.1009550155
975 10.5045833371
976 10.403202802
977 10.8255302933
978 10.5904069683
979 10.6344447233
980 10.6186755188
981 10.5523884582
982 10.5051674653
983 10.3558408429
984 10.0407742261
985 10.5798336185
986 10.8381677039
987 11.1793067677
988 11.3575674667
989 11.09590666
990 11.1533208547
991 10.995058629
992 10.8951948706
993 11.0912496104
994 10.8969015796
995 10.9570278699
996 11.3478024221
997 11.0362765571
998 11.0936113827
999 11.6655472707
