0 0.0
1 -0.0365918790904
2 -0.18391999858
3 -0.106851232954
4 -0.0526713947855
5 -0.0994091766486
6 0.237783067516
7 0.188570916979
8 0.167973305716
9 0.243094084542
10 0.273352315649
11 0.288216956181
12 0.178850197589
13 0.414198833069
14 0.259184147493
15 0.222907362531
16 -0.0535633789805
17 0.082480256502
18 -0.0142376996969
19 -0.0928966022133
20 0.0319655420377
21 0.271631630776
22 0.271425923337
23 0.12716429727
24 0.17759968195
25 0.0867440475958
26 -0.112499443573
27 -0.165906909498
28 0.264611969849
29 0.366184528726
30 0.0668058772017
31 0.49961647779
32 0.106781099986
33 0.604914636854
34 0.0787255378981
35 0.139583613929
36 0.471519085906
37 0.31993709431
38 0.316602175187
39 0.115433311665
40 0.276589457826
41 0.141064654053
42 0.580017429834
43 0.383677056566
44 0.451635420552
45 0.130690701462
46 0.367163132225
47 0.202572716204
48 0.201951310757
49 0.256477507401
50 0.315702858658
51 0.330552279493
52 0.385287420225
53 0.0715428643191
54 0.193946650752
55 0.254713493702
56 0.203661219283
57 0.230549309059
58 0.417828095374
59 0.269174918485
60 0.133424988707
61 0.351499685107
62 0.244804208075
63 0.167363138215
64 0.333971620001
65 0.300491887062
66 0.165933696592
67 0.238474173096
68 0.184871881109
69 0.209019209917
70 0.299268810574
71 0.131538020492
72 0.314276842689
73 0.224023083559
74 0.237856756218
75 0.240883171148
76 0.418452672916
77 0.357555079771
78 0.188576707582
79 0.377497005374
80 0.136615724834
81 0.305975433972
82 0.281672656835
83 0.0467045692192
84 0.27092423712
85 0.0317882480672
86 -0.157218845001
87 0.0830292185357
88 0.199569434459
89 0.273050457844
90 0.303151807707
91 0.0116584671637
92 0.152917198191
93 0.288449295592
94 0.161293238701
95 -0.0217909482123
96 0.129360859471
97 0.214324542025
98 0.350761378634
99 0.421972428133
100 0.479645280566
101 0.610082308847
102 0.602309196583
103 0.35586672474
104 0.61798799033
105 0.198385440874
106 0.0122972546618
107 0.488468245861
108 0.182850527051
109 0.196895530252
110 0.223212380028
111 0.355359087399
112 0.40289759083
113 0.491200289773
114 0.758754525468
115 0.542014962447
116 0.471679761464
117 0.0978099164567
118 0.145045092389
119 0.457318880689
120 0.742439088754
121 0.370211428519
122 0.210599352094
123 0.661274998979
124 0.537224758238
125 0.577242938538
126 0.492361408759
127 0.549846760047
128 0.478270167824
129 0.478184306543
130 0.422890696375
131 0.402816038312
132 0.5240021696
133 0.400926192591
134 0.0910990301863
135 0.5210713682
136 0.446459463805
137 0.487180928863
138 0.506936979794
139 0.514005209367
140 0.608030596151
141 0.555634519342
142 0.713222512127
143 0.728339869951
144 1.10288256153
145 0.922915119727
146 1.36131027918
147 1.32737754808
148 1.09701833172
149 1.04423235956
150 0.943761441055
151 0.966322985217
152 1.05225478659
153 0.806937202048
154 0.888280475013
155 0.927463750672
156 0.9635580795
157 1.3495897701
158 1.22505837443
159 1.41245356313
160 1.53895080249
161 1.2233428077
162 1.35686123955
163 1.17345249179
164 1.10152668574
165 1.29308147069
166 1.33251020242
167 1.04856129111
168 1.59835895562
169 1.50983671249
170 1.35620467741
171 1.34760969548
172 1.43114624079
173 1.56579257104
174 1.93811978745
175 1.75286727294
176 1.85117766136
177 1.80338620982
178 2.06848434599
179 2.06123572116
180 2.41902908257
181 2.30886765527
182 2.08364185556
183 2.49773445387
184 2.26647205256
185 2.20548298509
186 2.65626968439
187 2.44802142511
188 2.70122727168
189 2.93004965426
190 3.04268305376
191 2.92937811514
192 2.95124881473
193 2.70426372756
194 2.75406980556
195 2.94325943535
196 2.37340256521
197 2.98293677342
198 3.21773984042
199 2.93277147405
200 2.91991521063
201 2.56924866687
202 2.53386987579
203 2.59552912743
204 2.32971789286
205 2.19466838217
206 2.50886446137
207 2.62352770056
208 3.05680679854
209 2.76251078847
210 2.83994502185
211 2.44068185157
212 2.75478106515
213 2.47000665601
214 2.50513572235
215 2.45749372522
216 2.39396504808
217 2.16291708907
218 2.39195833503
219 2.20532289397
220 1.91944705406
221 2.33038580388
222 2.20638670058
223 2.22617127843
224 1.76041820653
225 2.18974185217
226 2.39896379954
227 2.73034494824
228 2.90100808832
229 2.74805385553
230 3.06663571392
231 2.87229673689
232 3.34181062526
233 3.33336209239
234 3.32282951599
235 3.68438087733
236 3.75861498855
237 3.78519501038
238 3.89134158275
239 3.59758581444
240 4.00734377962
241 3.21553501546
242 3.2990011777
243 2.93703705008
244 2.99064302911
245 3.20123926146
246 3.18897839843
247 3.0492291766
248 3.641316681
249 3.329250357
250 3.43911119946
251 3.65750847735
252 3.55915279099
253 3.41597408785
254 3.4939383477
255 3.60188433221
256 3.76191944725
257 4.0236553895
258 4.25639092902
259 4.30638635995
260 4.5868398262
261 3.99687803012
262 3.83392549628
263 3.48203188046
264 3.40662754454
265 3.78696003747
266 3.58929441099
267 3.43545983506
268 3.60423386423
269 3.22479321593
270 3.48897684935
271 3.44270853749
272 3.32263872096
273 3.40595484753
274 2.90516070422
275 3.15434231924
276 2.37820501046
277 2.85478447354
278 3.00266438882
279 3.1127318241
280 3.10384595008
281 3.08239291713
282 2.77553300506
283 3.09603750913
284 2.78627292229
285 2.70550618419
286 2.99774145752
287 2.99610330499
288 3.4928905186
289 3.26956117491
290 3.50633887664
291 3.43462917678
292 3.47950488221
293 3.18566858091
294 3.05136409855
295 3.11895301135
296 3.39591548198
297 3.87255058059
298 3.57044397442
299 3.61280396233
300 3.44939261122
301 3.45721118523
302 3.80934384553
303 3.4768151441
304 3.52758811356
305 3.58660072754
306 3.87126283201
307 3.44068443372
308 3.73602532316
309 3.76903451154
310 3.90220547508
311 3.66019271127
312 3.09190553663
313 3.28700889725
314 3.6616046556
315 3.97380743798
316 3.60554020821
317 3.3513505895
318 3.78858223178
319 3.58343419826
320 3.74309728454
321 4.07640709006
322 3.78671549045
323 3.54837737203
324 3.39889875979
325 3.60507600847
326 3.23278583466
327 3.51491885865
328 3.18914251179
329 3.01545961538
330 2.87323629488
331 2.86476235069
332 2.82688361108
333 2.60101950074
334 2.90577186831
335 2.96217377578
336 2.82864718912
337 2.78921243248
338 2.9183589967
339 3.08622956552
340 2.52098979262
341 2.59174830623
342 2.63361566357
343 2.48095534436
344 2.8948456902
345 2.75424293844
346 3.08719880362
347 2.99829975236
348 3.0806999526
349 2.91223633339
350 2.94350283633
351 2.76415430412
352 2.75942972774
353 2.52478998249
354 2.5903894613
355 2.72727176771
356 2.67805112375
357 3.00169139438
358 2.31408431627
359 2.65702011746
360 2.71120154226
361 2.87183801497
362 3.00522788416
363 3.12888552762
364 3.0322237738
365 2.63734283792
366 3.04460984411
367 3.13698316493
368 3.00671223277
369 3.00747511079
370 2.83953598397
371 3.154984847
372 3.0142471384
373 3.36440230014
374 3.13311249768
375 3.40636479759
376 3.35613693871
377 3.15798713215
378 3.62660833359
379 3.31889931962
380 3.26726076597
381 3.42832246759
382 3.40434708309
383 3.49182874538
384 3.28323096656
385 3.40218392761
386 3.36767524495
387 2.996476141
388 2.84679818264
389 3.14807207669
390 3.23454833591
391 2.79667269216
392 2.96378742134
393 2.88937622376
394 2.75241643095
395 2.52694338051
396 2.7588283125
397 2.33199405988
398 3.18261651489
399 2.73979722586
400 3.33269815445
401 3.48444266506
402 3.07757704312
403 3.06124784603
404 3.29465087162
405 3.79044021939
406 3.87421913799
407 3.80859466396
408 3.93985163842
409 4.17694492986
410 3.63727157092
411 4.09871027534
412 3.74624456283
413 3.79168858323
414 3.96661344768
415 4.02147411664
416 3.79939730394
417 4.3974595393
418 4.24211674543
419 4.39183499534
420 4.62569725546
421 4.49561160578
422 4.72679130553
423 4.62653957306
424 4.49077955859
425 4.00645077664
426 3.90052504508
427 3.91570559777
428 3.72880221736
429 3.45559203351
430 3.46601591486
431 3.64251186157
432 3.96172582627
433 3.38288382057
434 3.55402736048
435 3.37317450973
436 3.01224603461
437 3.06419258823
438 3.39518736205
439 3.46739066407
440 3.52350678976
441 3.83765070145
442 3.50172111747
443 3.20743905365
444 3.16316620735
445 3.80234263377
446 3.42215816476
447 3.76848891272
448 3.4767468683
449 3.57737873285
450 3.51113059799
451 3.33011058084
452 3.60714080641
453 3.3311267023
454 3.61390686353
455 3.40263771745
456 3.00612545135
457 2.8160854636
458 3.04085934342
459 3.13049514436
460 2.96409605046
461 3.62613422088
462 3.32466005044
463 3.24342936831
464 3.050569401
465 2.93222211264
466 3.50212099089
467 3.23437772593
468 3.07203934363
469 2.92594911443
470 3.5114634492
471 3.40674562805
472 3.68650761732
473 3.1610075477
474 3.31939741597
475 3.5126529657
476 3.38896519575
477 3.32144280744
478 4.07493604105
479 4.05441836172
480 3.93207301312
481 3.83572478462
482 3.66340290402
483 3.21052546323
484 3.1418843549
485 3.20093173772
486 3.58475788753
487 3.31766223856
488 3.25133486285
489 3.48096123818
490 3.42473832064
491 3.71026261773
492 3.52341758128
493 3.82496144926
494 3.5322518094
495 3.86555051339
496 4.37187843527
497 3.89024470937
498 3.76307153032
499 3.93724975103
500 3.76186852711
501 4.19717747002
502 3.83373397377
503 3.00045886337
504 3.12978361999
505 2.56605686086
506 2.92791066259
507 3.06604841203
508 2.84762694593
509 2.74849560139
510 3.05024283029
511 3.2930126907
512 3.39670208912
513 3.66318310136
514 3.65438587266
515 3.22401236005
516 3.35361254015
517 3.66399473615
518 4.36259384024
519 4.17154300403
520 4.06439845429
521 4.25473186488
522 3.95270429783
523 3.50670015994
524 3.85351005755
525 3.85341660181
526 3.29264413697
527 3.15063812662
528 3.02535868888
529 3.08051436998
530 3.36369174928
531 3.51925567334
532 3.53024364911
533 3.96760288002
534 4.20732745011
535 4.6638188222
536 4.81180486665
537 4.84743085573
538 4.76869174127
539 5.44954979036
540 5.82540899204
541 6.04278598983
542 6.16810585848
543 5.61794870212
544 5.8509452471
545 5.95340721863
546 5.33700671874
547 5.00103784045
548 5.45568623366
549 5.68811481682
550 5.18348117257
551 5.3941323268
552 5.43184352842
553 5.11862637445
554 4.75088632617
555 5.04755082651
556 5.80725429484
557 6.37267986883
558 6.65185378823
559 6.99103429503
560 7.11865647706
561 6.90182912417
562 6.74137413236
563 7.1158392016
564 7.57123554793
565 7.42367558606
566 7.47201882429
567 7.15601613146
568 7.71143689143
569 7.64420071415
570 7.73078439922
571 7.39395257764
572 7.67878663694
573 7.76756090708
574 7.86024347537
575 7.75541038434
576 8.34898076854
577 8.27697025748
578 7.91449359448
579 7.21834719103
580 7.54874322259
581 7.52163147069
582 7.21112881816
583 7.70957647686
584 8.13055089445
585 8.07523173509
586 8.84352909583
587 8.77229687732
588 9.02266154891
589 9.37923708016
590 9.6934434377
591 9.82735145554
592 10.3741961791
593 9.97214393989
594 10.0073875054
595 10.1303124302
596 9.84090555441
597 9.96809798538
598 9.85620836969
599 9.23348771489
600 9.70648270303
601 9.47855002383
602 8.68247458507
603 8.96650582091
604 9.33596954749
605 9.68786944075
606 9.98605113342
607 10.2269849062
608 10.2651793923
609 10.0983363464
610 9.6240132387
611 9.96094378512
612 10.179461067
613 10.5374962788
614 9.67434283194
615 9.20514013333
616 8.68202127348
617 7.62484938302
618 7.38370972604
619 8.31672330007
620 8.8170578713
621 8.13315451766
622 7.83736559798
623 7.8105495189
624 8.00927830875
625 8.00551356763
626 7.72439797857
627 7.21069998154
628 7.3396093615
629 6.97574309192
630 7.45853074983
631 7.23529402016
632 7.14105714318
633 7.93364502905
634 7.46727898481
635 7.10182676086
636 7.14911245606
637 7.49176552917
638 8.3974829062
639 8.76138051334
640 8.63096812587
641 8.25774822706
642 8.10653908427
643 7.23478197334
644 7.5447453775
645 7.77483812967
646 7.25639340658
647 7.75456571798
648 7.75481727349
649 7.64888107793
650 7.82951351952
651 7.70371005374
652 8.55191372333
653 9.15578558415
654 8.18198309105
655 8.82820713248
656 8.85786365092
657 9.66695857881
658 9.49869957897
659 8.84539842871
660 8.59249700704
661 8.04691010972
662 8.09921225629
663 7.79828395809
664 8.45840839083
665 9.38671008989
666 9.25051592794
667 9.70861770809
668 9.75860800788
669 10.1095860091
670 10.2856742155
671 10.2377343251
672 9.74425464081
673 9.66652316978
674 9.9537408462
675 10.0555740269
676 9.16558461201
677 9.31256719855
678 9.52086470926
679 8.88962860941
680 9.01995963673
681 9.73936891199
682 9.34036706515
683 8.92967181298
684 8.87010567675
685 9.38726557189
686 9.36966299541
687 9.81729001204
688 9.5169789708
689 9.75123061167
690 10.1190640762
691 9.70393183801
692 9.38714881056
693 8.49206679367
694 8.64848226043
695 8.44321403699
696 8.11833030691
697 8.61716610252
698 8.333633852
699 8.39502725519
700 8.26476744852
701 7.76018070991
702 7.45910000507
703 7.28699967309
704 7.38102238743
705 7.38890850416
706 7.05116900112
707 6.1625928298
708 6.02312028004
709 5.8018568926
710 5.54449167171
711 5.59379739275
712 6.11679822282
713 6.41569820631
714 6.5656158317
715 6.82102127519
716 7.0921370983
717 7.42854041705
718 7.64990074635
719 7.79961974266
720 7.14302592441
721 7.13446161152
722 7.37734094267
723 7.74058752591
724 7.6091103262
725 7.14766932921
726 7.10872447238
727 7.10983958597
728 7.62447324534
729 8.55353491863
730 8.12741048844
731 8.04903007683
732 7.90907647638
733 8.64903058899
734 9.5455116575
735 9.09748222979
736 8.72487882386
737 9.08636003603
738 9.23759701479
739 9.5499995555
740 9.12248760626
741 9.41343387411
742 9.22820759582
743 9.59575492821
744 9.55184983112
745 9.71940234513
746 10.5848136245
747 10.7423744685
748 10.361816907
749 10.6897665587
750 10.6895309094
751 11.2892145378
752 11.8905675912
753 12.311019451
754 12.2810700772
755 12.2230744427
756 12.0738270899
757 12.2946275251
758 12.5981752225
759 12.5793716588
760 12.9270360555
761 13.0725725699
762 12.5289631113
763 12.0855134467
764 11.2701840834
765 11.7741108389
766 11.6972274079
767 12.0435175767
768 12.7399523011
769 12.804258834
770 12.9567914428
771 12.9410997112
772 12.8107817286
773 13.1667990745
774 12.784885872
775 13.0516110929
776 13.6699984271
777 13.2688618399
778 11.3947600381
779 11.9389840889
780 13.5396915545
781 13.0576427033
782 13.2243374498
783 13.6962801024
784 11.8129564851
785 13.1372368719
786 13.2099834872
787 13.2084138743
788 13.3459113248
789 10.9015835144
790 10.3884371506
791 10.2201634775
792 11.4462305277
793 11.9994010954
794 13.4880851389
795 13.5326197021
796 13.9086640368
797 14.3487693516
798 14.8298488518
799 13.8477374882
800 14.2330357162
801 14.4145526722
802 14.0850151195
803 13.8244450468
804 14.2354050102
805 14.7528656882
806 14.2660902222
807 13.8503754498
808 13.1675014705
809 13.450931692
810 13.7224040838
811 14.467562718
812 14.4866277518
813 14.7460600094
814 15.1435960765
815 15.4884445541
816 14.512622075
817 14.8772847975
818 14.4205114667
819 14.3179689697
820 14.7595587463
821 14.9840720861
822 15.1693881186
823 15.6266788369
824 15.0486863314
825 15.4336098177
826 15.4993390167
827 15.4034059811
828 15.3750295262
829 15.1176412202
830 15.129457905
831 14.7598464028
832 14.6574995477
833 13.8804832346
834 13.6041240962
835 14.1902481024
836 13.7080799343
837 14.5819212507
838 14.5442665085
839 14.6097673413
840 14.5994078522
841 13.9551088263
842 14.0294984844
843 14.2637395645
844 13.934007128
845 14.4807835585
846 13.9203452699
847 14.0315182582
848 13.7852646201
849 13.7181613882
850 14.2109425479
851 14.6423143475
852 15.1040412315
853 15.3428313142
854 15.7237072373
855 15.878267502
856 15.3136273742
857 15.2667425108
858 14.7834035659
859 14.6976908031
860 13.8539233558
861 14.0728746875
862 14.4049228577
863 13.9964119254
864 13.7242075617
865 12.8098571007
866 12.9827358381
867 13.2053702019
868 13.5116450655
869 13.0917166176
870 12.9994135357
871 13.1325523152
872 13.0370595793
873 12.5317833299
874 13.373833226
875 12.8722096815
876 12.8745089234
877 12.5365413456
878 12.1620417298
879 12.0730403573
880 11.869544448
881 11.674561027
882 11.9633814859
883 12.4156916861
884 11.9486535661
885 11.5952561992
886 10.9573133037
887 11.8697858587
888 12.3419745527
889 12.2310583221
890 12.0651119143
891 11.9068041582
892 12.1177281609
893 12.4152341297
894 13.0229374419
895 12.8921132598
896 13.3906110784
897 12.5603601543
898 11.8766232582
899 11.5052086309
900 11.8950389957
901 12.0062115816
902 12.8240487006
903 13.1644097484
904 12.4509068681
905 12.8523799196
906 13.3690937123
907 13.4516711143
908 12.8704944992
909 12.4922395092
910 12.9062056723
911 12.8257462265
912 13.6408720532
913 13.8701563807
914 14.3468757039
915 14.7778747141
916 14.5787570631
917 14.1847307068
918 14.2398608497
919 14.3883862455
920 14.0675812155
921 13.7379411231
922 14.0127937256
923 13.3072790466
924 12.46686662
925 12.7045290864
926 12.395217463
927 11.8373700151
928 12.2515370989
929 12.5692532974
930 12.6937096773
931 12.4196036608
932 11.4910037304
933 11.3124226616
934 10.8187102284
935 10.6510649564
936 9.88008605666
937 9.74595407613
938 9.3220168964
939 9.74100169379
940 10.5438063284
941 10.0027405409
942 9.92638749274
943 10.118207896
944 10.8954026096
945 10.5900019524
946 10.7032050062
947 10.1633755756
948 10.017132075
949 9.43926523068
950 9.5209411062
951 9.39549495291
952 10.0137314081
953 10.5663352346
954 10.313713258
955 10.3306819492
956 10.9609086582
957 10.8474544047
958 11.2732149091
959 11.3319077582
960 11.37346179
961 11.2017024629
962 11.1932531272
963 10.7526411867
964 11.5546419333
965 11.442899633
966 11.4788809
967 11.4883362016
968 11.2819378006
969 11.0798392413
970 11.1284621688
971 10.8900034391
972 10.9755695033
973 10.5856779442
974 10.0129430502
975 9.50891611846
976 9.00576825989
977 9.47012722391
978 9.68779215854
979 10.1809459522
980 9.77229387005
981 9.32701724734
982 8.97477516878
983 9.19873349362
984 9.58392848546
985 9.02711560545
986 9.62866109712
987 8.74019288362
988 9.28083668561
989 9.73842962169
990 10.0815105057
991 9.77608483502
992 9.49080920865
993 9.89426804524
994 9.50377555415
995 9.98967722334
996 9.98060792975
997 10.8696848031
998 10.9250961136
999 10.0480291151
