0 0.0
1 -0.245061090252
2 0.00020321135398
3 -0.0163531325227
4 -0.239419141757
5 0.0446935988556
6 0.0151386384813
7 0.00186654997774
8 0.100384617859
9 0.208408621596
10 0.0628579871014
11 0.112111225416
12 -0.0905676742348
13 -0.0354695900405
14 -0.0522325281669
15 -0.250260911401
16 -0.00996333400548
17 -0.372596613261
18 -0.202936740268
19 -0.13028403231
20 -0.156037958234
21 -0.113631068144
22 0.121722367693
23 -0.0879937876879
24 0.181509663264
25 0.137785420053
26 0.258650270336
27 0.192174373427
28 0.102136782908
29 0.170659706618
30 0.220002185925
31 -0.112473510348
32 0.064326902275
33 0.112565856939
34 0.0292191433554
35 0.0439160070331
36 0.240110985048
37 -0.0712903513505
38 -0.128383348851
39 0.0114441419646
40 -0.0527262549676
41 0.0524390338769
42 0.0730880122194
43 -0.109783888127
44 0.119688790278
45 -0.0559443629601
46 -0.0824759457946
47 -0.218143354325
48 0.0181551278007
49 0.0817059009521
50 0.0148247936923
51 -0.15634509054
52 -0.0430868698546
53 -0.0533066193135
54 -0.0980702962467
55 -0.227227912254
56 -0.185150421996
57 -0.158012516681
58 -0.234736251276
59 -0.174183352536
60 -0.0482130691836
61 -0.187320895653
62 -0.176268873441
63 -0.0885320129595
64 0.0252810762351
65 -0.0441416655041
66 0.0728025506168
67 -0.18222793214
68 0.193294500839
69 0.0211004307297
70 -0.0799289738313
71 -0.0139277073304
72 -0.0301518113434
73 -0.235000165211
74 -0.117947687911
75 -0.058115969267
76 0.0427580109726
77 -0.249828125469
78 -0.112279304945
79 -0.0821274812991
80 0.0221117788056
81 -0.116032365332
82 0.0203041771888
83 0.0761655415669
84 -0.0538016715697
85 -0.0924022888465
86 -0.317061948587
87 -0.079881954852
88 -0.104321819039
89 -0.0782930158449
90 0.0571865963171
91 0.0640306084446
92 -0.0334787365662
93 0.120484865748
94 0.192695906767
95 0.0532981303963
96 0.225073584199
97 -0.0490195619657
98 0.0714114979096
99 -0.110176129496
100 -0.0267989822735
101 0.0954702957252
102 0.0818721378235
103 0.0862731670443
104 0.0723204375199
105 0.147208938911
106 0.228171275206
107 0.105927668323
108 0.0176552085615
109 0.0383641560571
110 0.123490720736
111 0.134674321495
112 0.126348949479
113 -0.0271011639731
114 0.0996562639307
115 0.0827813796048
116 0.00111888662783
117 -0.00171331493571
118 0.0933111290191
119 0.229738440209
120 0.176575518276
121 0.400724493871
122 0.189211937032
123 0.156090134858
124 0.221562060385
125 0.256169999029
126 0.285871898335
127 0.310981708219
128 0.316267360898
129 0.137374029015
130 0.072087509756
131 0.174997141998
132 -0.063755195615
133 0.254090375611
134 0.0486681512873
135 0.365679807445
136 0.345490265041
137 0.0681356045752
138 0.0544687098709
139 0.321686337429
140 0.00641056095158
141 0.373337054358
142 0.263657882901
143 0.339045536528
144 0.373396479185
145 0.412757303525
146 0.484476025334
147 0.436831322364
148 0.296300523356
149 0.391589099822
150 0.526120925369
151 0.710646635601
152 0.435777582221
153 0.481171692617
154 0.508980816764
155 0.336538341516
156 0.401575337778
157 0.216531354833
158 0.547688525344
159 0.402945804329
160 0.381445181219
161 0.316731286107
162 0.126153875727
163 0.197170692973
164 0.314468180106
165 0.44557853679
166 0.196235893164
167 0.405326754336
168 0.293059926914
169 0.206161426314
170 0.0962715558919
171 0.135018286019
172 -0.0884807642368
173 0.164883482315
174 0.181780366314
175 0.129953697165
176 0.248902704639
177 0.14958224007
178 0.211597058728
179 -0.00100262875115
180 -0.0543797787372
181 -0.206322348087
182 -0.122138835673
183 -0.000920729511542
184 0.103552325324
185 -0.0706171222831
186 0.146102335183
187 -0.0625090135179
188 0.307071718439
189 0.154976891914
190 0.0749680231154
191 0.235359947392
192 0.234782549373
193 0.246994782434
194 0.205901575413
195 0.139272784381
196 0.0950852538777
197 0.323527877667
198 0.0277313832294
199 0.123297489553
200 0.238069415949
201 0.453366979246
202 0.0193430422066
203 0.34580344295
204 0.229434687107
205 0.289677714097
206 0.306461150467
207 0.426050470589
208 0.552071829437
209 0.415944539321
210 0.358506610799
211 0.270870350544
212 0.202026948776
213 0.24007620547
214 0.412012043306
215 0.223758579949
216 0.261489667985
217 0.266423599364
218 0.493109366033
219 0.73785082076
220 0.600480635353
221 0.646938607862
222 0.526885142527
223 0.402251360567
224 0.269137326364
225 0.201142869029
226 0.406265768263
227 0.393428677481
228 0.625007513882
229 0.454368248298
230 0.39231790239
231 0.28402877367
232 0.278188761677
233 0.270167908843
234 0.352243519709
235 0.341605214454
236 0.391877163238
237 0.269982174396
238 0.343800525983
239 0.527173141851
240 0.324003772483
241 0.38764431146
242 0.324675464543
243 0.276575509546
244 0.538858660712
245 0.530198149714
246 0.356494873639
247 0.180194796588
248 0.309998447474
249 0.290101559735
250 0.389546388584
251 0.386010804747
252 0.419548225639
253 0.273059745987
254 0.356395403806
255 0.468720327732
256 0.0455498187337
257 0.335842269185
258 0.561582947315
259 0.630447833297
260 0.706233091068
261 0.491201228967
262 0.415278312688
263 0.252036984396
264 0.451578706093
265 0.179367203558
266 0.482772500131
267 0.298178423943
268 0.16858793492
269 0.595412159928
270 0.204158318419
271 0.309024409046
272 0.347666668014
273 0.468431056123
274 0.153518039953
275 0.111243475196
276 0.211100513243
277 0.302251164976
278 0.527280306369
279 0.369631522037
280 0.605957202011
281 0.221486397705
282 0.317556043655
283 0.345583185575
284 0.184288388923
285 0.184603179679
286 0.23691685111
287 0.293278816862
288 0.269147670517
289 0.424651210485
290 0.412698691787
291 0.266500163456
292 0.329274657246
293 0.144978930873
294 -0.0834797628442
295 0.157404496472
296 0.134913203933
297 0.350910000458
298 0.304306782459
299 0.536791396389
300 0.426195411018
301 -0.183770412744
302 0.398662841621
303 0.499356271591
304 0.378639219707
305 0.354540343153
306 0.292298322955
307 0.46587252877
308 0.439953784267
309 0.424360159654
310 0.419839579574
311 0.428371419748
312 0.00677904308839
313 0.357432771903
314 0.065889376627
315 0.236507859343
316 0.378854462897
317 0.454535680266
318 0.243847792831
319 0.251922134241
320 0.285634768433
321 0.152404985012
322 0.402724727821
323 0.378166688148
324 0.130587890221
325 0.469627708779
326 0.640606786112
327 0.559565850534
328 0.317796863499
329 0.298554030043
330 0.34878558606
331 0.376207510503
332 0.581254461275
333 0.529808800068
334 0.477983061136
335 0.403270570331
336 0.751764311862
337 0.49380155772
338 0.276961567661
339 0.414993745121
340 0.406397640016
341 0.420850435816
342 0.329153521198
343 0.478433198809
344 0.344794562901
345 0.478182240266
346 0.55583041608
347 0.653005247981
348 0.538061480295
349 0.262986540505
350 0.627908561475
351 0.548985602364
352 0.571366857824
353 0.707833946308
354 0.42948777373
355 0.581051418018
356 0.763819384729
357 0.718174064719
358 0.674229989437
359 0.580687306233
360 0.632443683956
361 0.670334065534
362 0.662461780803
363 0.645720331478
364 0.427853499854
365 0.595014048171
366 0.703700959752
367 0.915819242505
368 0.565468426789
369 0.515491666217
370 0.515576629895
371 0.54912158379
372 0.724458513522
373 0.907275955182
374 0.686427463112
375 0.664756919086
376 0.463308671165
377 0.570286860365
378 0.923683890046
379 0.693643656889
380 0.827034134336
381 0.905959813764
382 0.786471478744
383 0.649610922654
384 0.931673097384
385 0.935911090434
386 1.06714964029
387 0.809145038105
388 0.752904546582
389 0.765962803034
390 0.973665765296
391 0.936822241489
392 0.920159682204
393 0.896540450404
394 0.91045949498
395 0.767567987986
396 0.697426535329
397 0.693922266611
398 0.741094225392
399 0.711060492848
400 1.05674600801
401 0.791806024751
402 0.71113560524
403 1.17099994439
404 1.03930584129
405 0.913499049176
406 1.44296044443
407 0.86067012148
408 0.772216974365
409 0.996764069
410 0.834384509887
411 0.80742515881
412 1.07551652753
413 0.843148204753
414 1.12651793234
415 1.52541390893
416 1.22521340692
417 1.49403413945
418 1.62546547028
419 1.82782617076
420 1.71529271699
421 1.40248504917
422 1.47433490715
423 1.71563568493
424 1.60711939414
425 1.64299212574
426 1.28341706243
427 1.38156930492
428 1.46535221605
429 1.54184563029
430 1.67977057246
431 1.65814029717
432 1.48497736613
433 1.52669007329
434 1.33113516394
435 1.8069270804
436 1.95625224084
437 1.47978328359
438 1.94483046761
439 1.87322812922
440 1.50288443755
441 1.57398203797
442 1.7924050823
443 1.84311752217
444 1.87010469556
445 1.71203997741
446 1.71755965168
447 1.90887730436
448 1.87701938035
449 1.88481444142
450 1.63526925691
451 1.63256615872
452 2.01860819363
453 1.8161123794
454 1.91068114657
455 1.94549574739
456 2.35322454533
457 1.7843403936
458 2.06458424086
459 1.89456675294
460 2.14679681977
461 1.68824565163
462 1.93291920817
463 2.00131804831
464 2.11803102464
465 2.33656179418
466 2.05680398369
467 1.69016815365
468 2.21254082465
469 1.97532969166
470 1.93597209192
471 1.84794688174
472 1.81518571303
473 2.00506456248
474 2.0187040218
475 2.18301152034
476 2.03246373688
477 2.04287632264
478 2.14470706413
479 2.29125384078
480 1.7465292743
481 2.08478332154
482 2.44931217437
483 2.17920902565
484 2.07130632829
485 2.04830299832
486 1.96006562042
487 2.07304624479
488 1.9379030418
489 1.98798120985
490 2.28478153286
491 2.32029894284
492 2.22908085361
493 2.58754479405
494 2.0684999013
495 2.41701608217
496 2.10526615669
497 2.18055794274
498 2.08159695279
499 2.22311882212
500 2.12704045512
501 2.45489868335
502 2.01735290367
503 2.4164975626
504 2.50911610629
505 2.51369838271
506 2.59090162003
507 2.27752947115
508 2.11901257082
509 2.26626167648
510 2.83109708944
511 2.74885879996
512 2.64017138787
513 2.95759766857
514 2.80399624681
515 2.69491649002
516 2.61624489557
517 2.93165611183
518 3.60181607446
519 3.44015621486
520 3.36378147124
521 2.99397238631
522 2.95161493479
523 3.81906403156
524 3.7009156604
525 2.80572109318
526 2.77494602721
527 2.85983961538
528 3.83425856668
529 4.12016709951
530 3.44707208191
531 2.82850243691
532 3.18805321394
533 3.00502598363
534 3.35996416605
535 3.4649747042
536 3.69428635609
537 3.91918954033
538 3.85155337429
539 3.59785303291
540 4.19311552156
541 4.02359461839
542 4.16074374644
543 4.67920290721
544 5.0814589688
545 4.61285869699
546 4.34750737777
547 4.18237671032
548 4.18454123224
549 4.12896650846
550 3.98514871307
551 4.46665328626
552 4.31974101507
553 4.8625071919
554 5.29465617535
555 5.57761104608
556 6.35664191202
557 5.60679132426
558 5.69723257451
559 5.5317360619
560 5.39733021637
561 5.32092406083
562 5.13686782162
563 5.55420702799
564 5.13753704133
565 4.94637628733
566 5.18366151548
567 5.68216974066
568 6.13547298955
569 5.65366837042
570 5.38298261579
571 4.19683962535
572 4.090810602
573 3.9427872359
574 3.90624133768
575 3.1628908352
576 3.28072019167
577 3.31810877338
578 2.93658965562
579 2.84179299995
580 3.54087399587
581 3.64651351854
582 3.94056002319
583 4.35058589004
584 4.0794711659
585 4.33221329831
586 4.73885129918
587 4.37109744232
588 4.87916620606
589 4.56534519508
590 4.36951989724
591 4.43793159353
592 3.90703532811
593 3.89163738052
594 3.68211185905
595 3.61277198441
596 3.13808328006
597 3.17888060533
598 3.19371039094
599 3.26441407942
600 3.63219892286
601 3.4536292513
602 3.11884767928
603 2.7210858967
604 2.91647489671
605 2.87129443528
606 3.21905201462
607 3.59189336015
608 3.01156556416
609 3.39989669064
610 4.38380696391
611 3.70613049557
612 3.76328827173
613 3.36426458736
614 3.28115381219
615 3.21021663537
616 3.40749542282
617 3.01549830322
618 2.89962535682
619 2.90831057724
620 3.13474486279
621 3.05072677353
622 2.49653882494
623 2.54120298169
624 2.3066955516
625 2.48219427437
626 2.41751398001
627 2.5968494797
628 2.83095972497
629 2.53647716001
630 2.51034478486
631 2.50533145601
632 2.24679256032
633 1.96187837498
634 1.78984122743
635 1.43082374752
636 2.07782944522
637 1.6379149505
638 1.4725168521
639 1.68288813915
640 1.48096303119
641 1.54620373096
642 1.7764877204
643 1.37432844896
644 1.99067628379
645 2.27769032365
646 1.98560578047
647 2.1252607571
648 2.48124571229
649 2.59084075317
650 2.21267985592
651 1.68975058537
652 1.66018404347
653 1.71411819618
654 2.05429510072
655 2.34822079543
656 2.30170146452
657 2.50238788513
658 2.47682411339
659 2.36982370193
660 2.42486365334
661 2.80808444702
662 2.22087344726
663 1.99454419571
664 1.8326333968
665 2.29048561492
666 1.94817279984
667 2.1740351567
668 2.02394477946
669 2.69175848769
670 2.48305968309
671 2.72516267465
672 2.76092717088
673 2.05230708074
674 2.13391207668
675 2.03334853882
676 2.63561788881
677 2.4066297441
678 2.14487172891
679 2.34684038486
680 2.88769453886
681 2.6856771629
682 2.24059210934
683 1.93842889162
684 2.62682899394
685 3.06454634963
686 2.00234925152
687 2.08018692771
688 2.5774123813
689 2.56194308337
690 2.37909216151
691 2.99385118814
692 2.84483310166
693 2.39161559557
694 2.41204118057
695 2.21081227573
696 1.96301427971
697 2.360295366
698 2.19034114283
699 2.4857678184
700 1.98342274949
701 2.26229775192
702 2.3252082254
703 2.80280133205
704 2.49601750098
705 2.45920778586
706 2.63554428651
707 2.15505571425
708 2.92472785106
709 2.66718532301
710 2.9939427877
711 2.67942707985
712 3.00697749315
713 2.8512837084
714 3.32598090768
715 2.95691112507
716 3.10015239841
717 3.25248395097
718 2.81293894306
719 2.94615517546
720 2.78067693293
721 2.83464415696
722 2.74183617622
723 3.05968706231
724 3.2861517193
725 3.69583171327
726 3.8221402585
727 3.65331081404
728 4.09141242366
729 3.99997874275
730 3.70127129509
731 3.80137049113
732 3.78619445114
733 4.04692862899
734 4.10946973897
735 4.26949225549
736 4.27457068809
737 4.18713841015
738 4.11905825281
739 3.62015632985
740 3.85584851922
741 3.91445349312
742 4.09022240207
743 3.46831040357
744 3.94625715341
745 3.39579407886
746 3.99166446328
747 3.98397978311
748 4.11638487321
749 4.16154567154
750 3.91184541071
751 4.18483989772
752 4.30920407204
753 4.72527992833
754 3.84893639342
755 3.85866339431
756 3.51032649768
757 3.56103654866
758 3.3243919699
759 3.80379189277
760 4.17467226937
761 4.04518962659
762 4.03079313336
763 3.86988546362
764 3.73024080575
765 3.16043413066
766 3.69086543018
767 3.84862567497
768 3.88650226299
769 3.98308241215
770 4.68305701589
771 4.43726999808
772 4.50629316223
773 4.12848261164
774 3.8012407559
775 4.37761522881
776 4.17696588052
777 4.11150375475
778 4.19835358457
779 4.22915859259
780 4.87670759557
781 4.59692610158
782 4.57554825958
783 4.36070175578
784 4.29337205942
785 4.01153155588
786 4.06067397632
787 3.92485481126
788 3.91680235786
789 3.92517667744
790 3.93067068048
791 3.83604345122
792 3.75313892523
793 3.64753171538
794 3.70841921111
795 3.84230555941
796 4.07377109864
797 3.64837866874
798 4.18712886595
799 4.2834581143
800 4.09973208197
801 4.31247569127
802 4.47705977143
803 4.59582812167
804 4.66302837693
805 4.44312381897
806 4.35495277235
807 4.01061687305
808 4.54329620402
809 4.38363483123
810 4.49353332751
811 4.35808474889
812 4.16764144292
813 4.22051382284
814 4.96956767649
815 5.20527148386
816 5.06296642975
817 5.06221271637
818 4.84882689434
819 5.01933386013
820 5.1578012309
821 5.41412257442
822 5.07016476359
823 5.01165202763
824 4.67281675702
825 5.00063119923
826 4.91188813923
827 4.6338980954
828 5.2337251275
829 5.06249362479
830 5.50359861553
831 5.22196465268
832 4.80201247499
833 4.83324960696
834 4.84243215481
835 4.78698616097
836 4.64499694391
837 4.43669868991
838 4.80126764188
839 4.73467080806
840 4.70425550421
841 4.74239743726
842 5.04097043204
843 4.37645175492
844 4.7446405333
845 4.65146134196
846 4.74534200221
847 5.15759129971
848 4.94725755175
849 4.62131076154
850 5.14306414787
851 5.37760209117
852 5.44673759529
853 6.13657229051
854 5.58737573197
855 5.05028045427
856 5.25043465528
857 4.96348087594
858 4.89527923888
859 5.15962122991
860 4.7479139001
861 5.20594755258
862 5.62281335428
863 5.44945703864
864 5.34354374186
865 5.38794741329
866 5.51058051303
867 5.39850769412
868 5.28171500087
869 5.38542179325
870 5.58016490409
871 5.4928463101
872 5.74086953392
873 5.62801229889
874 5.22240025076
875 5.17372899198
876 4.89257882645
877 5.26252283153
878 5.61401532658
879 5.43508590175
880 5.66550631115
881 5.78311717463
882 5.75984385793
883 5.78181713386
884 6.45158366451
885 6.87198015321
886 6.27196002728
887 6.42616701478
888 6.52377565913
889 6.44484496686
890 6.46697555154
891 6.94888843555
892 6.57140532657
893 6.320258778
894 6.41875258003
895 6.37124947346
896 6.65321197688
897 6.3159923666
898 6.05015551726
899 6.18585954457
900 6.6322500768
901 6.93694417204
902 6.59834335131
903 6.57595397455
904 6.55944503624
905 6.05660748211
906 6.04061575667
907 5.87254839908
908 5.98730762253
909 6.3659299514
910 6.12675188917
911 6.02330625257
912 5.52876829774
913 5.94730076996
914 5.99515482703
915 6.1802396723
916 6.27797108328
917 6.13781883211
918 6.13970440541
919 5.76955211062
920 6.09886801156
921 6.12357680676
922 6.10961267003
923 5.81850148581
924 5.77613155127
925 6.00339168342
926 6.02044575201
927 6.07149111508
928 6.39797520759
929 6.16238662197
930 6.04781200723
931 6.71561967463
932 6.09235132325
933 5.69781768687
934 5.86656684155
935 5.85639625492
936 5.32966158629
937 5.58314844049
938 5.85010898827
939 5.59506648051
940 5.68212174699
941 5.62211558765
942 5.59177047512
943 4.96378749542
944 5.11804406927
945 4.69520457476
946 4.99474294775
947 5.57503153448
948 5.4554480794
949 5.24998280016
950 5.79639338972
951 5.79256509985
952 5.47988459911
953 6.0944964102
954 6.13072165
955 6.07133728493
956 5.96674843691
957 6.48022795389
958 6.02599707272
959 5.91533715102
960 6.54206936295
961 6.63928647324
962 6.3611509155
963 6.1291259525
964 5.82858718251
965 5.95692663847
966 5.80461807816
967 6.14541898314
968 5.94080277533
969 5.82621761595
970 5.48374721148
971 6.04271301873
972 6.00204641579
973 6.52479635544
974 6.30829388161
975 6.41116293893
976 6.85243205217
977 5.9555977101
978 6.19274644269
979 6.45298905701
980 6.29154527328
981 6.48737058373
982 6.77224023214
983 6.35495474283
984 6.16338924889
985 5.91178126234
986 5.98804437946
987 6.57930023852
988 6.65232444905
989 6.48132633163
990 6.69878018118
991 6.8102572719
992 6.95965888067
993 6.58559412563
994 6.69815242037
995 6.46323343524
996 6.6137279925
997 6.28868817238
998 6.86611602551
999 6.44935838143
