0 0.0
1 0.0378513384744
2 -0.146005316289
3 0.0537068245914
4 -0.205320549494
5 -0.122417444279
6 -0.00012648419283
7 0.00472405834456
8 -0.462304726115
9 -0.101996210961
10 -0.0961109333148
11 0.00454033029282
12 0.168944687834
13 0.0524301474522
14 -0.118072733369
15 -0.113030412327
16 -0.23967870524
17 -0.106662166895
18 0.137837917049
19 0.0181749931739
20 0.0960689004926
21 0.0333146371061
22 0.121615115316
23 0.153673387184
24 0.074621279434
25 -0.0963805308665
26 0.425927209115
27 -0.105583100556
28 -0.0855679120191
29 0.0400173594996
30 0.119855597681
31 -0.356545415631
32 -0.0640288348757
33 0.0338856639239
34 0.0113322690258
35 0.078751335798
36 0.114235895589
37 -0.0692122065919
38 0.0550293480508
39 0.107661829801
40 0.091914756832
41 0.399318941666
42 0.190115502356
43 0.0741122623327
44 0.056441942234
45 0.304730327694
46 0.206416676194
47 0.210582678604
48 -0.0127928825749
49 -0.0167324529274
50 0.207090356833
51 -0.0151185600569
52 0.0813300285975
53 -0.00859868741805
54 0.0387188110083
55 -0.0412559916647
56 -0.0695571027518
57 -0.042144962954
58 -0.00508189051904
59 -0.337847482603
60 -0.210707410708
61 -0.215499165541
62 -0.217496509368
63 -0.6392658277
64 -0.516210676403
65 -0.339024139336
66 -0.517036076128
67 -0.3603809905
68 -0.47766247118
69 -0.364872671116
70 -0.029906021004
71 -0.503314306628
72 -0.557151057132
73 -0.733663052123
74 -0.509939552844
75 -0.410130881334
76 -0.368238819446
77 -0.419394209573
78 -0.305741225213
79 -0.455160823576
80 0.0363298831177
81 -0.268867788635
82 -0.265961844218
83 0.0101735068242
84 -0.131021390202
85 -0.152104643681
86 0.151506047234
87 -0.134781546677
88 -0.143126711985
89 -0.0309448123539
90 -0.135858937592
91 -0.0898696241982
92 -0.0885247947551
93 -0.0703535501232
94 0.0210085176092
95 0.0398829540954
96 0.537448491586
97 0.0223735428648
98 0.270911605587
99 -0.154153395655
100 0.363514648009
101 0.332486023017
102 0.143412803129
103 0.482913328687
104 0.427425497429
105 0.535353135876
106 0.537258363213
107 0.236015138231
108 0.701690939241
109 0.385530685647
110 0.226649370442
111 0.196499099127
112 0.330048691213
113 0.253247449043
114 0.241293292082
115 0.102764500528
116 0.397185770542
117 0.601055909125
118 0.609355082366
119 0.647176307911
120 0.877976195699
121 0.59808536854
122 0.657763208436
123 0.756825165082
124 0.654051932939
125 0.411344954824
126 0.662267592909
127 0.636681620089
128 0.933111390721
129 0.657073847255
130 0.472725647337
131 0.742423032283
132 0.632497825773
133 0.326794460533
134 0.474812001348
135 0.446125653275
136 0.597920934433
137 0.371505183032
138 0.475034599871
139 0.571991750082
140 0.536035175424
141 0.686329506233
142 0.456603967713
143 0.52105606846
144 0.468607698552
145 0.434368291452
146 0.408022500047
147 0.640934023752
148 0.305554292953
149 0.435624017801
150 0.478336910593
151 0.350729230517
152 0.170112188088
153 0.447384996226
154 0.528039828387
155 0.368434293099
156 0.486058548964
157 0.500962556481
158 0.645578925312
159 0.839755298883
160 0.810173123027
161 0.522093451486
162 0.715716314371
163 0.662640870227
164 0.488462931458
165 0.617758449209
166 0.348739193585
167 0.0112868422537
168 0.256319933735
169 0.486853876885
170 0.372831842509
171 0.211121750093
172 0.349842103399
173 0.425274159131
174 0.33899635898
175 0.599791063101
176 0.513703128163
177 0.445581153501
178 0.730168049778
179 0.490159794691
180 0.45457916198
181 0.36992060049
182 0.279000254323
183 0.527425108786
184 0.0970997418219
185 0.0490408964971
186 0.589775667555
187 0.233417507572
188 0.38896469208
189 0.156549750877
190 0.219853797461
191 0.44786966432
192 0.241620997316
193 0.787677476645
194 0.492201842748
195 0.610331957136
196 0.714528211866
197 0.60784254963
198 0.464170454778
199 0.239448274137
200 0.537452865171
201 0.561596989831
202 0.544509814136
203 0.825057399419
204 0.592400137261
205 0.573415970587
206 0.91284263515
207 0.677685306891
208 0.78841662826
209 0.592216595759
210 0.904696308568
211 1.0612179638
212 0.785120215991
213 0.970430456197
214 1.18858723668
215 0.900893032188
216 1.04435473129
217 0.983848764194
218 1.02443303751
219 1.38053175662
220 1.40868810504
221 1.64705062012
222 1.39024423556
223 0.886160848867
224 1.07253790348
225 0.939177508056
226 1.00904734729
227 0.657671300462
228 0.789647307462
229 0.804144192649
230 0.866044368234
231 0.61911233177
232 0.745353002828
233 0.455530771611
234 0.589099181943
235 0.780834394834
236 0.849368952131
237 0.700631287075
238 0.762066645427
239 0.690319343764
240 1.03558589764
241 0.991558294274
242 0.792665152554
243 1.15209652862
244 1.34638683165
245 0.837334262513
246 0.943180183016
247 1.14242802519
248 1.01830805839
249 1.34287285663
250 1.22955559193
251 0.917951529811
252 1.18858994335
253 1.33152482837
254 1.31242409981
255 1.11555619987
256 1.10905278584
257 1.42544798242
258 1.42927539112
259 1.14049404615
260 1.12520923167
261 1.20888405108
262 1.24694265329
263 1.2688525137
264 1.19187375935
265 1.01943652812
266 1.02992260244
267 1.23210833097
268 0.826155028735
269 1.01275968636
270 1.15011638303
271 1.1565453355
272 1.01917037346
273 1.06924559297
274 0.980671699042
275 0.920162002641
276 1.36551518283
277 0.930933825551
278 0.949010264425
279 0.95445017965
280 1.3430955519
281 1.38141324386
282 1.33048056302
283 1.43051595928
284 1.47143263737
285 1.66072144548
286 1.42945625113
287 1.56493971132
288 1.23777994587
289 1.43448303345
290 1.4361645115
291 1.43953458904
292 1.41906761772
293 1.28567753965
294 1.50569136563
295 1.34231358932
296 1.36920925431
297 1.19779682693
298 1.26754993496
299 1.44484816646
300 1.39085329359
301 1.14784565029
302 1.20726462509
303 1.14877507437
304 1.16164229826
305 1.07168455479
306 1.29664489728
307 1.32436804373
308 1.3613540822
309 1.49109782608
310 1.5883232485
311 1.64376513996
312 1.85714581676
313 1.57515522518
314 1.46470867503
315 1.67794417261
316 1.82375962701
317 1.83489394805
318 1.51692400363
319 1.44874397464
320 1.61197192193
321 1.56327450597
322 1.45651436427
323 1.53125730577
324 1.82455655294
325 1.96234589005
326 2.16866526675
327 1.60269536119
328 1.96549271731
329 1.48224023157
330 1.88451730836
331 1.55210641675
332 1.64244710084
333 1.33071403314
334 1.20166486826
335 1.14299347503
336 1.54967824383
337 1.68861469755
338 1.65123437608
339 1.44394028581
340 1.39759728225
341 1.3127505659
342 1.38856032315
343 1.62230670814
344 0.988094415892
345 0.975151560839
346 1.69166841272
347 2.05221214746
348 1.76634819207
349 1.61249386068
350 1.34122640201
351 1.27908099235
352 1.60188968012
353 1.35314839715
354 1.27088063777
355 1.60353737719
356 1.41184585323
357 1.52220902977
358 1.51880861213
359 1.45118058652
360 1.42819392355
361 1.38817212354
362 1.35606969416
363 1.30375103213
364 1.2820280878
365 1.2536762873
366 1.32538192174
367 1.50516083598
368 1.41944123197
369 1.74253712251
370 2.03294152523
371 2.0654294515
372 1.82629503736
373 1.98197154861
374 1.60392594954
375 1.66644419487
376 1.82566208014
377 1.61301047586
378 1.78865457634
379 1.78862158717
380 1.82018601815
381 1.77233075445
382 1.9511020974
383 1.7805814187
384 1.82747284036
385 2.01674910891
386 1.93149540882
387 1.78098752777
388 1.92150629064
389 1.60471850006
390 1.52945676124
391 1.9278647852
392 1.40676305801
393 1.57445031549
394 1.31693576935
395 1.46839845134
396 1.66060679313
397 1.3843082647
398 1.53861623332
399 1.43463512055
400 1.69456783127
401 1.87167705598
402 1.72496960675
403 1.57931140168
404 1.1409646264
405 1.08783606028
406 1.3525238972
407 1.45340921555
408 1.72459708754
409 1.60985205186
410 1.37611966633
411 1.47421180782
412 1.43912843048
413 1.00001209329
414 1.75826709147
415 1.54986758923
416 1.31523773941
417 1.45533860143
418 1.5207808902
419 2.14927228182
420 1.52379786402
421 1.44240785915
422 1.74465951314
423 1.83108506447
424 2.00785771486
425 1.89070667211
426 2.08319931659
427 2.1238269832
428 2.06706019882
429 1.84789488113
430 1.3304298872
431 1.3016582559
432 1.87581377618
433 2.10721887797
434 2.59580942291
435 2.40382779282
436 2.4308790389
437 2.46832291447
438 2.38457833145
439 2.47637123088
440 2.40331018392
441 2.08008223329
442 1.82795389941
443 1.87325265576
444 2.11531024252
445 1.92812427401
446 1.9808322151
447 2.22549864652
448 2.0147586828
449 2.41598568082
450 2.64748613912
451 2.34901225372
452 2.522212635
453 2.21110560662
454 2.10642772971
455 2.63205907858
456 2.58533765189
457 3.06535139399
458 2.8302851515
459 2.73959819724
460 2.88213603795
461 2.79542008709
462 3.00164059456
463 3.08373137386
464 3.4113898201
465 3.13270801331
466 2.76780509893
467 2.49961668182
468 2.53693955949
469 2.89420853557
470 2.95066250685
471 3.3060165856
472 3.23954100712
473 3.35139821949
474 3.42316354368
475 3.24090809141
476 3.05522012451
477 2.76920827836
478 3.32435652505
479 3.08674118646
480 3.6163894337
481 3.32663537891
482 3.41379525786
483 3.69427040591
484 3.50202450274
485 3.56492298601
486 3.09358092504
487 3.4434250436
488 3.53133600413
489 3.36947564499
490 3.23833497231
491 2.38572483401
492 2.73869655564
493 3.12593334128
494 3.01194793085
495 3.78420430183
496 3.23527546882
497 3.29644869516
498 3.72828309277
499 3.71749232461
500 3.8574811078
501 3.34102325087
502 3.50394049964
503 3.84672174635
504 4.0426475604
505 3.7719618013
506 3.55346063822
507 3.75897139095
508 3.86226616651
509 3.37147674986
510 3.40980090253
511 3.97653094516
512 4.23851551069
513 4.17286100003
514 4.09608637407
515 4.55465632162
516 4.304233289
517 4.48290575171
518 4.48980792996
519 3.90862662062
520 4.02221148581
521 4.00869537349
522 4.15465059999
523 4.51580712033
524 4.45982071791
525 4.60273800905
526 4.21933847317
527 3.9970833791
528 4.35882984265
529 4.04923606923
530 4.43139213796
531 4.67351132172
532 3.86565154039
533 3.47192480124
534 3.796928035
535 3.9675254348
536 3.33295298205
537 3.8912657023
538 3.99903500826
539 4.11394916571
540 4.30788831844
541 4.05310517287
542 3.60454603269
543 3.78368775157
544 3.59186721766
545 3.61409058523
546 3.92789935304
547 3.86854925266
548 3.76596540808
549 3.57240899245
550 3.73868340044
551 3.43358217746
552 3.19217523965
553 3.26717744503
554 3.62670899694
555 4.3684980548
556 4.67988560313
557 4.42291602831
558 3.91783944026
559 3.85016567099
560 4.13363419096
561 4.4015927357
562 4.54714935122
563 4.26109069277
564 4.12987270019
565 4.07992791944
566 3.84510036406
567 4.11809559263
568 3.89016691766
569 3.74006312702
570 3.77940617526
571 4.07945343962
572 4.0982052864
573 4.09125010938
574 4.36874386996
575 4.0403341212
576 4.01003281629
577 4.69827182348
578 4.67079880876
579 4.66033064252
580 4.71811144236
581 4.64747708868
582 4.85275246121
583 4.32884753404
584 4.90016660087
585 5.1906826645
586 4.24751755095
587 4.5901670626
588 4.9411860602
589 4.80075643944
590 4.5176016867
591 4.3014863895
592 5.05769915956
593 4.84953076301
594 4.36945192724
595 4.92901961084
596 5.09854772629
597 4.78465961344
598 4.2376257225
599 4.63532032646
600 4.5995015278
601 4.19499512488
602 4.18511328371
603 4.50484622268
604 4.1692397999
605 4.50164709048
606 4.66138671799
607 4.22503774866
608 4.64062222177
609 4.27891699197
610 4.14383099017
611 4.37899254553
612 4.58229563824
613 4.31988110795
614 4.30183094571
615 3.81386271741
616 4.09660945524
617 3.91481081765
618 3.88072793684
619 4.18067538246
620 4.24900165355
621 4.19029159818
622 3.87594700622
623 3.83859336267
624 3.35004937275
625 3.99723038612
626 4.03804162955
627 4.32314763984
628 4.03500987812
629 3.85143433343
630 3.5865596695
631 3.94001212154
632 4.1335376123
633 3.51127369641
634 3.39297749572
635 3.76189959413
636 3.88520086993
637 3.53757749602
638 3.67287143649
639 3.36124407412
640 3.73181706203
641 3.65780155629
642 3.4846521058
643 3.69964651827
644 3.48244370845
645 3.53931844859
646 3.93377780026
647 3.58297098346
648 3.93922384443
649 3.88401876059
650 3.69158502374
651 4.13798024009
652 4.48755570261
653 4.22442075148
654 5.08058764495
655 4.96374945621
656 4.47445691935
657 4.33025052374
658 4.5257717141
659 3.88384079076
660 4.57389711534
661 4.26133723268
662 4.32006984654
663 4.10842965302
664 4.03670235967
665 3.85414409879
666 4.33053664584
667 4.0658131802
668 4.44567856939
669 4.38624735007
670 4.00938028485
671 4.72369679649
672 4.42539688089
673 4.16129128291
674 4.18111161408
675 4.3517180637
676 4.39047213107
677 4.18028420398
678 4.43250239793
679 4.3984904739
680 3.95690766545
681 4.13081259296
682 4.26041764568
683 4.3068436557
684 4.74815490146
685 4.64939495083
686 4.57457169676
687 4.59774430788
688 4.32954092899
689 3.87146251114
690 3.9883073521
691 4.26147642568
692 4.48897415151
693 4.71584496144
694 4.27478491375
695 4.73657296876
696 4.72498901286
697 5.04543639503
698 4.45520432353
699 3.91369500826
700 4.07323602422
701 3.87840203924
702 3.86501861212
703 3.50965135387
704 4.04696668322
705 4.15810257765
706 4.26900134937
707 3.96161426077
708 3.62249884214
709 4.10307724631
710 4.27628070183
711 4.33483573502
712 4.15316590088
713 4.43644521172
714 4.27082241845
715 4.50618466692
716 5.06346328177
717 4.56974022618
718 4.43251209652
719 3.97454835612
720 4.0867255513
721 4.22765581154
722 4.07552555443
723 4.06820011728
724 4.12974648489
725 4.40543217206
726 4.1100442167
727 3.97913318399
728 4.21992640175
729 4.11737853978
730 4.0649751837
731 3.73202345319
732 4.00499021971
733 3.85742793923
734 3.88285152724
735 3.93740548783
736 4.00805602693
737 3.96128199689
738 3.5749955409
739 3.56733274137
740 3.64486946563
741 3.89279477878
742 3.89308627933
743 4.10542729678
744 3.94660293085
745 3.91802981038
746 3.93236777967
747 3.89335557916
748 3.94871909629
749 3.88462933749
750 3.83390925632
751 3.8687418339
752 4.1708336096
753 3.91757025451
754 4.29005990572
755 4.5403235392
756 4.53441613709
757 4.4934546808
758 4.50239279222
759 4.58879104532
760 4.97366393841
761 4.87536236887
762 5.07440468671
763 5.46331787158
764 5.33624552798
765 5.27774542599
766 5.16845063752
767 4.78922736714
768 4.9473068819
769 5.11567617578
770 5.24828070976
771 5.13296243718
772 5.64669927012
773 5.82849417627
774 6.60162757014
775 6.57053888222
776 6.47368107876
777 5.77992476246
778 6.03182390715
779 5.82900599053
780 5.92805126278
781 5.85198838603
782 6.95964459739
783 7.51034490215
784 7.38127548842
785 7.20473593533
786 6.91378467575
787 6.77002830963
788 6.41926089835
789 6.41970225416
790 6.14246030194
791 6.13060449647
792 5.75265445564
793 5.91990783712
794 5.86752766032
795 5.9855207112
796 5.99200740157
797 6.51091528881
798 6.92444185959
799 6.55445926199
800 6.73896528611
801 6.98016382582
802 7.44989015394
803 7.40062432684
804 7.30749228738
805 7.47287322623
806 7.67734886732
807 6.75635904739
808 6.72189494942
809 6.47253880247
810 6.6418595519
811 7.10313278807
812 6.81447748505
813 6.76256334976
814 6.72359064176
815 6.70663614291
816 6.59238393533
817 6.87726900835
818 6.53905626532
819 6.77292992683
820 7.04874537489
821 7.50038578221
822 8.29247606373
823 8.10258660483
824 7.62786206335
825 7.6537616451
826 7.36445512569
827 7.37443485395
828 7.24242041849
829 7.94983985961
830 7.89891236855
831 7.13464508119
832 6.9931166359
833 7.1057607589
834 6.81165294342
835 7.32708674855
836 7.69013773443
837 7.09947302201
838 6.17674647472
839 5.72781448851
840 5.43500150656
841 5.93642201379
842 6.17076144724
843 6.36734338158
844 6.17046959954
845 5.84626577493
846 5.67775568133
847 5.3638821795
848 5.68303531424
849 5.32868980425
850 5.78960588215
851 5.71653122012
852 5.88618473657
853 5.66429136695
854 5.90325945972
855 5.81277508837
856 5.4441615035
857 5.98790170813
858 5.72236360153
859 5.96880773671
860 6.62747265432
861 6.55399113076
862 6.44928266359
863 6.50762407743
864 6.40438134045
865 6.4622788615
866 6.61858527159
867 6.49407413524
868 6.20229833742
869 6.31391482795
870 6.01803183002
871 5.79193565032
872 6.01068939747
873 5.78061654847
874 6.34241223535
875 5.54551893044
876 5.72201390517
877 5.34030568161
878 5.07777701995
879 5.59126951707
880 5.68595917676
881 5.59352278583
882 5.85720008336
883 5.63737555808
884 5.6902347766
885 6.06099457833
886 5.81509177311
887 5.79373872023
888 5.5070340592
889 5.6133589005
890 6.04640247475
891 5.9500532555
892 6.05738157182
893 6.46612359506
894 5.74774685501
895 5.9590684081
896 5.70255285831
897 5.92780307333
898 6.19033595129
899 6.08950748723
900 6.0101117343
901 5.88160365314
902 5.95438360173
903 6.18387025511
904 6.29333305977
905 6.48266710559
906 6.61855103249
907 6.08461774997
908 6.381311348
909 6.35883245193
910 6.52365057836
911 6.64141411471
912 6.84955395168
913 6.32157292927
914 6.74240800187
915 6.13034898649
916 6.46867078479
917 6.12074235572
918 6.02283165193
919 6.02449903157
920 6.28596922933
921 5.99406725005
922 6.39220996361
923 6.55676077968
924 6.84194872756
925 6.36740791873
926 5.99276173651
927 6.20024672088
928 6.21300329056
929 6.27136418732
930 6.36759695763
931 5.91833996915
932 5.99206515481
933 6.01234310103
934 6.32525448874
935 6.08081405098
936 5.92990771356
937 5.35070435587
938 5.52898477425
939 5.56037496118
940 6.31804704444
941 6.52136837558
942 6.51344136118
943 6.45978913688
944 6.32845711647
945 6.7286493157
946 6.20807471231
947 6.28608857893
948 6.04429199512
949 5.81130881679
950 6.47603135435
951 6.25048086963
952 6.61615784991
953 6.6974956781
954 6.67256613838
955 6.5774055156
956 6.50513606012
957 6.31284221206
958 6.25538993355
959 6.84370157325
960 6.59462356664
961 6.8541633003
962 6.99141423551
963 7.28079421225
964 7.21856792048
965 7.19776155036
966 7.01762920092
967 6.92511732143
968 7.01533506441
969 7.07076250119
970 7.20629328127
971 7.32313347013
972 7.35843419304
973 7.42497078385
974 7.66382370725
975 8.33116695774
976 8.76572778144
977 8.30212365466
978 8.81512741581
979 9.35862892738
980 8.89049946293
981 8.56299765978
982 8.28579891575
983 8.66994334248
984 8.68041561144
985 8.77167906415
986 8.85054198856
987 8.96172758493
988 9.03053771362
989 8.93348636072
990 8.35463231528
991 8.40058760446
992 8.22560095628
993 8.17992325288
994 8.75405840201
995 8.48061538036
996 8.96068264516
997 8.86817949805
998 9.47870988254
999 9.68436428015
