1005000 698.264
1012500 455.832
1020000 488.856
1027500 573.597
1035000 506.603
1042500 432.066
1050000 420.162
1057500 523.465
1065000 557.899
1072500 499.59
1080000 568.667
1087500 531.288
1095000 533.414
1102500 422.887
1110000 507.257
1117500 470.813
1125000 538.842
1132500 595.897
1140000 626.325
1147500 481.81
1155000 453.083
1162500 398.49
1170000 448.162
1177500 424.473
1185000 464.611
1192500 387.503
1200000 319.738
1207500 305.156
1215000 419.974
1222500 477.719
1230000 438.781
1237500 354.843
1245000 505.429
1252500 542.213
1260000 561.264
1267500 690.09
1275000 539.531
1282500 508.993
1290000 427.299
1297500 440.086
1305000 436.927
1312500 327.707
1320000 269.678
1327500 466.485
1335000 451.771
1342500 461.198
1350000 333.051
1357500 261.634
1365000 229.322
1372500 378.445
1380000 246.911
1387500 203.579
1395000 307.184
1402500 360.115
1410000 355.152
1417500 371.272
1425000 330.02
1432500 423.213
1440000 424.341
1447500 438.355
1455000 307.687
1462500 461.362
1470000 362.63
1477500 473.649
1485000 366.6
1492500 460.492
1500000 510.578
1507500 381.729
1515000 483.589
1522500 499.095
1530000 391.668
1537500 427.965
1545000 419.659
1552500 409.6
1560000 354.504
1567500 393.234
1575000 370.523
1582500 361.034
1590000 366.837
1597500 470.455
1605000 400.376
1612500 409.413
1620000 425.075
1627500 345.245
1635000 351.818
1642500 414.459
1650000 394.761
1657500 396.509
1665000 370.304
1672500 509.626
1680000 325.596
1687500 323.78
1695000 331.36
1702500 286.843
1710000 452.524
1717500 447.641
1725000 316.914
1732500 358.151
1740000 387.367
1747500 336.935
1755000 441.537
1762500 323.8
1770000 228.398
1777500 274.95
1785000 319.106
1792500 275.398
1800000 333.713
1807500 319.687
1815000 491.566
1822500 423.552
1830000 384.406
1837500 331.638
1845000 242.106
1852500 261.671
1860000 375.553
1867500 374.05
1875000 392.912
1882500 269.809
1890000 279.744
1897500 249.058
1905000 315.092
1912500 176.573
1920000 368.912
1927500 387.306
1935000 359.285
1942500 403.374
1950000 544.243
1957500 457.531
1965000 318.809
1972500 493.915
1980000 498.306
1987500 537.767
1995000 520.85
2002500 504.502
2010000 677.089
2017500 570.371
2025000 521.321
2032500 526.654
2040000 407.968
2047500 515.645
2055000 509.002
2062500 479.35
2070000 464.413
2077500 401.679
2085000 324.026
2092500 374.515
2100000 442.41
2107500 434.827
2115000 391.461
2122500 438.504
2130000 450.249
2137500 302.413
2145000 354.48
2152500 392.511
2160000 514.497
2167500 414.018
2175000 461.907
2182500 486.281
2190000 461.428
2197500 423.233
2205000 485.71
2212500 433.95
2220000 592.881
2227500 483.35
2235000 402.727
2242500 482.952
2250000 536.663
2257500 425.912
2265000 427.492
2272500 592.269
2280000 452.894
2287500 415.219
2295000 554.559
2302500 556.543
2310000 468.958
2317500 467.866
2325000 542.267
2332500 466.539
2340000 479.959
2347500 382.254
2355000 474.94
2362500 506.739
2370000 533.668
2377500 395.64
2385000 359.402
2392500 264.946
2400000 310.926
2407500 351.942
2415000 436.544
2422500 572.947
2430000 537.864
2437500 512.725
2445000 639.019
2452500 474.958
2460000 492.69
2467500 596.07
2475000 508.357
2482500 527.017
2490000 541.887
2497500 423.906
2505000 412.101
2512500 309.669
2520000 352.79
2527500 357.579
2535000 501.387
2542500 432.162
2550000 384.824
2557500 342.256
2565000 321.84
2572500 424.235
2580000 297.706
2587500 396.344
2595000 249.374
2602500 374.782
2610000 334.217
2617500 122.489
2625000 155.131
2632500 175.034
2640000 -2.59287
2647500 27.4858
2655000 -12.895
2662500 147.298
2670000 239.85
2677500 169.038
2685000 287.915
2692500 379.256
2700000 184.534
2707500 301.719
2715000 339.838
2722500 233.997
2730000 352.536
2737500 387.009
2745000 397.732
2752500 378.535
2760000 335.851
2767500 443.792
2775000 247.534
2782500 475.911
2790000 369.968
2797500 353.398
2805000 321.226
2812500 274.41
2820000 400.601
2827500 382.57
2835000 390.785
2842500 400.388
2850000 272.201
2857500 338.438
2865000 426.25
2872500 333.579
2880000 374.581
2887500 487.212
2895000 521.0
2902500 524.912
2910000 508.292
2917500 349.317
2925000 427.984
2932500 435.707
2940000 404.501
2947500 247.294
2955000 442.826
2962500 364.961
2970000 446.84
2977500 379.269
2985000 414.991
2992500 414.974
3000000 590.882
3007500 492.306
3015000 386.653
3022500 627.552
3030000 459.297
3037500 568.525
3045000 445.236
3052500 571.491
3060000 439.37
3067500 583.249
3075000 471.125
3082500 466.474
3090000 405.878
3097500 441.914
3105000 507.41
3112500 482.061
3120000 249.616
3127500 425.983
3135000 397.353
3142500 350.737
3150000 324.371
3157500 253.769
3165000 239.064
3172500 111.01
3180000 127.394
3187500 328.675
3195000 261.958
3202500 481.701
3210000 420.223
3217500 395.824
3225000 384.704
3232500 356.651
3240000 399.839
3247500 325.543
3255000 292.604
3262500 397.724
3270000 397.224
3277500 458.975
3285000 219.966
3292500 138.176
3300000 228.22
3307500 257.552
3315000 336.831
3322500 127.622
3330000 218.576
3337500 319.416
3345000 330.396
3352500 400.312
3360000 294.132
3367500 174.09
3375000 209.6
3382500 245.243
3390000 299.517
3397500 365.046
3405000 268.114
3412500 184.946
3420000 68.1999
3427500 199.032
3435000 245.805
3442500 225.763
3450000 101.571
3457500 195.082
3465000 180.977
3472500 217.676
3480000 301.03
3487500 275.183
3495000 134.868
3502500 168.464
3510000 150.213
3517500 142.436
3525000 179.149
3532500 135.015
3540000 256.501
3547500 32.8247
3555000 -13.4642
3562500 -34.2713
3570000 6.1267
3577500 246.08
3585000 292.435
3592500 239.682
3600000 271.979
3607500 315.548
3615000 342.434
3622500 107.206
3630000 117.281
3637500 -38.4819
3645000 85.6183
3652500 296.274
3660000 127.683
3667500 246.29
3675000 159.455
3682500 239.082
3690000 383.564
3697500 372.199
3705000 364.072
3712500 382.894
3720000 296.595
3727500 338.011
3735000 259.559
3742500 147.742
3750000 156.835
3757500 176.811
3765000 176.707
3772500 304.798
3780000 94.1879
3787500 78.7186
3795000 24.2668
3802500 137.484
3810000 131.247
3817500 27.4746
3825000 239.636
3832500 124.763
3840000 197.245
3847500 109.077
3855000 259.413
3862500 111.884
3870000 108.097
3877500 319.517
3885000 39.2108
3892500 123.069
3900000 307.492
3907500 182.239
3915000 92.5664
3922500 175.859
3930000 54.2051
3937500 69.7632
3945000 285.857
3952500 248.581
3960000 70.8801
3967500 233.391
3975000 52.1188
3982500 322.059
3990000 202.581
3997500 73.1581
4005000 -70.0242
4012500 -119.107
4020000 -34.4095
4027500 4.81321
4035000 50.0298
4042500 -44.6335
4050000 -151.286
4057500 49.946
4065000 -22.9815
4072500 61.3908
4080000 88.5781
4087500 150.292
4095000 172.214
4102500 34.4152
4110000 160.699
4117500 9.17484
4125000 -50.6646
4132500 -131.731
4140000 32.2537
4147500 -1.8624
4155000 -74.5933
4162500 3.79691
4170000 67.2886
4177500 147.854
4185000 69.9393
4192500 -67.3934
4200000 129.334
4207500 197.779
4215000 248.318
4222500 -16.9131
4230000 0.119745
4237500 -246.093
4245000 -52.6892
4252500 102.153
4260000 355.199
4267500 11.9867
4275000 -33.7433
4282500 -45.284
4290000 42.8246
4297500 -20.9385
4305000 12.5206
4312500 178.25
4320000 -23.5959
4327500 64.988
4335000 126.172
4342500 124.657
4350000 124.593
4357500 233.425
4365000 205.671
4372500 -55.4904
4380000 222.876
4387500 196.078
4395000 106.91
4402500 -30.3259
4410000 50.3337
4417500 58.8647
4425000 -47.4721
4432500 16.8876
4440000 146.077
4447500 -5.96549
4455000 255.996
4462500 4.38631
4470000 72.2938
4477500 119.566
4485000 -34.7771
4492500 129.893
4500000 53.1269
4507500 -60.3802
4515000 46.8465
4522500 -61.3308
4530000 219.945
4537500 27.9173
4545000 203.137
4552500 103.109
4560000 88.9531
4567500 26.3944
4575000 -133.402
4582500 -234.475
4590000 -20.0625
4597500 -148.898
4605000 121.907
4612500 218.308
4620000 116.909
4627500 65.7573
4635000 -18.4561
4642500 -161.096
4650000 -60.9197
4657500 -68.7159
4665000 -195.025
4672500 -211.483
4680000 -89.2906
4687500 226.695
4695000 -28.0596
4702500 113.719
4710000 225.802
4717500 281.56
4725000 187.477
4732500 77.5655
4740000 -51.2262
4747500 1.04807
4755000 109.158
4762500 16.5171
4770000 45.8235
4777500 72.1927
4785000 59.1998
4792500 223.453
4800000 62.8509
4807500 120.019
4815000 243.102
4822500 96.0269
4830000 23.8919
4837500 277.939
4845000 229.398
4852500 234.757
4860000 175.772
4867500 233.374
4875000 89.6784
4882500 -46.2167
4890000 -38.1461
4897500 43.723
4905000 -21.9215
4912500 -7.85032
4920000 37.0431
4927500 84.5751
4935000 6.84913
4942500 -85.256
4950000 168.588
4957500 88.6709
4965000 131.321
4972500 -187.971
4980000 -214.332
4987500 -94.6157
4995000 -65.5361
5002500 -14.7363
5010000 55.9679
5017500 -130.217
5025000 -132.219
5032500 -89.8705
5040000 75.4337
5047500 -66.3897
5055000 27.2602
5062500 45.2111
5070000 -122.633
5077500 73.2317
5085000 -83.7196
5092500 -125.882
5100000 -98.7031
5107500 -8.38514
5115000 81.0267
5122500 0.457538
5130000 -2.33782
5137500 108.045
5145000 118.661
5152500 183.767
5160000 144.081
5167500 43.046
5175000 6.82857
5182500 -131.895
5190000 30.5705
5197500 157.455
5205000 58.9495
5212500 149.88
5220000 122.155
5227500 219.113
5235000 -12.9616
5242500 160.106
5250000 159.355
5257500 181.847
5265000 84.406
5272500 156.71
5280000 9.36518
5287500 177.808
5295000 20.3086
5302500 227.639
5310000 69.2147
5317500 125.493
5325000 67.3926
5332500 84.3811
5340000 134.071
5347500 116.729
5355000 116.814
5362500 5.61252
5370000 136.612
5377500 174.756
5385000 266.366
5392500 140.915
5400000 26.075
5407500 -71.0793
5415000 -82.7973
5422500 77.1363
5430000 -15.1522
5437500 -81.0101
5445000 77.3691
5452500 -65.892
5460000 -39.2829
5467500 -81.3686
5475000 -81.9802
5482500 219.464
5490000 270.106
5497500 59.5396
5505000 172.948
5512500 99.6636
5520000 36.5908
5527500 40.1737
5535000 21.6214
5542500 42.4417
5550000 168.798
5557500 205.714
5565000 199.794
5572500 107.094
5580000 152.683
5587500 167.038
5595000 246.209
5602500 222.669
5610000 181.103
5617500 283.017
5625000 195.736
5632500 166.732
5640000 198.118
5647500 103.183
5655000 -111.271
5662500 -112.618
5670000 -81.5749
5677500 -13.5034
5685000 -177.786
5692500 31.5069
5700000 -98.0314
5707500 -54.136
5715000 -14.793
5722500 74.4948
5730000 -135.329
5737500 -179.497
5745000 -163.117
5752500 -159.677
5760000 -70.1022
5767500 -132.463
5775000 -148.592
5782500 -194.222
5790000 -181.987
5797500 -67.3136
5805000 10.2912
5812500 1.28067
5820000 -14.4625
5827500 -152.807
5835000 -55.2068
5842500 -159.092
5850000 -156.321
5857500 -26.4787
5865000 -246.091
5872500 -40.8268
5880000 -197.784
5887500 -107.66
5895000 -78.0153
5902500 42.2554
5910000 27.5855
5917500 -84.9282
5925000 -31.9255
5932500 -71.5121
5940000 123.899
5947500 -64.3042
5955000 -42.8762
5962500 -70.9123
5970000 36.2319
5977500 -72.8295
5985000 -167.815
5992500 -16.9114
6000000 -225.393
6007500 -62.108
6015000 -7.27999
6022500 22.1572
6030000 -27.3151
6037500 -73.562
6045000 -26.3092
6052500 -49.8387
6060000 12.5329
6067500 201.195
6075000 2.25869
6082500 -2.49704
6090000 20.927
6097500 -140.504
6105000 -28.4361
6112500 97.6704
6120000 -3.44962
6127500 84.1629
6135000 88.8889
6142500 -13.4068
6150000 148.431
6157500 195.261
6165000 182.563
6172500 -145.284
6180000 -104.498
6187500 -42.5337
6195000 25.5936
6202500 -3.29494
6210000 61.9133
6217500 215.824
6225000 302.601
6232500 -63.0288
6240000 107.863
6247500 211.104
6255000 39.3274
6262500 127.102
6270000 20.6225
6277500 39.9309
6285000 52.4086
6292500 75.4548
6300000 129.845
6307500 66.9442
6315000 77.5312
6322500 97.4977
6330000 -84.8155
6337500 46.9982
6345000 96.3954
6352500 -28.5676
6360000 73.7812
6367500 70.4881
6375000 156.544
6382500 57.9256
6390000 49.2006
6397500 -0.174407
6405000 184.152
6412500 81.3308
6420000 178.266
6427500 217.972
6435000 210.823
6442500 61.2449
6450000 -13.0462
6457500 109.766
6465000 62.6925
6472500 303.787
6480000 181.668
6487500 91.1511
6495000 144.63
6502500 182.192
6510000 105.53
6517500 197.751
6525000 400.15
6532500 193.409
6540000 357.051
6547500 310.486
6555000 284.988
6562500 373.908
6570000 134.953
6577500 294.363
6585000 154.032
6592500 144.649
6600000 143.778
6607500 324.287
6615000 113.375
6622500 157.495
6630000 202.601
6637500 28.2405
6645000 100.486
6652500 292.641
6660000 120.366
6667500 164.808
6675000 63.8152
6682500 -24.0049
6690000 150.735
6697500 185.278
6705000 265.176
6712500 320.816
6720000 324.279
6727500 390.607
6735000 185.793
6742500 88.2168
6750000 50.9416
6757500 232.341
6765000 58.5902
6772500 269.658
6780000 325.416
6787500 290.677
6795000 223.868
6802500 200.937
6810000 183.601
6817500 153.756
6825000 145.795
6832500 210.809
6840000 222.941
6847500 310.646
6855000 407.222
6862500 265.301
6870000 362.0
6877500 213.741
6885000 204.09
6892500 192.846
6900000 182.297
6907500 113.133
6915000 236.929
6922500 317.849
6930000 406.192
6937500 301.908
6945000 129.914
6952500 41.6068
6960000 181.446
6967500 171.235
6975000 195.97
6982500 278.128
6990000 350.078
6997500 361.509
7005000 196.077
7012500 85.8018
7020000 150.765
7027500 171.81
7035000 123.831
7042500 54.6564
7050000 147.291
7057500 178.396
7065000 42.9797
7072500 241.066
7080000 90.6813
7087500 124.045
7095000 226.373
7102500 30.6672
7110000 106.092
7117500 110.714
7125000 21.258
7132500 -51.5892
7140000 -7.88055
7147500 23.5842
7155000 2.71133
7162500 -58.9827
7170000 -61.3383
7177500 22.2527
7185000 14.1428
7192500 -7.36692
7200000 25.8723
7207500 -37.4574
7215000 65.4633
7222500 -24.2055
7230000 38.2534
7237500 11.0798
7245000 200.095
7252500 127.931
7260000 -24.906
7267500 85.8778
7275000 250.116
7282500 157.53
7290000 230.638
7297500 278.125
7305000 244.061
7312500 154.519
7320000 103.053
7327500 73.2406
7335000 72.587
7342500 152.046
7350000 339.582
7357500 211.566
7365000 106.37
7372500 130.058
7380000 233.05
7387500 192.032
7395000 206.496
7402500 30.8904
7410000 107.607
7417500 94.3927
7425000 97.0819
7432500 166.881
7440000 154.858
7447500 105.985
7455000 256.106
7462500 173.3
7470000 82.9143
7477500 56.6002
7485000 119.276
7492500 175.745
7500000 198.634
7507500 374.916
7515000 176.525
7522500 199.053
7530000 412.101
7537500 327.854
7545000 244.458
7552500 107.097
7560000 81.1919
7567500 -1.08885
7575000 199.188
7582500 308.589
7590000 361.814
7597500 308.719
7605000 239.365
7612500 243.868
7620000 309.182
7627500 282.273
7635000 179.551
7642500 256.681
7650000 245.931
7657500 115.63
7665000 71.8882
7672500 137.335
7680000 213.158
7687500 63.1973
7695000 225.783
7702500 272.763
7710000 89.5402
7717500 140.518
7725000 164.307
7732500 135.833
7740000 327.623
7747500 203.148
7755000 220.649
7762500 168.862
7770000 175.719
7777500 134.439
7785000 114.972
7792500 83.3243
7800000 174.603
7807500 333.023
7815000 320.261
7822500 248.874
7830000 -1.07915
7837500 269.294
7845000 235.798
7852500 286.404
7860000 330.04
7867500 162.773
7875000 148.724
7882500 184.475
7890000 202.84
7897500 166.79
7905000 130.497
7912500 178.899
7920000 244.104
7927500 148.934
7935000 68.3112
7942500 312.53
7950000 192.131
7957500 200.634
7965000 197.802
7972500 95.6434
7980000 119.566
7987500 115.882
7995000 212.944
8002500 236.433
8010000 36.4835
8017500 162.305
8025000 138.919
8032500 -26.1255
8040000 120.596
8047500 151.099
8055000 186.46
8062500 300.698
8070000 218.14
8077500 175.636
8085000 350.58
8092500 177.438
8100000 101.34
8107500 219.015
8115000 315.214
8122500 301.069
8130000 501.072
8137500 477.503
8145000 256.45
8152500 215.134
8160000 76.5998
8167500 71.959
8175000 117.808
8182500 101.988
8190000 -87.3475
8197500 96.6666
8205000 90.146
8212500 73.5308
8220000 -68.7114
8227500 -7.49748
8235000 88.4066
8242500 136.215
8250000 209.024
8257500 179.578
8265000 208.959
8272500 160.509
8280000 286.882
8287500 83.9083
8295000 -41.3041
8302500 21.6535
8310000 -94.9356
8317500 -34.6871
8325000 80.0347
8332500 -157.169
8340000 -86.7941
8347500 -20.6281
8355000 -43.1161
8362500 104.693
8370000 15.2736
8377500 -63.6426
8385000 18.1787
8392500 -116.088
8400000 -401.078
8407500 -237.3
8415000 -46.1694
8422500 -157.076
8430000 -131.849
8437500 -229.618
8445000 -36.3944
8452500 3.09747
8460000 -196.478
8467500 -56.8848
8475000 -11.9329
8482500 -68.1228
8490000 148.564
8497500 69.2627
8505000 31.5691
