1005000 698.264
1012500 635.774
1020000 578.544
1027500 460.617
1035000 459.805
1042500 571.657
1050000 490.086
1057500 432.34
1065000 419.057
1072500 325.357
1080000 391.433
1087500 431.111
1095000 399.741
1102500 515.035
1110000 574.415
1117500 539.083
1125000 460.353
1132500 403.216
1140000 416.857
1147500 479.078
1155000 532.625
1162500 503.501
1170000 478.459
1177500 400.866
1185000 471.653
1192500 581.428
1200000 489.427
1207500 598.333
1215000 574.63
1222500 460.927
1230000 559.319
1237500 487.664
1245000 530.786
1252500 546.487
1260000 474.655
1267500 426.859
1275000 577.356
1282500 669.84
1290000 605.607
1297500 514.681
1305000 614.902
1312500 546.743
1320000 623.013
1327500 516.779
1335000 635.395
1342500 615.302
1350000 709.458
1357500 683.54
1365000 693.124
1372500 571.676
1380000 641.64
1387500 673.432
1395000 582.803
1402500 593.36
1410000 588.965
1417500 679.925
1425000 633.826
1432500 600.315
1440000 585.124
1447500 644.023
1455000 559.214
1462500 632.479
1470000 679.497
1477500 827.368
1485000 590.38
1492500 660.47
1500000 718.382
1507500 688.72
1515000 623.319
1522500 679.637
1530000 541.559
1537500 627.283
1545000 615.059
1552500 836.877
1560000 756.859
1567500 652.684
1575000 655.303
1582500 556.543
1590000 569.807
1597500 660.238
1605000 600.345
1612500 488.003
1620000 561.437
1627500 680.479
1635000 644.074
1642500 561.663
1650000 471.702
1657500 399.217
1665000 504.085
1672500 563.26
1680000 510.857
1687500 467.387
1695000 492.142
1702500 540.94
1710000 526.767
1717500 693.564
1725000 564.332
1732500 547.68
1740000 508.949
1747500 568.534
1755000 576.167
1762500 570.474
1770000 648.073
1777500 596.077
1785000 661.405
1792500 598.248
1800000 679.846
1807500 632.282
1815000 665.146
1822500 674.993
1830000 699.493
1837500 637.003
1845000 581.179
1852500 676.505
1860000 567.656
1867500 601.403
1875000 647.977
1882500 678.541
1890000 598.482
1897500 742.752
1905000 598.487
1912500 562.498
1920000 444.893
1927500 560.971
1935000 572.039
1942500 563.903
1950000 601.646
1957500 630.024
1965000 695.046
1972500 668.401
1980000 652.862
1987500 549.159
1995000 598.35
2002500 479.678
2010000 556.469
2017500 544.077
2025000 559.462
2032500 606.776
2040000 574.58
2047500 645.132
2055000 684.153
2062500 590.405
2070000 670.22
2077500 701.673
2085000 675.798
2092500 652.036
2100000 574.585
2107500 581.921
2115000 588.117
2122500 556.588
2130000 554.647
2137500 655.04
2145000 564.521
2152500 383.376
2160000 519.43
2167500 595.298
2175000 381.065
2182500 509.575
2190000 611.904
2197500 556.263
2205000 611.955
2212500 645.735
2220000 573.046
2227500 717.005
2235000 616.906
2242500 564.685
2250000 497.117
2257500 565.291
2265000 639.014
2272500 537.446
2280000 655.297
2287500 695.159
2295000 695.98
2302500 567.261
2310000 461.797
2317500 646.57
2325000 553.413
2332500 512.286
2340000 527.981
2347500 465.536
2355000 578.269
2362500 438.789
2370000 588.379
2377500 476.579
2385000 302.785
2392500 366.263
2400000 455.991
2407500 423.074
2415000 282.877
2422500 388.214
2430000 259.326
2437500 322.462
2445000 307.626
2452500 382.284
2460000 383.795
2467500 278.035
2475000 274.637
2482500 36.5414
2490000 268.012
2497500 108.102
2505000 363.596
2512500 186.2
2520000 175.99
2527500 101.858
2535000 297.133
2542500 375.182
2550000 132.51
2557500 310.862
2565000 424.208
2572500 279.943
2580000 419.683
2587500 381.503
2595000 421.652
2602500 423.887
2610000 210.065
2617500 374.02
2625000 427.716
2632500 407.914
2640000 521.874
2647500 431.852
2655000 585.801
2662500 338.463
2670000 418.927
2677500 440.392
2685000 499.168
2692500 619.63
2700000 571.505
2707500 510.694
2715000 438.108
2722500 499.315
2730000 509.068
2737500 558.64
2745000 362.774
2752500 436.391
2760000 573.825
2767500 380.206
2775000 457.788
2782500 450.891
2790000 405.968
2797500 424.537
2805000 509.643
2812500 476.631
2820000 450.69
2827500 517.82
2835000 474.172
2842500 592.604
2850000 407.419
2857500 328.715
2865000 398.953
2872500 304.057
2880000 152.884
2887500 309.279
2895000 317.793
2902500 264.364
2910000 244.591
2917500 215.451
2925000 368.744
2932500 309.228
2940000 301.633
2947500 303.763
2955000 358.577
2962500 134.064
2970000 152.649
2977500 50.252
2985000 3.86146
2992500 -5.27923
3000000 -135.51
3007500 -101.554
3015000 -0.455284
3022500 -46.3024
3030000 7.41282
3037500 -98.1995
3045000 -139.623
3052500 77.4774
3060000 -206.164
3067500 -121.226
3075000 -122.705
3082500 -29.1772
3090000 -135.186
3097500 154.086
3105000 -88.4224
3112500 92.0321
3120000 15.3078
3127500 71.4169
3135000 125.51
3142500 -10.5718
3150000 116.328
3157500 200.193
3165000 161.803
3172500 76.4775
3180000 18.7502
3187500 62.1546
3195000 5.59298
3202500 5.8086
3210000 22.4742
3217500 -46.5555
3225000 112.35
3232500 31.0585
3240000 77.6955
3247500 55.6292
3255000 15.0707
3262500 92.981
3270000 109.343
3277500 334.721
3285000 190.451
3292500 148.0
3300000 144.574
3307500 39.7923
3315000 170.691
3322500 15.5597
3330000 -29.4899
3337500 94.7461
3345000 126.543
3352500 51.1912
3360000 164.164
3367500 260.484
3375000 254.211
3382500 370.412
3390000 202.66
3397500 73.4031
3405000 44.9683
3412500 -47.5516
3420000 158.481
3427500 275.341
3435000 230.937
3442500 186.798
3450000 210.639
3457500 360.78
3465000 162.667
3472500 248.627
3480000 245.261
3487500 209.512
3495000 124.599
3502500 89.4826
3510000 86.742
3517500 64.2245
3525000 159.908
3532500 -93.9304
3540000 40.0604
3547500 116.604
3555000 -36.2803
3562500 83.4821
3570000 267.069
3577500 183.56
3585000 226.564
3592500 304.587
3600000 125.157
3607500 83.4118
3615000 330.766
3622500 199.976
3630000 127.21
3637500 59.2035
3645000 161.785
3652500 118.608
3660000 169.425
3667500 -75.0406
3675000 37.4127
3682500 -145.982
3690000 14.1811
3697500 100.533
3705000 355.973
3712500 87.2102
3720000 14.427
3727500 -83.7037
3735000 -67.2313
3742500 28.062
3750000 -34.5959
3757500 32.6664
3765000 13.9915
3772500 28.2264
3780000 142.414
3787500 269.439
3795000 171.407
3802500 148.764
3810000 162.23
3817500 345.51
3825000 300.085
3832500 -8.58998
3840000 77.3963
3847500 151.455
3855000 61.6517
3862500 128.511
3870000 196.269
3877500 113.146
3885000 266.358
3892500 243.699
3900000 182.334
3907500 273.489
3915000 188.039
3922500 62.8468
3930000 223.247
3937500 133.438
3945000 131.05
3952500 288.048
3960000 311.971
3967500 393.189
3975000 380.632
3982500 104.886
3990000 296.271
3997500 129.858
4005000 69.8134
4012500 141.12
4020000 74.1907
4027500 236.458
4035000 322.619
4042500 115.633
4050000 382.712
4057500 129.173
4065000 282.281
4072500 104.72
4080000 198.525
4087500 197.284
4095000 198.881
4102500 -59.226
4110000 10.6699
4117500 -119.241
4125000 -15.0148
4132500 35.4358
4140000 199.669
4147500 130.7
4155000 103.338
4162500 78.2036
4170000 18.7145
4177500 197.959
4185000 302.856
4192500 65.7071
4200000 51.5106
4207500 6.06291
4215000 125.165
4222500 207.643
4230000 175.149
4237500 46.4849
4245000 113.492
4252500 13.9652
4260000 -3.30564
4267500 49.6847
4275000 169.41
4282500 18.6631
4290000 -111.701
4297500 -51.5671
4305000 197.655
4312500 193.472
4320000 52.1904
4327500 58.9507
4335000 19.4986
4342500 156.382
4350000 64.0259
4357500 101.684
4365000 19.3724
4372500 -77.8239
4380000 -79.9298
4387500 3.41726
4395000 -148.894
4402500 42.6405
4410000 144.832
4417500 16.3629
4425000 163.359
4432500 109.541
4440000 -146.638
4447500 -64.327
4455000 52.2709
4462500 62.3956
4470000 -5.05054
4477500 41.9006
4485000 74.8048
4492500 21.3572
4500000 78.6463
4507500 7.25636
4515000 7.83287
4522500 106.703
4530000 -35.8516
4537500 83.0794
4545000 -6.16354
4552500 67.6107
4560000 105.443
4567500 -140.733
4575000 -53.3821
4582500 173.125
4590000 -2.98728
4597500 122.353
4605000 106.532
4612500 250.535
4620000 123.279
4627500 138.816
4635000 56.2235
4642500 -29.4552
4650000 -116.691
4657500 -22.4064
4665000 -64.2823
4672500 -195.289
4680000 -356.663
4687500 -130.18
4695000 116.788
4702500 -24.7765
4710000 -228.34
4717500 -500.515
4725000 -342.099
4732500 -65.2548
4740000 53.3411
4747500 133.343
4755000 43.8042
4762500 -101.61
4770000 -15.9428
4777500 295.297
4785000 200.221
4792500 246.042
4800000 233.897
4807500 -89.5644
4815000 -19.8735
4822500 -7.2999
4830000 64.6692
4837500 105.423
4845000 -31.8631
4852500 93.9102
4860000 137.504
4867500 -52.4369
4875000 85.8594
4882500 14.3227
4890000 11.5424
4897500 -213.612
4905000 -84.2239
4912500 136.437
4920000 172.067
4927500 59.9943
4935000 -13.9172
4942500 -83.1162
4950000 72.5492
4957500 214.356
4965000 99.3163
4972500 36.3661
4980000 99.7462
4987500 -160.689
4995000 -213.614
5002500 -103.901
5010000 81.8059
5017500 -17.2863
5025000 -94.6489
5032500 -44.1688
5040000 -116.747
5047500 26.1776
5055000 -14.2726
5062500 -131.521
5070000 -88.8577
5077500 -138.115
5085000 89.6029
5092500 -1.14647
5100000 -70.3539
5107500 177.831
5115000 -118.479
5122500 21.8058
5130000 -94.6485
5137500 68.1169
5145000 -4.23941
5152500 286.167
5160000 227.11
5167500 137.883
5175000 76.315
5182500 -100.919
5190000 -66.0273
5197500 120.96
5205000 241.666
5212500 129.732
5220000 -32.8727
5227500 -72.3024
5235000 -65.1604
5242500 34.1222
5250000 -106.759
5257500 31.8676
5265000 -48.6148
5272500 -73.1706
5280000 -28.4248
5287500 -256.802
5295000 -137.597
5302500 -110.269
5310000 -37.9096
5317500 51.9319
5325000 -163.677
5332500 -55.9447
5340000 -160.439
5347500 -149.919
5355000 -118.549
5362500 -126.768
5370000 -113.197
5377500 57.1958
5385000 30.1248
5392500 -41.84
5400000 -112.033
5407500 -141.116
5415000 49.2622
5422500 85.6718
5430000 126.954
5437500 149.15
5445000 45.9658
5452500 -45.1441
5460000 40.4191
5467500 13.6653
5475000 -32.0445
5482500 131.691
5490000 -100.555
5497500 -186.413
5505000 -243.912
5512500 78.3696
5520000 -35.6405
5527500 55.9144
5535000 85.439
5542500 116.265
5550000 103.527
5557500 33.7193
5565000 204.367
5572500 159.142
5580000 178.596
5587500 108.732
5595000 285.572
5602500 115.347
5610000 286.4
5617500 348.286
5625000 151.664
5632500 157.553
5640000 217.31
5647500 372.364
5655000 265.367
5662500 268.045
5670000 274.556
5677500 92.5115
5685000 101.033
5692500 43.435
5700000 1.84916
5707500 12.0131
5715000 40.7931
5722500 102.582
5730000 163.438
5737500 60.0985
5745000 125.593
5752500 -121.74
5760000 -104.839
5767500 59.1256
5775000 42.6859
5782500 221.166
5790000 89.0131
5797500 50.7587
5805000 140.823
5812500 125.775
5820000 131.877
5827500 88.4854
5835000 30.1633
5842500 70.4871
5850000 86.7604
5857500 23.4831
5865000 28.7667
5872500 64.5391
5880000 226.474
5887500 -51.0497
5895000 129.243
5902500 120.386
5910000 49.7417
5917500 63.4488
5925000 -11.3265
5932500 -27.7702
5940000 51.755
5947500 -26.8198
5955000 -133.637
5962500 -194.551
5970000 -131.523
5977500 -158.342
5985000 -180.992
5992500 -7.01061
6000000 -107.908
6007500 -30.6823
6015000 -36.7842
6022500 -205.388
6030000 -40.4233
6037500 21.8331
6045000 58.4192
6052500 88.465
6060000 -124.123
6067500 -173.247
6075000 -21.9918
6082500 0.260127
6090000 -197.172
6097500 -111.985
6105000 -297.376
6112500 -118.007
6120000 -255.644
6127500 58.1304
6135000 -41.6715
6142500 102.833
6150000 201.39
6157500 284.788
6165000 303.657
6172500 351.648
6180000 219.559
6187500 -56.5397
6195000 104.481
6202500 -53.309
6210000 10.2779
6217500 52.2327
6225000 293.828
6232500 334.43
6240000 295.16
6247500 313.282
6255000 363.342
6262500 274.696
6270000 218.416
6277500 229.217
6285000 89.912
6292500 130.326
6300000 303.334
6307500 185.396
6315000 51.8109
6322500 25.4073
6330000 127.638
6337500 -84.7578
6345000 26.2022
6352500 -14.62
6360000 12.5042
6367500 6.11139
6375000 98.2452
6382500 278.311
6390000 -87.5464
6397500 -0.00604413
6405000 168.606
6412500 229.822
6420000 125.713
6427500 64.9009
6435000 35.1609
6442500 -47.396
6450000 20.7187
6457500 212.475
6465000 128.431
6472500 -3.79476
6480000 171.183
6487500 13.5223
6495000 194.6
6502500 55.5761
6510000 78.1741
6517500 -2.2992
6525000 15.9756
6532500 -12.5957
6540000 -83.1513
6547500 -35.5824
6555000 -14.3866
6562500 104.908
6570000 183.648
6577500 56.814
6585000 16.3055
6592500 -192.241
6600000 24.2145
6607500 -131.021
6615000 -11.4824
6622500 129.914
6630000 150.451
6637500 66.2198
6645000 170.086
6652500 100.7
6660000 165.507
6667500 15.7462
6675000 80.6316
6682500 -29.5976
6690000 30.001
6697500 20.1477
6705000 219.013
6712500 -46.0549
6720000 121.662
6727500 24.7443
6735000 37.4734
6742500 83.2077
6750000 28.8951
6757500 -0.679599
6765000 42.1094
6772500 84.1182
6780000 -83.0217
6787500 42.936
6795000 107.835
6802500 193.632
6810000 87.257
6817500 -43.1485
6825000 73.6244
6832500 -0.217122
6840000 -59.426
6847500 47.8891
6855000 58.9534
6862500 -14.1792
6870000 83.8642
6877500 -42.1779
6885000 33.2042
6892500 -154.386
6900000 59.8288
6907500 247.435
6915000 -68.1567
6922500 0.293054
6930000 71.3903
6937500 170.597
6945000 240.993
6952500 149.696
6960000 184.027
6967500 12.0491
6975000 53.3497
6982500 109.943
6990000 18.0536
6997500 28.7187
7005000 8.7318
7012500 25.339
7020000 160.874
7027500 -55.8101
7035000 146.765
7042500 44.5518
7050000 16.5817
7057500 125.213
7065000 43.5092
7072500 -67.566
7080000 -107.368
7087500 -103.905
7095000 -138.937
7102500 41.3464
7110000 41.609
7117500 -90.5882
7125000 -289.55
7132500 -120.098
7140000 -130.417
7147500 -71.853
7155000 11.4825
7162500 -151.625
7170000 -32.4473
7177500 162.135
7185000 -96.0779
7192500 63.2393
7200000 103.292
7207500 23.355
7215000 -130.488
7222500 -62.7327
7230000 -12.887
7237500 38.8682
7245000 103.478
7252500 -26.3572
7260000 -4.74417
7267500 71.0734
7275000 -33.8086
7282500 -78.4285
7290000 -29.4503
7297500 204.359
7305000 24.8048
7312500 13.9787
7320000 102.192
7327500 61.5826
7335000 31.1555
7342500 -12.3471
7350000 6.93018
7357500 11.2096
7365000 303.342
7372500 14.7587
7380000 22.541
7387500 138.909
7395000 -89.6237
7402500 74.5402
7410000 -101.867
7417500 8.09082
7425000 41.3592
7432500 -26.3834
7440000 -22.7275
7447500 234.105
7455000 295.777
7462500 71.8652
7470000 -66.5081
7477500 132.838
7485000 78.01
7492500 92.5984
7500000 36.4947
7507500 97.5603
7515000 239.718
7522500 249.485
7530000 78.8438
7537500 71.7556
7545000 64.29
7552500 81.6088
7560000 143.167
7567500 170.207
7575000 211.607
7582500 230.397
7590000 98.1174
7597500 16.9825
7605000 165.72
7612500 139.824
7620000 -59.5099
7627500 19.6955
7635000 192.077
7642500 258.973
7650000 309.366
7657500 207.773
7665000 23.718
7672500 163.311
7680000 112.99
7687500 277.335
7695000 297.687
7702500 123.395
7710000 275.546
7717500 183.229
7725000 42.9731
7732500 124.815
7740000 89.0396
7747500 144.532
7755000 83.8139
7762500 -12.881
7770000 -94.3658
7777500 -174.657
7785000 42.8742
7792500 79.2046
7800000 -145.233
7807500 74.2854
7815000 -62.328
7822500 41.9626
7830000 -27.1248
7837500 18.6276
7845000 182.278
7852500 105.527
7860000 -60.6481
7867500 94.2619
7875000 211.365
7882500 312.504
7890000 -0.460565
7897500 204.677
7905000 99.7553
7912500 50.1699
7920000 -51.4435
7927500 105.263
7935000 125.452
7942500 -176.81
7950000 174.157
7957500 30.384
7965000 148.7
7972500 -62.1329
7980000 -74.2397
7987500 21.3626
7995000 -173.371
8002500 -180.542
8010000 -169.18
8017500 18.7021
8025000 -57.6128
8032500 152.684
8040000 229.247
8047500 166.863
8055000 196.745
8062500 138.686
8070000 34.2965
8077500 20.1334
8085000 -3.89685
8092500 -31.2021
8100000 10.2791
8107500 -124.786
8115000 -67.2232
8122500 -54.8662
8130000 -161.79
8137500 16.6234
8145000 12.4125
8152500 139.806
8160000 -47.5452
8167500 48.7587
8175000 -11.3938
8182500 26.5628
8190000 -103.366
8197500 -79.3719
8205000 54.6769
8212500 127.533
8220000 16.2248
8227500 79.3387
8235000 13.2169
8242500 42.3541
8250000 -32.2574
8257500 88.0518
8265000 -57.122
8272500 75.2195
8280000 -26.3021
8287500 -25.6531
8295000 -107.08
8302500 -101.943
8310000 -196.122
8317500 -89.1784
8325000 -175.211
8332500 -43.2445
8340000 61.1449
8347500 -107.691
8355000 -28.4456
8362500 -34.7187
8370000 41.6641
8377500 -145.955
8385000 99.0483
8392500 -146.48
8400000 -200.952
8407500 -206.469
8415000 -124.901
8422500 -41.7809
8430000 14.2278
8437500 28.4929
8445000 -27.6172
8452500 -72.0437
8460000 148.427
8467500 -272.776
8475000 53.8746
8482500 122.835
8490000 254.327
8497500 61.2634
8505000 -157.25
