0 0.0
1 0.0975995280864
2 0.0869744577484
3 -0.136184685285
4 -0.0283226398311
5 0.1597706353
6 -0.0077066061287
7 0.0509400537788
8 0.114725372942
9 -0.139806456598
10 0.0266446780186
11 0.0714916331306
12 -0.00189780229451
13 0.0322338047789
14 0.0729816885714
15 -0.110621242013
16 0.0685036266778
17 0.0471128021871
18 0.0803861006853
19 -0.159611686013
20 -0.13600741724
21 0.0579356838173
22 0.298746849451
23 0.212386000185
24 0.0105307283646
25 0.185612030327
26 0.175215278844
27 0.0996706431084
28 0.00729429682853
29 -0.0786104375325
30 -0.0310207492544
31 0.137493086782
32 0.0305175125661
33 -0.154499019691
34 0.127662557757
35 0.156131593696
36 0.116137587293
37 0.157834059726
38 0.128776975424
39 0.303399686108
40 0.124267607488
41 0.162860322612
42 0.109048716898
43 0.0875310317981
44 0.0276164415199
45 0.177820737659
46 0.210674319901
47 0.239481327355
48 0.167023177682
49 -0.0539639742466
50 0.160112378322
51 0.068632437961
52 0.24818414024
53 0.294974022705
54 0.240376581213
55 0.0781232762092
56 0.00414383893537
57 0.124675927924
58 0.206992610842
59 0.0102182532118
60 0.166444149472
61 -0.0347723775297
62 -0.00279553353853
63 -0.106654736045
64 -0.00200114220624
65 -0.00258041413165
66 -0.0803069728922
67 -0.00685626837769
68 -0.0655308713706
69 -0.30240840412
70 -0.0525465144461
71 -0.0672513328009
72 0.0872293608358
73 0.655001666891
74 0.288219959113
75 0.320981123266
76 0.137349388799
77 0.00157480413632
78 0.0369877672856
79 0.0959851558652
80 0.236087543613
81 0.0745835993651
82 -0.0343593643215
83 -0.0228811486208
84 0.295726152293
85 0.135412840311
86 0.513545528034
87 0.229249005307
88 0.355182749087
89 0.221895894118
90 0.289742115886
91 0.326286339439
92 0.355808678758
93 0.238675432839
94 0.308044180237
95 0.469184424853
96 0.249012446609
97 0.0765563636612
98 0.286905062315
99 0.423042393718
100 0.37216585221
101 0.59555269487
102 0.238326462646
103 0.440202300078
104 0.338208181414
105 0.45248562749
106 0.521759921485
107 0.798752610159
108 0.697019332448
109 0.590092407234
110 0.482361306669
111 0.227343035667
112 0.418041063393
113 0.493377789975
114 0.500444577518
115 0.50951169635
116 0.673048570296
117 0.511546350486
118 0.558160237193
119 0.54510332945
120 0.326993975756
121 0.396157921845
122 0.483476428237
123 0.395123329344
124 0.636440011485
125 0.518274006214
126 0.322797646386
127 0.576710417901
128 0.630695642127
129 0.440232211824
130 0.313919705095
131 0.222873090485
132 0.286446340503
133 0.563559845196
134 0.681653100047
135 0.515667766568
136 0.459665716235
137 0.853980096865
138 0.449395398276
139 0.759204137591
140 0.505738515704
141 0.447200333636
142 0.416962023446
143 0.559932936842
144 0.624534296039
145 0.473695838806
146 0.493213724094
147 0.645638898827
148 0.698551887207
149 0.676784047208
150 0.623952759231
151 0.467821438728
152 0.34937834334
153 0.367041224048
154 0.398443719496
155 0.0934069151373
156 0.27368484857
157 0.47665511039
158 0.356588834078
159 0.445356323852
160 0.379915697323
161 0.405380563832
162 0.337474609457
163 0.444533635459
164 0.28145379973
165 0.406071542723
166 0.702837834653
167 0.61699220557
168 0.468394185059
169 0.480766282508
170 0.542558876134
171 0.607681346778
172 0.62917007956
173 0.711076141745
174 0.678144086549
175 0.691296605658
176 0.418130918784
177 0.614323815975
178 0.651927694459
179 0.619543318487
180 0.554551705642
181 0.4929789686
182 0.736572219251
183 0.332729828508
184 0.474451647876
185 0.300886338393
186 0.58962075755
187 0.510660505991
188 0.424267631376
189 0.580133494808
190 0.324177522295
191 0.33711440428
192 0.435457025664
193 0.441553401391
194 0.356853358085
195 0.208024310539
196 0.535326762939
197 0.316658814853
198 0.881867138162
199 0.576046567717
200 0.578821356749
201 0.335672460145
202 0.291811900637
203 0.571345053539
204 0.308524029971
205 0.503551359573
206 0.631831107829
207 0.489572195843
208 0.629015882703
209 0.711335667298
210 0.398979453442
211 0.417909339546
212 0.442199025296
213 0.618216772392
214 0.419948680095
215 0.31538299071
216 0.444956566781
217 0.329618955416
218 0.164448629643
219 0.255104460046
220 0.330893491067
221 0.363598615117
222 -0.0183583075801
223 0.427119856598
224 0.554619994503
225 0.508372812342
226 0.631921088097
227 0.431804812641
228 0.518715682315
229 0.450986383295
230 0.493075031369
231 0.7389742868
232 0.357438808979
233 0.597109670537
234 0.785776709884
235 0.940960104842
236 1.03273946635
237 0.764215598039
238 0.905742038858
239 1.03060070882
240 1.48634608891
241 1.45885343258
242 1.27925112927
243 1.18073416748
244 1.28508002803
245 1.49202501885
246 1.30419830529
247 1.72437410455
248 1.63791215158
249 1.43068777555
250 1.40018573917
251 1.77810557708
252 1.62546774608
253 1.48826631324
254 1.3582682232
255 1.59066278073
256 1.70869119915
257 1.99339749087
258 1.82218754755
259 1.86963014427
260 1.69889252405
261 2.01521530603
262 1.95833209413
263 2.26324865821
264 2.03290837965
265 1.98160368126
266 2.29232090274
267 2.41147260387
268 2.43053828587
269 2.34263225766
270 2.39036206048
271 2.15837346575
272 2.32162191642
273 2.24997493908
274 2.36894679162
275 2.41503961912
276 2.29030547402
277 2.81358031785
278 2.44511582962
279 2.07173817388
280 2.06684992916
281 2.22542684974
282 2.25732418068
283 2.16489083275
284 2.30922919843
285 2.00559085628
286 2.08644650769
287 2.06799446855
288 2.07242366301
289 1.97233580812
290 1.60992302742
291 2.15524400049
292 2.29376060596
293 2.11476061822
294 1.91672516052
295 1.9774573285
296 1.88356262394
297 1.80647093866
298 1.76538689212
299 2.13165329499
300 1.76037524676
301 1.72391262919
302 1.95967046328
303 1.4887012505
304 1.6614395129
305 1.62458446407
306 1.70087490607
307 1.62859173558
308 1.96745279981
309 1.72940130716
310 2.12242785128
311 1.59757807747
312 1.74188478119
313 1.51540065417
314 1.84862168357
315 1.74410417076
316 1.81786994024
317 1.85037795341
318 1.46792610186
319 1.78252324661
320 2.09175517318
321 1.39838891696
322 1.53662476714
323 1.6487325039
324 1.24874943705
325 1.48282038114
326 1.42031193122
327 1.49523358621
328 0.960705334033
329 1.11260440499
330 1.17216881849
331 1.37120171606
332 1.46566592313
333 1.49318866117
334 1.70675818464
335 1.82125031207
336 1.41466713303
337 1.35608657998
338 1.56223019812
339 1.77536907815
340 1.85432742408
341 2.02356543091
342 2.03487280731
343 2.17861338527
344 2.24640264475
345 2.34305585105
346 2.02848123535
347 2.13510231332
348 2.18906086629
349 1.84553132335
350 2.0179456312
351 2.18457031024
352 2.03027561999
353 1.78497355133
354 1.70537189448
355 1.77283765158
356 1.84635753011
357 1.93585213919
358 1.79303199746
359 2.08471368851
360 2.16688015228
361 1.79538958985
362 1.82472063081
363 1.86437732282
364 1.75078325466
365 1.87097726991
366 2.13547189598
367 2.19645925147
368 2.55060826933
369 2.40650804398
370 2.47413565922
371 2.59766665673
372 2.89318449931
373 3.31686165042
374 3.40044307692
375 3.45214244198
376 2.84357374458
377 2.87230001135
378 3.21217714216
379 2.92051242373
380 2.72241116837
381 2.82759928869
382 3.12175088049
383 3.02785622747
384 2.70153293241
385 3.08306511027
386 3.32464420191
387 3.18803670134
388 3.23175481608
389 3.19743807707
390 3.29457610653
391 3.24547408369
392 2.99303781525
393 3.0428101421
394 2.90043748662
395 2.6842191017
396 3.02224766057
397 3.05822231903
398 2.94668109403
399 3.23673575404
400 3.31438015471
401 3.26565041075
402 3.1229738476
403 2.79753584624
404 3.35254281821
405 2.96534783415
406 2.99621357731
407 2.88065221474
408 2.93869115958
409 2.89635487444
410 3.09414655697
411 3.40650002386
412 3.03182968606
413 3.0390285622
414 3.08132202114
415 2.96890317095
416 2.83041200213
417 2.83850448336
418 3.0659307398
419 3.17418444873
420 2.89209492952
421 2.92177078646
422 3.05728705157
423 3.04081990124
424 2.63478772997
425 3.33790640517
426 2.96475261326
427 3.17210073162
428 2.94175387449
429 2.8246407458
430 2.57457896034
431 3.18759768101
432 3.01600398699
433 2.70859279161
434 2.37820571345
435 2.70523096229
436 2.84718119504
437 2.7625135085
438 2.41015915738
439 2.74244429635
440 3.14592739241
441 3.21470153933
442 3.02430502033
443 2.80338017437
444 2.60334480394
445 2.92165761433
446 3.08774304237
447 3.53775705552
448 3.24282244498
449 3.16654301315
450 3.34208829324
451 3.39491389288
452 2.99706797689
453 2.92760127365
454 2.97754185463
455 3.21239354335
456 3.21429612322
457 3.62976907143
458 3.35211103456
459 3.85416466766
460 4.2169509182
461 4.26326784416
462 4.26794902537
463 3.79125519137
464 3.3191965678
465 3.18311238538
466 3.44146141867
467 3.21963904746
468 3.360979201
469 3.50867086492
470 3.94508907432
471 3.33224059112
472 3.19445969328
473 3.21046738613
474 3.17672365796
475 3.38485659774
476 3.15902793461
477 3.29832916135
478 3.62210769508
479 3.69649306953
480 3.8148388649
481 3.53660094175
482 3.43058797039
483 2.98460594799
484 3.05848124227
485 3.32317353965
486 3.71245789919
487 4.03284280569
488 3.75690778512
489 3.74617170153
490 3.85376213998
491 3.7755234354
492 3.71055700533
493 3.62016025944
494 3.76611884048
495 3.56781876654
496 3.41567599466
497 3.32033699341
498 3.78895212183
499 3.32694220143
500 3.20422108925
501 3.10967336978
502 3.23483854651
503 2.79402606051
504 3.02898327441
505 2.77131801347
506 2.77698285694
507 2.70246211693
508 2.88317576916
509 2.85369699153
510 3.43909406547
511 3.38972472469
512 3.49189715466
513 3.54612616965
514 3.35914565813
515 3.49210222234
516 3.44525059914
517 3.33724284164
518 3.25476434
519 3.21035908304
520 3.35297224217
521 3.47121184193
522 3.92259246605
523 3.84919508328
524 3.20996959831
525 3.2556467656
526 3.26807002796
527 3.37189147688
528 3.16472936298
529 3.90118208882
530 4.02805155341
531 4.20443118434
532 4.41808290788
533 4.10686249986
534 4.10929787929
535 4.16155610547
536 4.48062766006
537 4.27651444691
538 4.40692352156
539 4.82278340759
540 4.26400010434
541 3.75720062376
542 4.03157717273
543 4.06961313929
544 4.42334548124
545 4.5055292727
546 4.23351325641
547 4.62817072117
548 4.76506904723
549 4.41048685546
550 4.3424365877
551 4.38587530751
552 4.3960202919
553 4.09756835203
554 3.38408223257
555 3.26740742898
556 3.36649656122
557 2.88169176176
558 2.98117635783
559 3.09321483039
560 2.67770002622
561 2.66400854998
562 2.90266730377
563 2.78673004702
564 2.87834068467
565 3.06833471794
566 2.90992827052
567 2.66974708322
568 2.47994320098
569 2.39912208313
570 2.25250834555
571 1.96304171701
572 2.55877447779
573 2.18886397414
574 2.16926731244
575 2.12038654547
576 2.11267464482
577 1.7619305881
578 2.23664077639
579 2.67653353328
580 2.05766002513
581 2.29769284375
582 2.46808984234
583 2.67663866486
584 2.72716815751
585 2.71620507822
586 2.71425719788
587 3.02746551577
588 3.25207990328
589 3.07924067054
590 3.3938390334
591 3.53213466521
592 3.35449053393
593 3.41135169363
594 3.38126899261
595 3.09620680699
596 3.68153052674
597 3.18879526151
598 2.48175857739
599 2.81618241485
600 3.63482456944
601 4.15806418582
602 4.37300096365
603 3.74026664626
604 3.73668778317
605 3.6130620275
606 3.55556867856
607 3.45243940161
608 2.88348040478
609 3.23629963855
610 3.51441509679
611 3.39548623661
612 3.17922357029
613 3.39213836699
614 3.35895557292
615 3.70641472928
616 3.47764157681
617 3.56379563318
618 3.56348593306
619 3.55716945056
620 3.35890361096
621 3.43602060304
622 3.55057310722
623 3.75443172256
624 3.28401953798
625 3.3164195348
626 3.04443285763
627 3.17078614213
628 2.1485273715
629 2.54506410081
630 2.87397824214
631 2.92462407657
632 3.13381652728
633 2.81450321493
634 2.45420518415
635 3.32931618202
636 2.88343193257
637 3.4095501251
638 3.73961938203
639 3.85955114315
640 3.94782334426
641 3.90252999186
642 4.40682816405
643 4.29478495186
644 4.05627972043
645 4.21714064498
646 4.55883920277
647 4.70402183016
648 3.82359589591
649 3.66675332883
650 4.37279521388
651 4.39161841112
652 4.40494216286
653 5.1340819834
654 4.66601015336
655 4.44865243988
656 4.62252570363
657 4.89181244052
658 4.31295549473
659 5.20489296498
660 5.48277496116
661 5.93216904186
662 5.30455292731
663 4.89473925144
664 5.4479639013
665 5.18780944797
666 5.01840213197
667 5.12901778556
668 5.22646512021
669 5.02889978247
670 5.13010464416
671 4.67388774841
672 4.91261154839
673 4.93226870533
674 4.77402159673
675 4.86162770898
676 4.96648743409
677 4.92005377972
678 5.01901316884
679 4.82105391144
680 4.9747167891
681 4.70100036176
682 4.67096560199
683 4.46932279363
684 4.31861335644
685 4.27971680633
686 3.853256367
687 4.12818415228
688 4.6454173517
689 4.31870005586
690 4.07505741712
691 4.07279873097
692 3.82892366811
693 4.02282175107
694 4.07453441045
695 4.72746584505
696 4.5576504546
697 4.55789983033
698 4.48203787904
699 4.64616453419
700 5.08638450228
701 5.14043237792
702 4.89966726213
703 5.36026367978
704 5.32997741799
705 5.10268980048
706 5.01431118865
707 5.41080621105
708 5.58915995209
709 5.37676047039
710 5.38085008252
711 5.31511942761
712 5.28069992028
713 5.08133687535
714 5.29396808655
715 4.55121349216
716 5.26320155921
717 5.18402979872
718 5.32860184242
719 5.14387085487
720 5.08412626915
721 4.99638509633
722 5.10137097857
723 5.37751930807
724 5.01934512517
725 4.84435483371
726 4.93393760114
727 5.51143070294
728 5.00537104316
729 4.48312714981
730 4.35796311213
731 4.48167365622
732 4.60604172361
733 5.00989780946
734 4.58007518051
735 4.57802182325
736 4.77880577552
737 4.48701614835
738 4.49368885515
739 4.20395759919
740 4.0681332783
741 4.1718340436
742 4.28900594371
743 4.13919805473
744 4.58011470884
745 4.66448076493
746 4.63377696561
747 4.21683896018
748 4.83167599064
749 5.07594413805
750 5.05215003098
751 4.48097309136
752 4.07327550736
753 4.50906192113
754 4.39385312616
755 4.43559280892
756 4.42901853964
757 4.55153358272
758 4.84512052914
759 5.0414055654
760 4.46004341534
761 4.95159535304
762 4.57600363923
763 5.06685687153
764 5.38030155088
765 5.32879673146
766 5.1306994319
767 4.95585766676
768 5.02828217603
769 5.04010867679
770 5.21109562898
771 5.41814741117
772 5.20720557083
773 5.34965561764
774 5.08328725208
775 4.38867592769
776 4.86281771355
777 4.89003959303
778 5.08590899943
779 4.95410074889
780 5.2176736643
781 5.61110130137
782 5.38537144685
783 5.34448774279
784 5.18039352029
785 5.4993402721
786 5.70475111893
787 6.22223146617
788 6.44094242436
789 6.17999661872
790 6.41009063704
791 6.52950754933
792 6.83561972612
793 6.23015826476
794 5.59576538284
795 5.92580554559
796 5.8415744513
797 6.2177831222
798 5.60249549506
799 5.65316961637
800 5.7629616639
801 6.13547713225
802 5.72506723982
803 6.11987245324
804 6.17827728807
805 6.51914474464
806 6.67570348773
807 5.91261745546
808 6.26445240666
809 5.95406426015
810 6.25614177731
811 7.15478113225
812 7.09595900673
813 6.48204946231
814 6.6821545891
815 6.25589605423
816 6.30823467098
817 6.52993760389
818 6.15897892243
819 6.25416328299
820 5.89876017337
821 5.7504806269
822 5.63424461162
823 5.80192491932
824 5.75723333794
825 5.73953169127
826 5.36486977926
827 5.19679282065
828 5.78858923644
829 5.88295783348
830 6.18933635498
831 6.02188453765
832 5.96431695929
833 5.67378053255
834 5.58659891951
835 5.14155590688
836 5.13415048738
837 5.48841331117
838 5.36354025098
839 5.20328451675
840 5.30235399716
841 4.8749783
842 5.12450582984
843 4.99669983544
844 4.62237068801
845 4.48811956709
846 4.66260153747
847 5.03288467843
848 5.0108808338
849 5.05896824755
850 5.72825774971
851 5.17995846482
852 5.24958574775
853 4.93770418664
854 5.06112583075
855 5.22586659715
856 5.43565695191
857 5.37404420328
858 5.24209483065
859 5.63094804094
860 5.29979880331
861 5.24470090919
862 5.56227048992
863 5.46958181685
864 5.25597833149
865 5.5738401083
866 5.64511793182
867 5.23832533343
868 5.53580830308
869 5.2266369684
870 5.38702993998
871 5.11777870259
872 5.29810415385
873 5.15866290662
874 5.44796554966
875 5.47251627537
876 5.4765352442
877 4.95646453879
878 5.15328012071
879 5.05937466464
880 5.21385945243
881 5.2768489624
882 4.82746621065
883 5.1021088374
884 5.25424390363
885 4.95865291228
886 5.11334638396
887 5.29570182893
888 5.40514403133
889 5.34495814926
890 5.65884363377
891 5.48537037249
892 5.36205850102
893 5.404156661
894 5.17646280725
895 5.30145082342
896 5.09916015913
897 4.76697724307
898 5.18591711669
899 4.74229978723
900 4.68277763871
901 4.45824758171
902 4.54393837753
903 4.72511664946
904 4.96543412268
905 4.79547333781
906 4.82795243239
907 5.15547097655
908 5.23999807075
909 4.95120615407
910 5.23118828278
911 5.12664738971
912 4.88509386556
913 4.96044325941
914 5.24027306283
915 5.39050626419
916 5.41213401191
917 5.05047722282
918 5.48902051513
919 5.43624238221
920 5.26648162646
921 4.61403856268
922 4.56266557635
923 5.24021776131
924 5.30463636507
925 5.73728343725
926 5.75191714566
927 6.04695587429
928 5.46595577989
929 5.6709685317
930 5.80217048951
931 6.00790160974
932 5.64475077169
933 6.02830859521
934 5.89740348623
935 6.00500171914
936 6.08893098012
937 5.80320875078
938 6.03229986253
939 5.73320023455
940 5.76152853839
941 5.67096932212
942 5.58032145072
943 5.44965902862
944 5.78918521429
945 5.77929781282
946 5.61360278467
947 5.47552946248
948 5.18454484982
949 5.64116651978
950 5.46373624102
951 5.53697758342
952 5.4995391852
953 4.79323456377
954 5.28202284251
955 5.0500142459
956 4.76557911462
957 4.5331186511
958 4.80018308264
959 5.37079325346
960 5.71106981742
961 5.53448413509
962 5.88817515574
963 5.61552073799
964 5.70301940522
965 5.95925201259
966 5.6017942608
967 5.83851400564
968 5.42476000506
969 5.49195385258
970 5.81067281014
971 5.58919056441
972 5.77010690974
973 5.70785177437
974 5.81238645311
975 5.87041454053
976 5.5466752636
977 5.58145093015
978 5.42572410452
979 5.76049419434
980 5.71981914781
981 6.15412126979
982 5.95173734165
983 6.09767469989
984 5.79611359629
985 5.77801659127
986 5.76757886981
987 5.99134628387
988 5.8656880306
989 6.03215918821
990 5.93331502709
991 5.85146931116
992 5.88288701445
993 5.75733577873
994 5.86931389738
995 5.88632441582
996 5.8859221023
997 5.98019378762
998 6.10430672974
999 5.95279250627
