0 0.0
1 -0.312228997432
2 -0.0531999287309
3 0.175477812511
4 0.257505349561
5 0.161776735942
6 0.331541917879
7 0.337357108324
8 0.134500118283
9 -0.00274372167328
10 0.16413211095
11 0.323380684336
12 0.188259588894
13 0.122106619031
14 0.358109273403
15 0.311810288582
16 0.201734483785
17 0.23323526513
18 -0.22669795097
19 -0.211147210162
20 -0.0786859684109
21 0.19763810101
22 -0.106575512862
23 -0.240279113882
24 0.0826874948036
25 -0.159851766461
26 -0.0470794915284
27 -0.254223655197
28 -0.322452463947
29 -0.333326636768
30 0.0451561351462
31 0.038730435068
32 -0.104744386001
33 0.00423132935697
34 0.21695252769
35 0.273362558524
36 0.281020431915
37 -0.0345091219432
38 0.14270185372
39 0.349110584082
40 -0.105921787619
41 0.214703800305
42 -0.0587600629275
43 0.0339339362808
44 0.202486372768
45 0.161370355489
46 0.101088005964
47 0.312223948429
48 0.134871684349
49 0.270565048349
50 0.284569106298
51 0.141237529845
52 0.158897530909
53 0.213360189857
54 0.0683194147295
55 0.052316996561
56 0.148979190167
57 0.085689853171
58 0.311462444316
59 0.327225271409
60 0.310539429417
61 0.200627792198
62 0.231430828948
63 0.276475577629
64 0.310315055611
65 0.247979597005
66 0.205530994175
67 0.252966841526
68 0.262752681908
69 0.203455919464
70 0.387731945606
71 0.378623953941
72 0.451296568326
73 0.30306629624
74 0.514183004881
75 0.379153215308
76 0.528180453694
77 0.44809321142
78 0.642567526483
79 0.226885683284
80 0.424256522333
81 0.614123476434
82 0.472448737679
83 0.331102902014
84 0.433275597594
85 0.558841190484
86 0.33052818556
87 0.455452957269
88 0.292559148867
89 0.34845058602
90 0.585418056886
91 0.504107218747
92 0.569666911189
93 0.417993379735
94 0.667931018077
95 0.745605260863
96 0.749512211521
97 0.324147610891
98 0.556070693489
99 0.432995611036
100 0.574082682623
101 1.03780750519
102 0.401078878148
103 0.675417123428
104 0.376833078126
105 0.339462941476
106 0.246515115563
107 0.490103991793
108 0.185712994854
109 0.373247500428
110 0.361831414581
111 0.596486399943
112 0.390241463951
113 0.611512103951
114 0.477122610851
115 0.406899318183
116 0.354293901614
117 0.275753190988
118 0.366716482837
119 0.367514184965
120 0.423915666659
121 0.519542695586
122 0.604997320172
123 0.536632735708
124 0.681705116699
125 0.415016222598
126 0.24879129472
127 0.538517108293
128 0.675988371359
129 0.326364552766
130 0.576016881926
131 0.579110992507
132 0.711977512166
133 0.621605461882
134 0.363192518259
135 0.361299654456
136 0.406566758756
137 0.664309803612
138 0.596975170226
139 0.854505004773
140 0.81466778696
141 0.731228736747
142 0.800374501256
143 0.419794125215
144 0.403152247394
145 0.3502392143
146 0.454866478063
147 0.309536074817
148 0.420193481891
149 0.568789484274
150 0.160198681807
151 0.498442852766
152 0.513749736521
153 0.566699825882
154 0.895632737041
155 0.667967375645
156 0.766128215576
157 0.640059538879
158 0.816393496068
159 0.842265419328
160 0.691594136345
161 0.876283515186
162 0.835453223758
163 0.52545447137
164 1.08280862966
165 1.17500079948
166 1.06149368244
167 0.718187834164
168 0.704128533024
169 0.942017219673
170 0.988901404608
171 0.991215833012
172 1.19126543298
173 1.19501481106
174 1.2146254872
175 1.16809583766
176 1.05629127835
177 1.02253414337
178 1.12236103968
179 1.0830827482
180 0.901498418099
181 0.857016145681
182 1.21655977558
183 0.676724161394
184 0.648191458178
185 0.901113862115
186 0.822484711996
187 0.842587017138
188 0.704427463727
189 0.556471348269
190 0.894720483482
191 0.6810759461
192 0.746635217516
193 0.738827813942
194 1.02038370281
195 0.970281607812
196 0.787869892183
197 0.712982561068
198 0.91445605631
199 1.12426658677
200 0.781767295849
201 0.774647370405
202 0.868980911329
203 0.853822761819
204 0.739230809378
205 0.893545165955
206 0.701580804591
207 1.25887854349
208 0.862066905746
209 0.839153409952
210 0.972303110025
211 0.889524937818
212 0.787650993508
213 0.773573454271
214 0.805033545021
215 1.03123196463
216 0.806616345938
217 0.920045389013
218 0.755907930593
219 0.77446561572
220 0.739141975578
221 0.686507258976
222 0.814358488432
223 0.805923164669
224 0.720482263487
225 0.699462829829
226 0.693916314584
227 0.865152124428
228 0.943143502809
229 1.18415525711
230 1.07847166062
231 0.847254010189
232 1.03572341138
233 1.35517655997
234 1.14380137853
235 1.44554625061
236 1.17488025768
237 0.822596135379
238 0.982854883779
239 1.07868334403
240 1.00656537802
241 1.1496758891
242 1.15805718183
243 0.827334709686
244 0.893334374185
245 0.755273459822
246 0.595981961796
247 0.767451021175
248 0.891937902744
249 1.0171648931
250 0.634920704756
251 0.739126000857
252 0.522434219516
253 0.854582767732
254 0.620895767901
255 0.609519913173
256 0.706459354517
257 0.549068832236
258 0.485425479557
259 0.690268630061
260 0.634328582932
261 0.580315890267
262 0.556225415775
263 0.704572046102
264 0.655502550655
265 0.553092540918
266 0.78096356601
267 0.542858517843
268 0.537009528726
269 0.54540547927
270 0.79473484206
271 1.07306129757
272 1.16286269979
273 0.695501340117
274 0.837883442304
275 0.986559660012
276 1.121168106
277 0.639101617355
278 0.878708459123
279 0.861312900449
280 0.782344743554
281 1.03156384717
282 0.655056290938
283 0.492487414141
284 0.517052046942
285 0.676903554802
286 0.877677601504
287 1.03939394587
288 0.89717059156
289 0.820182371979
290 0.742870378034
291 0.458247211295
292 0.69854795931
293 0.480642336483
294 1.05397655058
295 1.05984211523
296 1.31050012092
297 1.34907823397
298 1.07295591261
299 0.838040142675
300 0.908213046608
301 0.760031057486
302 1.02943317025
303 1.04627704829
304 0.867665068637
305 1.08439812933
306 0.637280937734
307 0.851644197312
308 0.723082965011
309 1.02386742369
310 0.686799359466
311 0.999657937864
312 1.05961653657
313 1.33156887101
314 1.24485750521
315 0.936402708311
316 0.723300464814
317 1.0965431547
318 1.38461277918
319 1.58597353999
320 1.26237199046
321 1.17628762597
322 1.21288869337
323 1.50490864221
324 1.71169972371
325 1.83321999365
326 1.69014467107
327 2.14623871144
328 1.79906285555
329 2.31243118307
330 2.39444353546
331 1.78871509696
332 1.73937636576
333 1.93429701501
334 1.79926392891
335 1.79529340045
336 1.85607908367
337 2.12117564712
338 1.8193157954
339 1.80299634936
340 1.84765817603
341 2.20000052846
342 1.9078262607
343 2.04146561925
344 1.56832453582
345 1.51543778473
346 2.04613435429
347 1.79742261981
348 1.80697191128
349 2.14628168345
350 1.63171270469
351 1.64543636478
352 1.5554077146
353 1.80477451727
354 1.64852358187
355 1.99108060415
356 2.28818773884
357 2.21059909002
358 2.6617387901
359 3.11434340845
360 3.07962204391
361 3.38944011509
362 3.37331993729
363 2.91802405928
364 3.2272163334
365 3.18055693362
366 3.00757007528
367 2.65325664088
368 3.0751032878
369 2.51011458834
370 2.70517585599
371 2.65148667163
372 2.92091478066
373 2.40515029793
374 1.5740809145
375 2.07955140673
376 1.39747553628
377 1.38708069312
378 2.51632052478
379 2.27380586787
380 2.43836017592
381 2.4499999837
382 2.05328215481
383 2.2704031605
384 2.20151939264
385 2.03348287542
386 2.00809557977
387 2.1581937567
388 2.25792423556
389 2.23283167995
390 1.83765079807
391 2.410998534
392 2.81539012464
393 2.91760628824
394 2.93195732311
395 3.41721588232
396 3.36053727007
397 3.41465599338
398 3.25851570932
399 2.64277582891
400 2.38492486621
401 1.9629517303
402 1.90567548928
403 1.96484715528
404 2.19125343305
405 1.60464415354
406 1.89328577677
407 1.9779565274
408 2.42010235819
409 3.09034521531
410 3.16139046185
411 2.51689328573
412 2.52086614676
413 2.66738958025
414 2.79060595912
415 3.08231406073
416 2.82931673708
417 2.93988106578
418 3.40538525896
419 2.83372565426
420 2.63752062481
421 2.46266988744
422 2.37421170384
423 2.8200506676
424 2.37568226392
425 2.1624322103
426 2.24944895105
427 2.61441986306
428 2.69314780189
429 3.13245894685
430 3.1178138389
431 2.75661215858
432 2.98940182979
433 2.84819028573
434 3.0109295636
435 2.85776736379
436 3.23128582878
437 3.21790765451
438 2.86397939055
439 2.76034351506
440 2.4594279228
441 2.4571041378
442 1.72082534371
443 2.50079411505
444 2.77332002454
445 2.89560083971
446 2.72529169193
447 2.86774749091
448 2.78755190083
449 3.76424067436
450 3.85768075256
451 3.82476408238
452 3.9907141503
453 4.18970403635
454 4.30026765545
455 4.28043257833
456 4.45007756866
457 5.05499356765
458 5.14936646445
459 4.81408549676
460 5.27683387748
461 4.7048157249
462 4.30094101865
463 4.03526512751
464 4.2573276136
465 4.02378612895
466 3.94913136479
467 4.13015834317
468 3.95821662751
469 4.12608001039
470 3.58134917237
471 3.27033419791
472 3.57120939508
473 3.45797261351
474 3.67743426182
475 3.5514430138
476 3.45918536251
477 3.34337047628
478 3.17612125431
479 3.27381703609
480 2.88263947928
481 2.68411899064
482 2.76042164365
483 2.91819940981
484 3.21534694421
485 3.25794299469
486 3.23512400071
487 3.20872229221
488 3.35597280711
489 3.44942110973
490 2.99847645676
491 3.29327298434
492 3.28038202701
493 3.64311481334
494 3.90830491595
495 3.88839867829
496 3.6749682535
497 3.6548104357
498 3.46348672692
499 3.80746065916
500 4.49506924274
501 4.05324614396
502 4.25161395261
503 4.22245824985
504 4.12143127857
505 4.14926848699
506 4.42206483664
507 3.87672351519
508 4.26730887232
509 4.09912992337
510 4.09933894451
511 3.64072350425
512 3.80856572403
513 4.02606507717
514 4.09568649951
515 4.08076184506
516 3.77316926144
517 3.57500068471
518 4.16738951282
519 3.97804527282
520 3.72366596772
521 3.63848133714
522 3.65778031928
523 4.0838053194
524 4.0784353144
525 3.79631444644
526 3.41217013225
527 3.69552852656
528 3.30904184565
529 3.51090872921
530 3.68188186621
531 3.2976420222
532 3.7839759838
533 3.29042003754
534 3.3144952373
535 3.61258607686
536 3.62710545726
537 3.18824880202
538 3.19114089838
539 3.37815518119
540 3.71273333437
541 3.7849999999
542 3.79606835816
543 3.71709627544
544 4.16506147092
545 3.73785615106
546 3.490756105
547 3.63713879893
548 3.59409575819
549 3.86421096199
550 3.91652046693
551 4.21086338506
552 4.21897882667
553 4.19504250515
554 3.45683526114
555 3.55890725875
556 3.94461989638
557 4.19114270513
558 4.27360678454
559 4.14569954443
560 4.38887165738
561 4.06367982281
562 3.8298484711
563 3.98473227828
564 4.01332221591
565 3.87816051899
566 4.04859627034
567 4.34508165814
568 4.49310672877
569 4.34216326093
570 4.04642194604
571 3.66721219456
572 3.74282896455
573 3.46743823821
574 4.23525295139
575 4.33904963337
576 4.13900537468
577 4.62282769049
578 4.50762855551
579 4.03102538768
580 4.21473440212
581 4.6125288597
582 4.17354192681
583 4.28320357088
584 4.67844356963
585 4.44383788851
586 4.3699830083
587 4.1255426671
588 4.18469646498
589 3.8936392837
590 3.83433913699
591 3.7686264997
592 3.57305764445
593 3.83840597259
594 4.0220120372
595 4.12369166087
596 3.99531503499
597 3.67546243877
598 3.7058606822
599 3.73518297572
600 3.3232170685
601 3.69261876471
602 3.4718808404
603 3.48186926346
604 3.70694696412
605 3.55717509696
606 3.28704455424
607 3.6021495645
608 3.57332865771
609 4.20684412211
610 4.11951749577
611 4.2565976746
612 4.06523748918
613 4.26476327272
614 4.64744705372
615 4.07391956066
616 4.34528442962
617 4.42379745518
618 4.34399478819
619 4.48775085849
620 4.43736095576
621 4.57392908574
622 4.87509959955
623 4.13878606471
624 4.60524320803
625 3.81767711897
626 3.78164500505
627 3.49343352688
628 3.71280139379
629 3.58782782005
630 3.78217758142
631 3.82762975605
632 3.67397545129
633 3.86087225557
634 3.63037060856
635 2.9047598376
636 3.40198445391
637 3.89468540431
638 3.9796864742
639 4.22885689552
640 3.8923977022
641 4.15734152776
642 4.04219690375
643 3.80569802472
644 4.45497192167
645 4.10623266111
646 3.88463238291
647 3.68686410228
648 3.38653413818
649 3.6162238029
650 3.58176472834
651 3.92043563968
652 4.24612061449
653 3.81314911163
654 3.9418813562
655 3.71154186908
656 4.09649284937
657 3.46441268066
658 3.60758909222
659 4.02823589594
660 4.83293662671
661 4.40966666894
662 4.34818121326
663 4.17814702586
664 3.97863224954
665 4.05733902736
666 3.70551059467
667 3.97279860229
668 4.22378841167
669 4.37124443078
670 4.45157233622
671 4.2821976056
672 4.67890277542
673 4.79632401508
674 4.42233846116
675 4.78556346327
676 4.72951859058
677 4.46609235595
678 4.84360923966
679 4.95374142025
680 5.1647116528
681 4.86027378406
682 5.14667476185
683 4.65190710344
684 4.67072885031
685 3.91241745018
686 3.91817121289
687 4.0879868095
688 3.96911316456
689 3.73147599612
690 3.78197941465
691 4.00939130468
692 3.92195999515
693 3.6522204172
694 3.83508299967
695 3.87217940131
696 4.34630998128
697 4.26473979025
698 4.10478361235
699 3.86970896898
700 4.15287567536
701 4.38656707886
702 4.26749013578
703 3.78661860016
704 3.9102841041
705 3.92752342847
706 4.01958098662
707 4.45450252552
708 4.38333911748
709 4.52459132978
710 4.40083222595
711 4.38641086439
712 4.83634454587
713 4.40204602406
714 4.73356744132
715 4.59370220876
716 4.39018203731
717 4.67396355998
718 4.57501822187
719 4.28836919292
720 4.48712898813
721 4.37872179779
722 5.05965595668
723 4.92088219102
724 4.98773805259
725 4.86202895511
726 5.19375785598
727 5.59680917748
728 5.29508512149
729 5.18511655267
730 5.43555940818
731 5.09595513304
732 5.50444722634
733 5.28801910062
734 5.45572341057
735 5.29735064761
736 4.90292225792
737 5.19032220647
738 4.60603430162
739 5.12667567312
740 5.05328404341
741 4.90212883362
742 5.13194181882
743 5.59580292751
744 5.47835410141
745 5.31746659428
746 5.99711989232
747 5.92129443554
748 6.12520038773
749 6.65891989413
750 6.87742527385
751 6.55787208913
752 6.22660894212
753 6.39039304566
754 6.72999406472
755 6.40055776917
756 6.37285195731
757 6.82648787261
758 6.92482912304
759 7.15140676158
760 7.40201042025
761 7.12506759721
762 7.57651613256
763 7.75343959799
764 7.64379472158
765 8.34876858623
766 8.10909118744
767 8.07336808126
768 7.92161267983
769 8.43091652195
770 8.18522505725
771 8.30294590066
772 8.35322080453
773 8.18781829088
774 8.39248600581
775 8.27944171428
776 7.91908665752
777 7.83508103397
778 7.51385502783
779 7.33855267899
780 7.30042146729
781 7.0996381674
782 7.23240074074
783 7.25827116637
784 7.52462728708
785 6.96003274789
786 6.60196250213
787 6.53626547236
788 6.37999473352
789 7.07013223191
790 7.11509831814
791 6.97424841804
792 6.78577336158
793 6.72953547067
794 6.97868090762
795 7.43492501438
796 6.98188616649
797 6.81762760416
798 7.38583771927
799 7.62768629307
800 7.82297584327
801 8.03901207666
802 8.37383011196
803 8.37381141284
804 8.71551458015
805 8.26898528935
806 8.22892542036
807 8.16373206528
808 8.46726310931
809 8.48676839869
810 8.68597603517
811 8.34376878277
812 7.73966717779
813 7.81260768321
814 7.75720397085
815 7.83051498297
816 7.76626263051
817 7.72816065699
818 7.74290393382
819 7.5744126908
820 7.58056174431
821 7.29398925363
822 7.55477648177
823 8.05117602681
824 7.7219750737
825 8.25176692117
826 7.51820795678
827 7.36517475732
828 7.49265081621
829 7.56000986004
830 8.04265424699
831 7.79193180862
832 7.42104070252
833 7.87180596583
834 8.08027637484
835 8.28084502093
836 8.3661924999
837 8.66899002493
838 9.18417850306
839 8.87903778415
840 9.65211027976
841 10.2338110492
842 10.3250302336
843 11.0379829636
844 11.5238760776
845 11.6241798256
846 11.4045484114
847 11.1964503879
848 10.0446796848
849 10.4056326345
850 10.4844053714
851 10.8394960571
852 11.3036978464
853 10.7333275249
854 11.1420190036
855 11.3101646233
856 12.7509587975
857 12.5775470705
858 12.6420133721
859 12.9409757023
860 13.2983607088
861 13.7083441211
862 14.178228142
863 13.4161743049
864 13.3538516079
865 13.3286900371
866 12.7713219002
867 13.40446779
868 13.6773267539
869 13.5423005415
870 12.9382826741
871 13.4784328435
872 13.2884707431
873 13.9307433067
874 14.009954369
875 14.2519934723
876 14.4089008818
877 14.3803820197
878 14.6079957192
879 14.9863815111
880 14.7681982237
881 14.9709105453
882 14.6035498543
883 15.0343568691
884 14.8891313041
885 15.0180651668
886 15.5502549129
887 15.3931856992
888 15.4492483973
889 15.2494286715
890 14.5192114043
891 14.8120128077
892 15.5201181797
893 15.8533681743
894 15.5679516661
895 14.6078173446
896 14.4832340678
897 14.4499193668
898 14.2264704792
899 14.2762567154
900 14.4919853002
901 14.1706575689
902 14.1905760831
903 14.0757033294
904 14.5282203388
905 14.4677301665
906 14.0067032978
907 13.8218790843
908 13.4586132859
909 13.6101029712
910 13.8613431459
911 14.0867394094
912 14.414271377
913 14.5574026189
914 14.4321365665
915 14.5666525467
916 15.0071368327
917 15.3711878734
918 15.2645182796
919 14.8550749269
920 14.3900889956
921 14.2470823094
922 14.1088004456
923 14.5378040403
924 14.7348130534
925 14.8348073995
926 14.4735310081
927 13.9599736477
928 13.4142745439
929 12.9708141925
930 13.6289668837
931 14.0527814379
932 13.7787864143
933 13.6344682572
934 13.4013698042
935 13.1748656603
936 13.0275521796
937 12.9514881801
938 12.7821241354
939 12.2577950698
940 12.1107711537
941 12.091711243
942 12.5400056301
943 12.1522903996
944 12.159728946
945 12.6202133474
946 12.794978802
947 13.0195758741
948 12.8377058909
949 12.5430735558
950 13.2875252074
951 13.0881188164
952 13.0308633585
953 12.8989566934
954 12.288609113
955 11.8444874162
956 12.6005600123
957 13.024957418
958 13.2337543544
959 12.9808444362
960 13.3361557638
961 13.9453540817
962 14.0846559706
963 14.2058572661
964 14.7335566021
965 15.096770726
966 14.623567649
967 14.9501500271
968 14.9550436388
969 14.7934632835
970 14.6216187763
971 14.9357382662
972 15.1604183809
973 14.6184301858
974 14.4435046168
975 14.1692403882
976 14.0645874069
977 14.3802028174
978 14.4820351963
979 14.8292998022
980 14.5807707715
981 14.588771028
982 14.2653396766
983 14.2049428988
984 13.6753775417
985 13.8713731737
986 14.0384589451
987 13.9007759162
988 13.7396031144
989 13.6464945372
990 14.3227254309
991 13.9408924801
992 14.2230897412
993 14.4403625044
994 14.8453576659
995 14.3892135812
996 14.3920706076
997 14.3314057024
998 14.2658846146
999 14.4424764186
