0 0.0
1 0.0241217955947
2 0.0169916657984
3 0.0967365320039
4 0.0934194150347
5 0.075361804367
6 0.0415214012061
7 0.0982690038719
8 0.265774758243
9 0.114053135428
10 0.152225131586
11 0.15627533657
12 0.161697316644
13 -0.0159942096463
14 -0.122807749371
15 -0.0143282832686
16 -0.111013884836
17 -0.0725281883066
18 0.0329204862752
19 0.0922352977725
20 -0.0115491531351
21 -0.0680726365564
22 0.134750911373
23 0.21997478929
24 -0.0207439836397
25 0.0709502383632
26 0.1637588272
27 0.114076982358
28 0.0246059567157
29 0.0960229100396
30 -0.177961178257
31 0.0481262535123
32 0.183885536468
33 0.194508128249
34 0.332806043304
35 -0.0311422688839
36 0.0672108906632
37 0.359169033693
38 0.240582198282
39 0.218554028432
40 0.328509275664
41 0.4357628425
42 0.530946852894
43 0.470318458279
44 0.451173455246
45 -0.0940849696553
46 0.10324070658
47 0.138849148936
48 0.400036722696
49 0.819054655902
50 0.409069912947
51 0.517201230679
52 0.378590558457
53 0.365647810085
54 0.375216957404
55 0.587811366201
56 0.539861836336
57 0.533473165504
58 0.692392503788
59 0.51636821419
60 0.837526372891
61 0.578643935547
62 0.774652222004
63 0.511059933646
64 0.764295661741
65 0.556289734653
66 0.477577119736
67 0.514217850101
68 0.446518675219
69 0.592531822086
70 0.415932387772
71 0.344240035617
72 0.391842442782
73 0.481548540605
74 0.377895166553
75 0.430696573009
76 0.565076809719
77 0.847629590083
78 0.534586934803
79 0.43979744632
80 0.325443482094
81 0.759838240913
82 0.358248847692
83 0.518042252142
84 0.491439959515
85 0.467750122459
86 0.526768678373
87 0.455041349644
88 0.381072386221
89 0.398692164429
90 0.421140123908
91 0.668377505498
92 0.642834272316
93 0.504488308141
94 0.262831603386
95 0.548885258403
96 0.340631253701
97 0.574620553489
98 0.373926037007
99 0.558919060635
100 0.625660179022
101 0.642780733942
102 0.47263637223
103 0.484921907371
104 0.48087747928
105 0.538640530665
106 0.290620204608
107 0.218555334728
108 0.507265559581
109 0.742728327404
110 0.746924521081
111 0.507963413641
112 0.257625357919
113 0.314301791542
114 0.194996891796
115 0.196897133397
116 0.00712013082895
117 -0.0290998028349
118 0.0813596957921
119 0.161058628482
120 -0.0894085808053
121 0.225478884331
122 0.136847119156
123 0.490008343358
124 0.155140613547
125 -0.210925727456
126 -0.270646129338
127 -0.214737391846
128 -0.234617898252
129 -0.102457898763
130 -0.0867591761953
131 -0.293773693636
132 -0.0875933708911
133 -0.132373901582
134 -0.279645239492
135 0.0312789523087
136 -0.194928529898
137 0.0196837102859
138 -0.138906250775
139 -0.296487089908
140 -0.178539410579
141 0.0715557695404
142 0.0411703296903
143 0.23538345871
144 0.113993843058
145 0.0718990413606
146 -0.0898952028539
147 0.00864994163658
148 -0.096316991454
149 0.111579643137
150 0.104992816052
151 0.10073410951
152 0.0202515524398
153 0.0919440075062
154 0.0932180321979
155 -0.151190073146
156 0.127299144761
157 0.182228946103
158 0.264264144816
159 -0.0120216936079
160 0.0153529408541
161 -0.0483097090106
162 0.122881041331
163 0.0444689945181
164 0.400448555669
165 0.387000098817
166 0.452982730149
167 0.776054862884
168 0.845366319092
169 0.698703831273
170 0.776521341669
171 0.786742630948
172 0.952353802884
173 0.680894177491
174 0.724696359112
175 0.547188333986
176 0.382756902847
177 0.493772801067
178 0.711433176746
179 0.669507576887
180 0.537445760945
181 0.635270760864
182 0.619199181232
183 0.432973226833
184 0.857118667309
185 0.464517864674
186 0.730379670431
187 0.775380003135
188 0.611502371659
189 0.45416556441
190 0.518581154993
191 0.271481249732
192 0.457134296903
193 0.432884360798
194 0.741456067812
195 0.732183752512
196 0.67704333131
197 0.641275789481
198 0.585383219663
199 0.746650814748
200 0.526872051847
201 0.920197767685
202 0.699676944751
203 0.72650920709
204 0.650620103043
205 0.56227741134
206 0.468766856121
207 0.56880398339
208 0.498367411591
209 0.79515317839
210 0.885438798308
211 0.676075535199
212 0.877052811373
213 0.713864796209
214 1.14266339909
215 0.889492081353
216 0.700244702296
217 1.10377558424
218 0.933845412619
219 0.868280728546
220 1.19490100242
221 1.04091333598
222 0.656827259271
223 1.0082871709
224 0.864436714998
225 0.863862791451
226 0.712888081592
227 0.946968535034
228 0.98760115169
229 0.83483122422
230 0.755095313507
231 0.781878059236
232 0.844872051861
233 0.594847533661
234 0.791923603848
235 0.644286690053
236 0.509817497959
237 0.880833463808
238 0.652642159932
239 0.453128987361
240 0.671424205576
241 0.813696625369
242 0.790247244926
243 0.890905762784
244 0.757586922524
245 0.715544233567
246 0.560804487287
247 0.678279514677
248 0.815812444356
249 0.715758108991
250 0.821486614598
251 0.790666140762
252 0.81581354098
253 0.802316124891
254 1.00054873129
255 0.943878908735
256 0.610832322073
257 0.937261289697
258 1.12432390024
259 0.897676648348
260 0.967306970182
261 0.76554466086
262 1.05604776133
263 0.861969186755
264 1.09669889408
265 1.10743722184
266 0.941153607384
267 0.888036476765
268 0.788081133784
269 1.23881840361
270 1.39419890606
271 1.18974993798
272 1.31463439788
273 1.32158609652
274 1.23264459631
275 1.21269000863
276 1.18849534063
277 1.2508805496
278 1.12424479882
279 1.15481172434
280 1.27525329107
281 1.20973508354
282 1.30288370898
283 1.25379316737
284 1.28251391136
285 1.12775343631
286 1.1609949667
287 1.08715042169
288 0.875905159126
289 0.900196573987
290 0.997837864292
291 1.01433974776
292 1.03979902251
293 1.50383404727
294 1.33122710147
295 0.981489749747
296 0.808652063032
297 1.12310587075
298 0.895305609307
299 0.722052142804
300 0.714065103026
301 1.02557365143
302 1.03406318802
303 0.950261168652
304 0.79869454312
305 0.785073343877
306 0.7365035546
307 0.783838294896
308 0.750887917922
309 0.771284583916
310 0.773652780269
311 0.918736883016
312 0.277022974159
313 0.768106971493
314 0.872720031676
315 0.576322217017
316 0.925936583698
317 1.10379054984
318 1.14342809577
319 0.788032657491
320 0.783125993033
321 0.609393410726
322 0.855742447635
323 0.898278579173
324 0.511991624979
325 0.527022738483
326 0.739307940135
327 0.950523312632
328 0.714689178693
329 0.438420889846
330 0.594663311374
331 0.857307790831
332 0.801033630991
333 0.650854626131
334 0.817992830248
335 0.624149769056
336 0.541348949453
337 0.582487640474
338 0.663078261167
339 0.51866404355
340 0.55066438269
341 0.70799444837
342 0.512084305208
343 0.429286793078
344 0.646725921274
345 0.925695429531
346 1.04592974817
347 0.793488934685
348 1.1576307061
349 0.819583578712
350 1.319124799
351 1.06676157792
352 0.874521589157
353 1.62871352157
354 1.51204862788
355 1.89071895138
356 1.28622852205
357 1.34337010415
358 1.64794232949
359 1.73397322731
360 1.48988970353
361 1.51200954533
362 1.40661004383
363 1.44740203317
364 1.54267363989
365 1.6298876631
366 1.7052315528
367 1.34776815335
368 1.11448652398
369 1.38917981111
370 1.44035715249
371 1.20363991442
372 1.09635417423
373 1.22525365017
374 1.04381256468
375 1.27619797712
376 1.42151340946
377 1.65382165343
378 1.95089498751
379 2.10223625057
380 2.01434240609
381 1.72075179397
382 1.78774145043
383 2.12018811815
384 2.26106926128
385 1.82121500407
386 1.97185237312
387 2.03536524641
388 2.34035627505
389 2.14607485288
390 2.61846343232
391 2.67274071906
392 1.9816056659
393 1.63972138072
394 1.96751579665
395 1.73589507991
396 2.05796931187
397 1.54930627281
398 1.80503530922
399 1.83908995475
400 1.50472460868
401 1.39020415398
402 1.85502398868
403 1.66205680914
404 2.25639604232
405 1.81110766311
406 2.19883384962
407 2.30035250251
408 2.65650468005
409 2.80453507636
410 2.60510862546
411 2.79504885474
412 2.77490406276
413 2.40415903439
414 3.25052803625
415 3.15553778659
416 2.95279420064
417 3.07107373447
418 3.28795377198
419 3.22871555487
420 3.09705097925
421 3.36306224357
422 3.22335523068
423 3.15771005156
424 2.90777866247
425 2.87195575239
426 3.02624583537
427 3.00961031252
428 2.58816744427
429 2.82624444035
430 2.54012368977
431 2.81502294176
432 2.72385126413
433 2.71647503163
434 2.77329315458
435 2.68542267022
436 2.53936732156
437 2.34698957692
438 2.61662363262
439 2.94206432912
440 3.41782709011
441 2.94571454491
442 3.18367402788
443 2.52646480788
444 2.59695299154
445 2.87666644978
446 3.14827111338
447 3.14128387561
448 3.44509736715
449 3.08045597429
450 3.04766104832
451 3.0668741716
452 3.38830491098
453 2.84106642458
454 2.59372505258
455 2.5012548599
456 2.43963129445
457 2.50438966456
458 2.36805897077
459 2.40265620675
460 2.6910104773
461 2.71191718634
462 2.44927898398
463 2.3942906316
464 2.52273833235
465 2.66670702006
466 2.5277459779
467 2.84156160015
468 2.72471536102
469 2.46202696032
470 2.20772259762
471 2.95151752519
472 2.59433951854
473 2.70814618297
474 2.78834100669
475 2.55153029743
476 2.94270782612
477 2.6144490718
478 2.77435017596
479 3.02040582834
480 2.84989784768
481 2.59791257069
482 2.80849053448
483 2.56092769442
484 2.84357441171
485 2.48393255929
486 2.64274629443
487 2.76617492741
488 2.42221975244
489 2.35622892592
490 2.35360085571
491 2.41717396004
492 2.59417094551
493 2.72129541209
494 2.6979248475
495 2.59452336881
496 3.02500650765
497 2.9213375891
498 3.06206249289
499 2.81306068425
500 2.81616750847
501 3.09695739161
502 2.71497383291
503 2.77346972318
504 2.82522520185
505 2.37160884362
506 2.79707322138
507 2.42738364918
508 2.70625423613
509 2.71965786083
510 2.96629064357
511 2.81451015266
512 2.93499480914
513 2.67275706634
514 2.82232926218
515 3.11117766837
516 2.69280516843
517 2.98885473202
518 2.7819884744
519 2.97235622959
520 2.87225395947
521 3.01555226399
522 3.05013965851
523 2.53557247933
524 2.53973029389
525 2.69867591866
526 2.75989947458
527 2.82042438839
528 2.78361541529
529 2.61266090376
530 2.70637651799
531 2.77450351368
532 2.98055807244
533 2.8596154702
534 3.14002702841
535 2.88536780563
536 2.72628267246
537 2.83883673256
538 3.18561395105
539 2.95079554354
540 2.83466380777
541 2.48511466767
542 2.62953388054
543 2.64852047774
544 2.47075331128
545 2.49313958681
546 2.64823572948
547 2.45194166793
548 2.3589443956
549 2.43720473194
550 2.31219456958
551 2.34749594985
552 2.35639881532
553 2.31686918731
554 2.2637569806
555 2.64412017011
556 2.4087710259
557 2.74790135331
558 2.38681085065
559 2.17472715557
560 2.6747564197
561 2.70719058135
562 2.57030421226
563 3.05169910005
564 3.28535594244
565 3.09745751989
566 3.12305539824
567 3.45891536786
568 3.67145383594
569 3.10905874937
570 3.08172478606
571 3.57721779598
572 3.39628211756
573 3.24584735985
574 3.60205402955
575 2.99262659514
576 2.61056703113
577 2.95292225322
578 2.93958781582
579 2.88001727337
580 2.75055804542
581 3.05242965844
582 3.11915267486
583 2.93252794917
584 3.3896345377
585 3.65792101656
586 3.74333615732
587 3.49993703905
588 3.54319300695
589 3.48763594045
590 3.82277589126
591 3.88234078207
592 3.77877653975
593 4.4764741804
594 4.05440889889
595 3.90703960522
596 4.41281796849
597 4.20555631936
598 3.78220045176
599 4.03397519283
600 4.14827989749
601 4.06549409736
602 3.80446691758
603 3.83586444344
604 3.74885548074
605 4.13790768675
606 3.80000227764
607 3.93441373817
608 4.09486248377
609 3.81443833119
610 4.04734640554
611 4.24858832445
612 4.33473875875
613 4.35075463021
614 4.3557557237
615 4.12567201394
616 4.01033743538
617 3.80074740037
618 3.72049029339
619 3.82927038464
620 3.67945887148
621 3.62958748942
622 3.65290102273
623 3.92636562765
624 3.95771482892
625 4.10532779695
626 4.30974715537
627 4.40777268606
628 4.3845294535
629 4.04164599142
630 4.13229748174
631 4.18231902093
632 4.30756805371
633 3.76994663133
634 4.0097592632
635 3.85335310724
636 4.28451425544
637 4.434362264
638 4.58890371613
639 4.37788358844
640 4.3556681858
641 4.63559007609
642 4.39043005966
643 4.91749379757
644 4.91269848814
645 4.60982732843
646 4.48051181379
647 4.31494109099
648 4.30315257512
649 4.46078022184
650 4.3334536359
651 4.24417859718
652 4.53921035326
653 4.17520032489
654 4.47835213712
655 4.53267277027
656 3.9137386185
657 3.80458349736
658 3.71831255543
659 3.91889210297
660 4.02746251217
661 4.74573718849
662 4.41389803632
663 4.81938858321
664 4.88423069158
665 5.19090809302
666 4.25189144405
667 4.49603552607
668 4.61941654519
669 5.3117259358
670 4.97409080993
671 4.99955002401
672 4.97149407568
673 4.49988221706
674 4.91452422949
675 4.31661227118
676 4.95523356915
677 4.90930362813
678 4.7470365348
679 4.8932676926
680 5.02845801456
681 4.93654422061
682 4.7818097712
683 5.05013522928
684 4.91173532816
685 4.8342714826
686 4.94801929938
687 5.21221328537
688 4.85629917656
689 4.60946048354
690 5.01521281575
691 5.02629116729
692 5.17647740438
693 5.34790791293
694 5.07576139889
695 4.9619270723
696 5.34595168383
697 5.66538689307
698 5.72796094349
699 5.39878562978
700 5.24041961337
701 5.4874838355
702 5.28452795807
703 5.50815331647
704 5.65461288886
705 5.63725118717
706 6.0483587649
707 6.27852463994
708 5.96051423365
709 5.90729983252
710 5.96023296636
711 6.19122907529
712 6.5910808857
713 6.30423309044
714 6.12023669699
715 6.77847511017
716 6.61921308712
717 6.70697913223
718 6.86701895033
719 7.10904107189
720 6.91458402833
721 6.93515891571
722 6.96500232585
723 6.71045969458
724 7.09065483991
725 6.79522202929
726 6.80235704944
727 5.96364830598
728 5.50369465617
729 6.10242706681
730 5.54737403159
731 5.04119295592
732 5.21925380916
733 5.06755710559
734 5.19152606587
735 5.04613863782
736 4.65305336641
737 4.64171448835
738 4.65067114931
739 4.7925315494
740 4.93732469509
741 4.79786190445
742 4.91130585284
743 4.83199046396
744 5.11827812979
745 5.40517456866
746 5.47453563736
747 5.61807117396
748 5.4531676446
749 5.72423439313
750 5.73408602227
751 5.73722968995
752 5.57243221093
753 5.76949219654
754 5.65976016942
755 6.15528154883
756 5.40091124249
757 5.9964698586
758 5.4682829432
759 5.74875049795
760 5.48647911291
761 5.76935996795
762 6.09907394621
763 6.16100195521
764 6.24690835456
765 6.14989612595
766 5.93950012389
767 5.9352348612
768 6.05542491007
769 5.5089014966
770 5.95331079441
771 6.27235147882
772 6.08790559056
773 5.6247356685
774 6.09904839886
775 5.85168760844
776 5.77369805239
777 5.51126215943
778 5.91255936457
779 5.26178584365
780 5.02954807933
781 5.41475347698
782 5.85216923439
783 5.51120103758
784 5.58181021819
785 5.48771372258
786 4.83778339553
787 4.76032786971
788 4.74529146736
789 4.76774409546
790 5.04964530336
791 4.68944585208
792 4.54060640624
793 4.97303285458
794 4.89088426107
795 5.7409826894
796 5.469299378
797 5.25226226266
798 5.40498799836
799 5.51947215229
800 5.94180056775
801 6.07318198218
802 6.08411915241
803 5.58967336466
804 5.21049922544
805 5.5787560756
806 5.79951396257
807 5.95408260335
808 5.48384636959
809 5.35842815857
810 5.7300550767
811 6.2850925879
812 6.0868008189
813 6.24376534219
814 6.52186027918
815 6.82749125935
816 6.694771461
817 7.15788951361
818 6.8297437276
819 6.41423178852
820 6.30116190443
821 6.67485292319
822 5.99727362886
823 6.06920575269
824 6.28280613982
825 6.59236580853
826 6.05784842729
827 5.89288689883
828 6.38227912679
829 6.3761182355
830 6.55756906728
831 6.53206380673
832 6.54317152133
833 6.70592729081
834 6.51011681827
835 6.88121217407
836 7.12732540417
837 6.99385841815
838 6.50773282781
839 6.977625843
840 6.81605182031
841 6.77416625156
842 6.61203497602
843 6.10351418301
844 6.21601413506
845 6.21788634828
846 5.91894557473
847 6.28009020673
848 6.76718046335
849 6.22358167178
850 6.11062307814
851 6.0041209916
852 6.01496405558
853 6.01092842458
854 6.05844523051
855 6.17770446768
856 5.92283044484
857 5.46627096901
858 5.49215745855
859 5.69020229097
860 5.45951814614
861 6.05098956164
862 6.12722222988
863 5.97056785291
864 5.98300929157
865 5.97666093974
866 6.00844545704
867 5.84394427894
868 5.71084249035
869 5.40946385626
870 5.99100930032
871 6.08625313583
872 6.05255798175
873 6.23616119742
874 5.85952568746
875 6.10342170147
876 6.3968920362
877 6.26915244591
878 6.38237306654
879 6.30630583497
880 6.20482948821
881 6.33976004503
882 6.6325807932
883 7.05573104598
884 7.2403603189
885 7.42984653167
886 6.66368836377
887 6.99593211497
888 7.45443268564
889 7.10052126285
890 6.8368465872
891 6.91703944935
892 7.33096380839
893 6.91503719542
894 7.03952671295
895 6.69203417131
896 7.3795036757
897 7.83519441786
898 7.51421447911
899 7.44950761816
900 7.91718403425
901 7.53650997724
902 7.97689858243
903 8.13942464649
904 7.57633239636
905 7.32829373453
906 7.38773447575
907 7.76480940675
908 7.49915234284
909 7.65752290587
910 7.53908002891
911 7.74541011565
912 7.83000780474
913 7.74984999641
914 8.00945994482
915 7.85415844415
916 7.27356217017
917 7.66841265709
918 7.71639500033
919 7.80796303889
920 7.85686631974
921 8.04019922388
922 7.6913626323
923 7.57241612584
924 7.37686348615
925 8.19897874646
926 7.64216329907
927 8.17254568326
928 8.28710203532
929 8.05221591678
930 8.61124442967
931 8.41646507248
932 8.01779828047
933 8.08964261697
934 7.70909135752
935 7.44192750114
936 7.04963650925
937 7.02902172839
938 6.53882201345
939 7.05969036389
940 7.22883770957
941 6.96667611275
942 7.69135399923
943 6.58885397126
944 6.72750315338
945 7.58909849736
946 7.30441401547
947 7.37242582155
948 7.39379069187
949 7.35742123056
950 7.39334942058
951 6.82471932143
952 6.90000728338
953 7.29597843146
954 7.30865901351
955 6.90409427395
956 6.92416557834
957 7.14262500639
958 6.91492329978
959 6.79995780068
960 6.33174923437
961 6.8643175613
962 6.9014905555
963 6.67402032099
964 6.79124077621
965 7.10918226698
966 7.66518366258
967 7.25187791644
968 6.9881754086
969 7.20049638802
970 6.99810753128
971 6.35701573885
972 6.26687673075
973 6.20893949513
974 6.37103508964
975 6.25176124231
976 6.86078605759
977 7.01455448362
978 7.26423448193
979 7.02754916061
980 7.15644689646
981 7.09173721586
982 7.04036057785
983 6.82351711446
984 6.18760424688
985 6.93481016643
986 7.00399013076
987 7.145574863
988 7.18228921003
989 6.81029114523
990 6.76305227488
991 7.15809931056
992 7.20008877868
993 7.35103039536
994 7.30084273196
995 7.23391046048
996 7.63992413194
997 7.98822088834
998 8.00414495249
999 8.42485042287
