1005000 698.265
1012500 445.525
1020000 622.353
1027500 580.667
1035000 490.845
1042500 571.987
1050000 381.207
1057500 322.859
1065000 381.355
1072500 488.619
1080000 467.689
1087500 480.644
1095000 446.345
1102500 596.382
1110000 516.435
1117500 431.0
1125000 533.778
1132500 447.897
1140000 517.824
1147500 501.943
1155000 441.956
1162500 358.591
1170000 461.464
1177500 463.673
1185000 355.214
1192500 563.09
1200000 500.048
1207500 426.33
1215000 445.595
1222500 362.159
1230000 448.855
1237500 443.868
1245000 295.956
1252500 390.786
1260000 386.692
1267500 349.891
1275000 265.713
1282500 401.813
1290000 491.009
1297500 318.787
1305000 457.106
1312500 311.55
1320000 499.423
1327500 346.145
1335000 291.035
1342500 458.812
1350000 396.537
1357500 509.719
1365000 452.278
1372500 432.647
1380000 444.901
1387500 569.106
1395000 457.758
1402500 436.17
1410000 456.375
1417500 491.764
1425000 467.523
1432500 497.877
1440000 472.694
1447500 443.873
1455000 460.341
1462500 365.626
1470000 458.152
1477500 542.77
1485000 598.475
1492500 484.981
1500000 485.648
1507500 452.729
1515000 397.134
1522500 486.925
1530000 476.035
1537500 469.374
1545000 436.679
1552500 557.323
1560000 413.196
1567500 395.606
1575000 509.548
1582500 481.025
1590000 542.748
1597500 477.839
1605000 462.043
1612500 407.242
1620000 546.612
1627500 440.648
1635000 469.016
1642500 397.864
1650000 461.914
1657500 505.177
1665000 522.862
1672500 451.934
1680000 481.787
1687500 607.137
1695000 577.188
1702500 447.728
1710000 413.473
1717500 560.452
1725000 403.895
1732500 544.52
1740000 517.081
1747500 547.038
1755000 542.981
1762500 500.139
1770000 681.017
1777500 745.517
1785000 475.005
1792500 698.69
1800000 521.384
1807500 576.727
1815000 539.657
1822500 647.62
1830000 645.209
1837500 652.118
1845000 712.589
1852500 592.138
1860000 663.324
1867500 691.603
1875000 602.828
1882500 614.572
1890000 619.775
1897500 679.087
1905000 711.058
1912500 582.149
1920000 642.666
1927500 507.009
1935000 561.981
1942500 674.447
1950000 695.421
1957500 668.285
1965000 435.852
1972500 731.182
1980000 662.56
1987500 679.975
1995000 512.937
2002500 552.478
2010000 606.307
2017500 678.932
2025000 537.26
2032500 631.369
2040000 613.926
2047500 782.133
2055000 788.66
2062500 702.315
2070000 665.134
2077500 578.697
2085000 655.175
2092500 705.633
2100000 603.014
2107500 752.113
2115000 654.89
2122500 669.695
2130000 648.17
2137500 679.372
2145000 753.575
2152500 856.695
2160000 721.229
2167500 722.878
2175000 649.82
2182500 706.755
2190000 612.357
2197500 525.688
2205000 522.209
2212500 736.765
2220000 587.899
2227500 575.819
2235000 572.174
2242500 528.697
2250000 812.449
2257500 771.729
2265000 791.582
2272500 592.361
2280000 543.493
2287500 769.868
2295000 553.661
2302500 710.594
2310000 514.694
2317500 641.64
2325000 560.117
2332500 584.673
2340000 412.321
2347500 490.905
2355000 504.387
2362500 586.196
2370000 452.619
2377500 625.99
2385000 614.977
2392500 482.483
2400000 537.533
2407500 524.347
2415000 572.547
2422500 654.924
2430000 558.741
2437500 496.097
2445000 477.962
2452500 494.315
2460000 583.045
2467500 429.701
2475000 441.168
2482500 617.458
2490000 499.134
2497500 672.933
2505000 625.604
2512500 690.122
2520000 724.069
2527500 672.699
2535000 316.878
2542500 297.722
2550000 307.635
2557500 328.558
2565000 511.328
2572500 484.675
2580000 419.486
2587500 302.857
2595000 482.102
2602500 349.225
2610000 312.723
2617500 390.715
2625000 455.214
2632500 395.882
2640000 354.759
2647500 233.679
2655000 322.556
2662500 324.693
2670000 286.499
2677500 235.347
2685000 262.349
2692500 437.673
2700000 387.434
2707500 350.629
2715000 403.21
2722500 413.818
2730000 300.967
2737500 293.755
2745000 341.022
2752500 288.029
2760000 330.347
2767500 251.008
2775000 203.897
2782500 104.885
2790000 199.73
2797500 258.812
2805000 285.901
2812500 280.521
2820000 217.985
2827500 110.355
2835000 124.741
2842500 315.636
2850000 191.312
2857500 182.986
2865000 42.4586
2872500 148.757
2880000 57.7749
2887500 115.934
2895000 146.141
2902500 214.615
2910000 190.526
2917500 -14.737
2925000 142.226
2932500 214.579
2940000 154.944
2947500 131.114
2955000 89.4439
2962500 35.4186
2970000 18.5463
2977500 98.9535
2985000 36.9302
2992500 -84.9329
3000000 97.9379
3007500 88.5722
3015000 64.7786
3022500 246.31
3030000 107.229
3037500 273.566
3045000 137.529
3052500 69.7701
3060000 30.633
3067500 182.017
3075000 336.805
3082500 342.8
3090000 134.57
3097500 224.492
3105000 316.462
3112500 360.741
3120000 318.581
3127500 348.454
3135000 304.698
3142500 300.81
3150000 196.299
3157500 213.702
3165000 184.978
3172500 257.718
3180000 278.525
3187500 144.202
3195000 20.2105
3202500 218.048
3210000 200.657
3217500 192.443
3225000 313.924
3232500 255.731
3240000 441.975
3247500 345.912
3255000 167.776
3262500 200.195
3270000 297.9
3277500 274.029
3285000 257.972
3292500 218.996
3300000 63.2071
3307500 54.6845
3315000 -93.6569
3322500 177.585
3330000 95.7928
3337500 79.4024
3345000 186.617
3352500 70.1348
3360000 39.5231
3367500 -42.3164
3375000 -69.5122
3382500 0.498712
3390000 24.6107
3397500 58.7722
3405000 6.11066
3412500 214.766
3420000 200.553
3427500 113.82
3435000 75.8041
3442500 100.976
3450000 131.648
3457500 81.404
3465000 66.2303
3472500 235.242
3480000 207.881
3487500 165.302
3495000 166.726
3502500 73.4219
3510000 176.843
3517500 291.386
3525000 101.494
3532500 162.852
3540000 125.64
3547500 216.05
3555000 254.339
3562500 192.63
3570000 50.3663
3577500 -54.5729
3585000 84.8035
3592500 96.2125
3600000 70.5011
3607500 243.351
3615000 149.329
3622500 81.8891
3630000 78.089
3637500 180.08
3645000 148.453
3652500 75.6546
3660000 148.417
3667500 174.128
3675000 392.081
3682500 229.739
3690000 164.665
3697500 90.4356
3705000 141.817
3712500 113.046
3720000 24.6749
3727500 164.465
3735000 227.524
3742500 104.713
3750000 54.2972
3757500 -19.1526
3765000 124.376
3772500 -2.38512
3780000 56.3063
3787500 6.0763
3795000 129.123
3802500 -21.1078
3810000 -123.621
3817500 35.6849
3825000 134.42
3832500 54.4192
3840000 249.458
3847500 103.001
3855000 231.726
3862500 72.6294
3870000 235.056
3877500 168.455
3885000 70.9546
3892500 34.0792
3900000 9.15125
3907500 -40.611
3915000 75.624
3922500 141.326
3930000 97.9925
3937500 77.217
3945000 279.044
3952500 254.372
3960000 138.806
3967500 119.948
3975000 149.603
3982500 243.892
3990000 160.72
3997500 2.98194
4005000 95.2678
4012500 156.317
4020000 64.4664
4027500 -64.0157
4035000 -22.7042
4042500 -19.7939
4050000 153.719
4057500 215.21
4065000 136.749
4072500 189.737
4080000 82.6433
4087500 63.3439
4095000 87.5099
4102500 142.261
4110000 -33.7273
4117500 180.227
4125000 10.1124
4132500 74.996
4140000 231.769
4147500 264.75
4155000 -23.1848
4162500 -12.4364
4170000 -119.684
4177500 -58.0069
4185000 158.197
4192500 143.871
4200000 95.6967
4207500 3.76662
4215000 -73.8957
4222500 53.6382
4230000 70.3491
4237500 25.0935
4245000 63.1795
4252500 55.9913
4260000 40.599
4267500 21.7971
4275000 138.677
4282500 81.0734
4290000 130.641
4297500 90.2524
4305000 316.093
4312500 144.447
4320000 198.136
4327500 237.079
4335000 184.059
4342500 216.475
4350000 113.213
4357500 -81.4033
4365000 -106.598
4372500 -81.4735
4380000 39.7303
4387500 34.8816
4395000 107.852
4402500 152.295
4410000 135.847
4417500 36.1014
4425000 121.812
4432500 95.8615
4440000 66.2847
4447500 67.9086
4455000 150.013
4462500 96.2274
4470000 -39.2535
4477500 -6.38651
4485000 -56.7849
4492500 -92.8871
4500000 -13.5189
4507500 -24.7981
4515000 11.9264
4522500 223.319
4530000 150.956
4537500 52.9348
4545000 145.865
4552500 160.58
4560000 -176.399
4567500 -164.2
4575000 -250.195
4582500 -46.0334
4590000 -271.684
4597500 -114.6
4605000 -149.07
4612500 -5.84611
4620000 -10.5338
4627500 31.7074
4635000 225.597
4642500 -18.2141
4650000 -6.35511
4657500 -94.4105
4665000 37.8536
4672500 -51.2743
4680000 53.7102
4687500 31.192
4695000 -8.15949
4702500 121.36
4710000 113.294
4717500 56.6221
4725000 109.684
4732500 -61.4211
4740000 -160.141
4747500 -15.7576
4755000 21.3644
4762500 102.861
4770000 193.925
4777500 214.429
4785000 150.815
4792500 60.497
4800000 212.704
4807500 133.227
4815000 282.872
4822500 191.003
4830000 248.062
4837500 149.216
4845000 61.2917
4852500 -51.0946
4860000 -63.3483
4867500 149.589
4875000 153.674
4882500 13.631
4890000 209.276
4897500 95.6442
4905000 32.998
4912500 110.386
4920000 276.735
4927500 265.246
4935000 120.999
4942500 105.221
4950000 114.1
4957500 68.8369
4965000 150.559
4972500 229.836
4980000 168.118
4987500 239.696
4995000 109.486
5002500 150.057
5010000 191.767
5017500 71.8784
5025000 180.336
5032500 239.005
5040000 70.5001
5047500 103.042
5055000 27.5875
5062500 -66.2619
5070000 -109.565
5077500 -52.8105
5085000 -239.794
5092500 -136.943
5100000 -97.375
5107500 -48.8788
5115000 167.009
5122500 232.195
5130000 91.8
5137500 283.037
5145000 254.186
5152500 297.894
5160000 245.961
5167500 319.404
5175000 131.414
5182500 29.3744
5190000 32.54
5197500 -72.2633
5205000 -180.852
5212500 41.6473
5220000 101.712
5227500 171.965
5235000 71.9749
5242500 144.496
5250000 319.733
5257500 294.34
5265000 170.119
5272500 227.664
5280000 154.658
5287500 118.167
5295000 -108.33
5302500 113.734
5310000 104.474
5317500 -98.2073
5325000 -14.1439
5332500 -43.1061
5340000 -44.8552
5347500 123.159
5355000 92.0353
5362500 70.9296
5370000 168.027
5377500 109.592
5385000 -22.96
5392500 -56.1428
5400000 -15.6118
5407500 -122.617
5415000 66.6455
5422500 120.8
5430000 -20.2782
5437500 -11.8825
5445000 164.84
5452500 0.291467
5460000 122.049
5467500 176.593
5475000 180.993
5482500 232.884
5490000 148.337
5497500 100.346
5505000 187.253
5512500 117.403
5520000 144.423
5527500 77.5826
5535000 135.97
5542500 41.9454
5550000 104.808
5557500 198.092
5565000 15.0369
5572500 97.0221
5580000 293.989
5587500 323.893
5595000 382.649
5602500 344.604
5610000 239.952
5617500 84.6065
5625000 148.247
5632500 115.428
5640000 67.6511
5647500 55.2182
5655000 -129.684
5662500 -99.6163
5670000 81.0703
5677500 225.526
5685000 -36.5717
5692500 181.307
5700000 -61.0796
5707500 4.3511
5715000 -191.636
5722500 120.585
5730000 174.696
5737500 6.79893
5745000 62.6017
5752500 38.5216
5760000 138.214
5767500 151.767
5775000 174.229
5782500 186.611
5790000 95.0237
5797500 151.662
5805000 113.891
5812500 -104.972
5820000 82.2802
5827500 144.719
5835000 281.631
5842500 173.446
5850000 69.1975
5857500 67.7665
5865000 -14.8237
5872500 232.427
5880000 150.83
5887500 80.1109
5895000 49.9292
5902500 128.866
5910000 355.905
5917500 131.142
5925000 272.29
5932500 209.049
5940000 80.4257
5947500 55.0901
5955000 53.9179
5962500 183.653
5970000 46.4017
5977500 202.924
5985000 147.346
5992500 -48.9224
6000000 -27.4426
6007500 -169.648
6015000 34.3329
6022500 -55.4312
6030000 76.7212
6037500 -7.34065
6045000 109.762
6052500 73.2513
6060000 21.4164
6067500 192.922
6075000 139.938
6082500 122.345
6090000 -1.45991
6097500 162.754
6105000 267.679
6112500 353.297
6120000 207.226
6127500 -13.586
6135000 -63.3452
6142500 -68.1684
6150000 -29.0793
6157500 49.126
6165000 -40.0789
6172500 -28.8384
6180000 18.8381
6187500 7.15117
6195000 178.032
6202500 223.016
6210000 47.4297
6217500 112.23
6225000 201.682
6232500 177.548
6240000 192.578
6247500 159.82
6255000 297.878
6262500 208.437
6270000 73.8297
6277500 37.1934
6285000 47.4166
6292500 115.034
6300000 -63.4845
6307500 61.5144
6315000 209.664
6322500 214.176
6330000 57.374
6337500 167.155
6345000 215.029
6352500 160.932
6360000 116.861
6367500 80.4588
6375000 26.0893
6382500 -119.691
6390000 -46.6563
6397500 -17.4597
6405000 -117.204
6412500 -189.062
6420000 -99.5587
6427500 -92.144
6435000 8.62657
6442500 3.08911
6450000 2.71655
6457500 63.8198
6465000 155.58
6472500 -6.2009
6480000 165.86
6487500 253.013
6495000 -88.0921
6502500 137.658
6510000 54.9377
6517500 210.391
6525000 214.33
6532500 -16.0808
6540000 -71.2174
6547500 -132.47
6555000 -66.447
6562500 -71.1502
6570000 -215.303
6577500 -59.7593
6585000 -58.7512
6592500 -78.4306
6600000 -149.426
6607500 -140.369
6615000 -32.876
6622500 -110.327
6630000 -71.5342
6637500 -74.2392
6645000 -146.115
6652500 -117.102
6660000 -102.067
6667500 -143.395
6675000 -164.18
6682500 -8.33831
6690000 -6.93523
6697500 38.189
6705000 -154.581
6712500 3.13621
6720000 -166.535
6727500 -13.4656
6735000 79.5669
6742500 145.91
6750000 -11.4017
6757500 3.94744
6765000 0.586257
6772500 51.5636
6780000 190.505
6787500 77.4928
6795000 68.9098
6802500 38.1469
6810000 24.3862
6817500 119.47
6825000 14.442
6832500 -113.268
6840000 -171.512
6847500 -19.6472
6855000 142.352
6862500 -46.3172
6870000 88.071
6877500 222.6
6885000 73.1825
6892500 82.3908
6900000 211.274
6907500 137.743
6915000 6.17175
6922500 32.1847
6930000 -48.1625
6937500 -1.7576
6945000 -48.6304
6952500 -49.6945
6960000 -48.4379
6967500 94.4048
6975000 20.3815
6982500 -129.46
6990000 -50.0653
6997500 -55.0261
7005000 75.8325
7012500 -104.134
7020000 -35.0377
7027500 31.5601
7035000 157.899
7042500 58.3972
7050000 204.584
7057500 123.859
7065000 9.60188
7072500 148.562
7080000 -11.8773
7087500 -63.0184
7095000 -2.55818
7102500 -122.488
7110000 13.0841
7117500 -195.862
7125000 -72.4441
7132500 51.2113
7140000 7.51664
7147500 -28.8298
7155000 59.3964
7162500 182.197
7170000 292.206
7177500 48.2202
7185000 -46.2337
7192500 56.2118
7200000 192.666
7207500 187.518
7215000 83.2871
7222500 248.863
7230000 341.442
7237500 125.238
7245000 80.3916
7252500 128.555
7260000 217.724
7267500 153.518
7275000 3.43065
7282500 152.736
7290000 140.193
7297500 158.915
7305000 55.7135
7312500 180.187
7320000 79.9252
7327500 12.5027
7335000 -136.825
7342500 -74.8078
7350000 -83.5323
7357500 -45.4342
7365000 -125.732
7372500 -127.963
7380000 -76.9979
7387500 40.2513
7395000 -200.052
7402500 -86.2797
7410000 -178.021
7417500 -42.1844
7425000 -45.9412
7432500 -0.829529
7440000 5.23958
7447500 7.96224
7455000 110.051
7462500 59.6432
7470000 -44.083
7477500 64.5553
7485000 149.791
7492500 182.873
7500000 227.012
7507500 337.951
7515000 244.401
7522500 129.92
7530000 154.9
7537500 80.3296
7545000 -37.2743
7552500 172.074
7560000 73.8733
7567500 -44.1179
7575000 -91.6038
7582500 -19.1672
7590000 -54.9831
7597500 11.5536
7605000 -26.2811
7612500 -20.0801
7620000 34.9869
7627500 257.466
7635000 146.771
7642500 178.562
7650000 217.703
7657500 167.838
7665000 181.155
7672500 155.35
7680000 -37.5708
7687500 166.569
7695000 141.525
7702500 191.667
7710000 38.3948
7717500 161.511
7725000 -15.6612
7732500 126.539
7740000 -5.46036
7747500 68.5565
7755000 38.5122
7762500 36.8997
7770000 64.0201
7777500 -101.443
7785000 -217.083
7792500 -64.4002
7800000 -26.9969
7807500 37.0104
7815000 -40.7095
7822500 -2.6374
7830000 -100.282
7837500 -11.0111
7845000 13.637
7852500 -6.57385
7860000 58.061
7867500 -4.81566
7875000 14.3109
7882500 79.5366
7890000 -72.3666
7897500 -78.1453
7905000 49.8347
7912500 19.3891
7920000 -19.5559
7927500 -66.7738
7935000 -9.88828
7942500 92.6065
7950000 -33.738
7957500 4.73324
7965000 -4.94608
7972500 -33.9329
7980000 192.822
7987500 217.783
7995000 172.805
8002500 151.897
8010000 227.084
8017500 169.142
8025000 57.5378
8032500 66.7631
8040000 -44.9244
8047500 124.381
8055000 152.744
8062500 118.632
8070000 107.244
8077500 97.9178
8085000 171.935
8092500 27.6378
8100000 67.074
8107500 34.4475
8115000 31.5177
8122500 100.534
8130000 80.0325
8137500 -56.5062
8145000 -112.265
8152500 -44.1779
8160000 -23.617
8167500 122.766
8175000 32.7842
8182500 6.85815
8190000 193.904
8197500 218.769
8205000 -96.7917
8212500 12.4823
8220000 41.9317
8227500 -68.8495
8235000 -48.5048
8242500 153.05
8250000 46.0497
8257500 72.1356
8265000 121.056
8272500 208.436
8280000 65.6867
8287500 144.385
8295000 225.02
8302500 153.413
8310000 205.597
8317500 377.235
8325000 265.663
8332500 359.351
8340000 321.335
8347500 241.024
8355000 195.473
8362500 171.98
8370000 88.9924
8377500 155.379
8385000 186.918
8392500 44.0259
8400000 195.99
8407500 262.732
8415000 261.343
8422500 215.934
8430000 100.001
8437500 149.629
8445000 274.413
8452500 140.963
8460000 250.767
8467500 146.902
8475000 219.687
8482500 158.226
8490000 112.991
8497500 188.766
8505000 294.381
