1005000 698.264
1012500 624.337
1020000 557.123
1027500 443.679
1035000 429.759
1042500 419.675
1050000 465.273
1057500 340.906
1065000 372.829
1072500 450.821
1080000 392.825
1087500 369.876
1095000 449.32
1102500 408.948
1110000 421.362
1117500 481.479
1125000 446.821
1132500 407.744
1140000 451.655
1147500 561.384
1155000 463.821
1162500 608.612
1170000 470.432
1177500 473.834
1185000 454.863
1192500 518.829
1200000 587.41
1207500 495.674
1215000 432.711
1222500 577.43
1230000 516.982
1237500 410.092
1245000 406.773
1252500 352.242
1260000 509.729
1267500 491.837
1275000 527.666
1282500 380.856
1290000 425.274
1297500 368.776
1305000 430.951
1312500 330.628
1320000 380.77
1327500 395.221
1335000 410.967
1342500 460.637
1350000 515.095
1357500 487.222
1365000 486.022
1372500 582.148
1380000 435.796
1387500 383.152
1395000 481.926
1402500 586.078
1410000 545.366
1417500 533.348
1425000 612.23
1432500 396.495
1440000 444.971
1447500 391.392
1455000 526.349
1462500 521.939
1470000 584.648
1477500 522.871
1485000 549.35
1492500 483.051
1500000 460.004
1507500 460.319
1515000 614.252
1522500 428.435
1530000 398.41
1537500 397.238
1545000 455.826
1552500 508.476
1560000 416.63
1567500 492.281
1575000 383.426
1582500 536.02
1590000 513.644
1597500 367.778
1605000 522.839
1612500 495.672
1620000 440.535
1627500 490.805
1635000 452.128
1642500 456.754
1650000 473.937
1657500 356.246
1665000 499.379
1672500 448.415
1680000 570.073
1687500 502.771
1695000 587.149
1702500 544.727
1710000 549.114
1717500 589.237
1725000 536.103
1732500 626.108
1740000 530.13
1747500 516.013
1755000 583.861
1762500 560.037
1770000 519.193
1777500 471.332
1785000 610.29
1792500 560.695
1800000 534.441
1807500 645.384
1815000 561.71
1822500 565.861
1830000 561.021
1837500 589.889
1845000 582.157
1852500 497.574
1860000 617.316
1867500 479.807
1875000 619.041
1882500 708.438
1890000 705.759
1897500 716.248
1905000 543.621
1912500 582.182
1920000 584.497
1927500 612.85
1935000 695.973
1942500 436.798
1950000 609.079
1957500 668.591
1965000 656.208
1972500 591.056
1980000 707.428
1987500 581.82
1995000 628.082
2002500 545.143
2010000 550.192
2017500 466.807
2025000 513.967
2032500 575.86
2040000 527.985
2047500 604.435
2055000 511.06
2062500 643.762
2070000 630.267
2077500 627.925
2085000 734.959
2092500 718.773
2100000 714.575
2107500 666.785
2115000 727.35
2122500 662.373
2130000 722.757
2137500 815.485
2145000 613.303
2152500 618.088
2160000 711.75
2167500 590.606
2175000 680.196
2182500 746.128
2190000 749.572
2197500 830.95
2205000 698.532
2212500 742.365
2220000 730.927
2227500 802.641
2235000 566.807
2242500 735.002
2250000 614.971
2257500 645.729
2265000 779.358
2272500 777.779
2280000 728.099
2287500 718.234
2295000 912.969
2302500 559.155
2310000 603.019
2317500 817.238
2325000 841.729
2332500 718.796
2340000 673.232
2347500 835.669
2355000 846.426
2362500 858.94
2370000 747.321
2377500 819.251
2385000 794.158
2392500 769.143
2400000 960.492
2407500 768.376
2415000 861.782
2422500 904.122
2430000 774.208
2437500 694.885
2445000 787.852
2452500 818.621
2460000 874.751
2467500 818.022
2475000 712.219
2482500 716.903
2490000 759.146
2497500 861.397
2505000 839.594
2512500 779.897
2520000 771.561
2527500 784.736
2535000 671.388
2542500 681.51
2550000 611.6
2557500 504.331
2565000 305.895
2572500 308.457
2580000 579.67
2587500 330.458
2595000 225.632
2602500 333.538
2610000 466.828
2617500 376.546
2625000 672.084
2632500 562.527
2640000 649.338
2647500 537.552
2655000 452.756
2662500 709.055
2670000 588.103
2677500 699.43
2685000 528.586
2692500 498.904
2700000 537.912
2707500 479.653
2715000 553.066
2722500 551.711
2730000 534.65
2737500 605.797
2745000 615.763
2752500 724.339
2760000 597.784
2767500 469.818
2775000 605.871
2782500 686.166
2790000 564.092
2797500 706.364
2805000 662.754
2812500 458.372
2820000 688.903
2827500 539.526
2835000 670.929
2842500 518.193
2850000 697.115
2857500 573.232
2865000 617.381
2872500 634.025
2880000 709.626
2887500 759.882
2895000 546.31
2902500 458.816
2910000 561.277
2917500 472.351
2925000 560.211
2932500 708.203
2940000 569.395
2947500 629.025
2955000 628.645
2962500 563.232
2970000 640.124
2977500 541.364
2985000 625.917
2992500 598.026
3000000 527.306
3007500 670.029
3015000 730.876
3022500 532.677
3030000 596.114
3037500 515.685
3045000 540.83
3052500 564.438
3060000 601.369
3067500 686.84
3075000 617.519
3082500 732.473
3090000 753.663
3097500 653.339
3105000 623.643
3112500 676.229
3120000 611.671
3127500 573.438
3135000 467.774
3142500 434.388
3150000 467.138
3157500 352.427
3165000 425.742
3172500 335.274
3180000 212.342
3187500 59.0029
3195000 77.4378
3202500 26.6917
3210000 123.773
3217500 175.317
3225000 246.009
3232500 137.25
3240000 252.852
3247500 193.866
3255000 107.397
3262500 204.2
3270000 193.727
3277500 168.499
3285000 105.286
3292500 316.096
3300000 364.729
3307500 310.664
3315000 71.0556
3322500 123.467
3330000 279.861
3337500 208.631
3345000 261.109
3352500 306.442
3360000 188.471
3367500 204.887
3375000 201.798
3382500 233.35
3390000 22.7242
3397500 81.1533
3405000 -43.0295
3412500 88.9855
3420000 387.617
3427500 154.903
3435000 311.812
3442500 249.826
3450000 217.999
3457500 191.166
3465000 267.281
3472500 219.728
3480000 289.023
3487500 130.18
3495000 392.064
3502500 451.943
3510000 302.279
3517500 275.376
3525000 457.176
3532500 152.782
3540000 409.361
3547500 196.647
3555000 176.093
3562500 191.176
3570000 266.006
3577500 208.727
3585000 253.753
3592500 396.229
3600000 380.335
3607500 234.328
3615000 62.9679
3622500 -7.08967
3630000 -108.22
3637500 49.8936
3645000 -4.22488
3652500 20.9276
3660000 49.0402
3667500 9.31187
3675000 57.077
3682500 -4.08549
3690000 7.42983
3697500 59.253
3705000 -46.2046
3712500 -21.0831
3720000 172.088
3727500 77.2135
3735000 42.5961
3742500 -166.257
3750000 -75.0305
3757500 -72.2211
3765000 -60.2371
3772500 -62.2153
3780000 182.432
3787500 33.4349
3795000 24.102
3802500 259.788
3810000 152.324
3817500 29.0061
3825000 -30.1437
3832500 -98.1932
3840000 120.439
3847500 223.16
3855000 81.2739
3862500 55.3022
3870000 -59.6704
3877500 58.6335
3885000 75.3053
3892500 30.5995
3900000 82.9094
3907500 19.037
3915000 44.8817
3922500 128.282
3930000 155.608
3937500 241.056
3945000 32.9854
3952500 226.914
3960000 82.3237
3967500 74.4672
3975000 52.8278
3982500 250.699
3990000 91.7947
3997500 150.592
4005000 334.715
4012500 72.6735
4020000 264.922
4027500 239.706
4035000 128.274
4042500 147.624
4050000 214.215
4057500 247.936
4065000 234.056
4072500 -73.2813
4080000 33.0546
4087500 132.432
4095000 86.5444
4102500 105.6
4110000 -69.4198
4117500 81.556
4125000 167.855
4132500 158.321
4140000 131.638
4147500 19.367
4155000 79.2155
4162500 194.695
4170000 174.561
4177500 127.113
4185000 198.637
4192500 -5.42877
4200000 21.5568
4207500 -67.4305
4215000 -96.1882
4222500 -139.792
4230000 -108.283
4237500 104.49
4245000 78.8176
4252500 211.329
4260000 73.9612
4267500 159.8
4275000 136.32
4282500 -55.7254
4290000 46.1995
4297500 45.1812
4305000 18.12
4312500 75.2483
4320000 59.9843
4327500 64.8297
4335000 138.274
4342500 94.3722
4350000 109.914
4357500 52.7485
4365000 33.7674
4372500 204.634
4380000 48.6517
4387500 226.905
4395000 407.256
4402500 190.862
4410000 216.502
4417500 180.201
4425000 -68.5394
4432500 76.9805
4440000 299.197
4447500 217.461
4455000 202.334
4462500 104.979
4470000 57.1884
4477500 94.8673
4485000 -51.6445
4492500 163.369
4500000 236.926
4507500 134.63
4515000 1.11888
4522500 -56.0812
4530000 89.6177
4537500 -35.0678
4545000 105.753
4552500 -19.3377
4560000 -119.846
4567500 -74.3386
4575000 114.975
4582500 204.168
4590000 267.778
4597500 78.7472
4605000 147.534
4612500 0.957633
4620000 92.0351
4627500 210.905
4635000 46.2966
4642500 116.242
4650000 228.003
4657500 67.887
4665000 -78.389
4672500 -144.498
4680000 178.977
4687500 -27.2581
4695000 42.3876
4702500 -151.744
4710000 -18.4999
4717500 -1.69858
4725000 -160.576
4732500 101.537
4740000 -44.4576
4747500 -5.99266
4755000 -58.4651
4762500 49.6717
4770000 75.9426
4777500 159.236
4785000 36.6714
4792500 186.667
4800000 -78.8954
4807500 173.284
4815000 254.243
4822500 306.63
4830000 203.019
4837500 295.313
4845000 113.487
4852500 205.035
4860000 247.912
4867500 213.812
4875000 300.833
4882500 158.416
4890000 122.622
4897500 -12.2834
4905000 -162.246
4912500 -135.154
4920000 1.32379
4927500 177.399
4935000 -107.557
4942500 66.2282
4950000 101.39
4957500 329.075
4965000 -72.5485
4972500 -139.407
4980000 -34.6595
4987500 54.7697
4995000 176.343
5002500 -79.5771
5010000 122.309
5017500 127.888
5025000 168.723
5032500 180.311
5040000 94.1448
5047500 319.945
5055000 -100.92
5062500 -63.3792
5070000 163.543
5077500 231.98
5085000 117.319
5092500 239.583
5100000 87.5217
5107500 169.168
5115000 39.0794
5122500 82.9882
5130000 105.851
5137500 188.692
5145000 174.618
5152500 6.94288
5160000 17.4232
5167500 19.3199
5175000 -62.5335
5182500 -20.3519
5190000 63.199
5197500 29.3903
5205000 108.107
5212500 96.0547
5220000 302.516
5227500 140.075
5235000 63.9441
5242500 -57.3292
5250000 164.771
5257500 347.312
5265000 100.037
5272500 5.04497
5280000 -3.44287
5287500 -60.2805
5295000 19.6567
5302500 70.4852
5310000 -35.2474
5317500 -240.901
5325000 -118.522
5332500 -144.147
5340000 145.047
5347500 114.033
5355000 46.8657
5362500 66.7116
5370000 121.921
5377500 179.97
5385000 35.4005
5392500 75.9232
5400000 21.3602
5407500 196.324
5415000 151.575
5422500 233.747
5430000 49.8141
5437500 73.2456
5445000 35.6201
5452500 153.64
5460000 156.519
5467500 196.703
5475000 93.8429
5482500 269.287
5490000 246.574
5497500 250.414
5505000 -193.304
5512500 -10.1962
5520000 -31.5651
5527500 67.1016
5535000 -87.2722
5542500 -138.442
5550000 -17.2818
5557500 -154.62
5565000 82.4188
5572500 -65.5353
5580000 106.494
5587500 -79.103
5595000 -6.31739
5602500 54.7674
5610000 -34.1605
5617500 -19.2341
5625000 -95.2265
5632500 103.542
5640000 119.682
5647500 31.7126
5655000 157.205
5662500 -44.5368
5670000 21.1849
5677500 62.2744
5685000 116.518
5692500 163.233
5700000 294.939
5707500 132.155
5715000 57.8605
5722500 159.554
5730000 -80.6782
5737500 30.2646
5745000 16.5984
5752500 45.7495
5760000 35.7708
5767500 -184.578
5775000 -124.492
5782500 -30.2548
5790000 24.7038
5797500 96.6601
5805000 97.2309
5812500 -124.038
5820000 24.0951
5827500 67.1325
5835000 151.863
5842500 299.635
5850000 165.139
5857500 139.675
5865000 111.417
5872500 140.617
5880000 131.488
5887500 50.0027
5895000 101.687
5902500 222.649
5910000 115.348
5917500 228.485
5925000 115.028
5932500 -43.5481
5940000 34.7291
5947500 53.6545
5955000 3.7367
5962500 270.328
5970000 376.925
5977500 119.658
5985000 26.664
5992500 143.764
6000000 -60.2717
6007500 -20.4658
6015000 176.344
6022500 113.477
6030000 154.21
6037500 187.247
6045000 123.371
6052500 -2.03556
6060000 127.492
6067500 42.8427
6075000 125.087
6082500 -94.2236
6090000 120.849
6097500 85.0056
6105000 148.177
6112500 140.504
6120000 22.7338
6127500 -90.4503
6135000 155.031
6142500 -78.3122
6150000 -97.7188
6157500 108.212
6165000 -4.80106
6172500 -21.6696
6180000 223.188
6187500 144.458
6195000 252.772
6202500 129.704
6210000 57.273
6217500 -69.3822
6225000 65.5872
6232500 98.0396
6240000 305.42
6247500 249.605
6255000 137.135
6262500 24.3078
6270000 -32.6721
6277500 10.6871
6285000 -48.6572
6292500 230.817
6300000 113.8
6307500 34.6275
6315000 132.089
6322500 39.3339
6330000 -44.5374
6337500 30.8017
6345000 -97.438
6352500 -141.816
6360000 155.312
6367500 9.59681
6375000 -135.032
6382500 129.664
6390000 158.795
6397500 -56.2799
6405000 -144.763
6412500 -230.992
6420000 -25.2147
6427500 -36.395
6435000 29.4012
6442500 -84.0585
6450000 49.5547
6457500 117.409
6465000 -13.197
6472500 -8.179
6480000 -302.93
6487500 -65.8096
6495000 -111.33
6502500 69.2364
6510000 197.416
6517500 53.6085
6525000 -49.6199
6532500 -122.142
6540000 -101.785
6547500 118.892
6555000 32.1024
6562500 -132.196
6570000 -158.272
6577500 230.39
6585000 150.016
6592500 -83.3513
6600000 10.7606
6607500 -40.1575
6615000 -127.29
6622500 -131.252
6630000 -262.551
6637500 -174.835
6645000 -98.3874
6652500 12.737
6660000 195.326
6667500 2.91904
6675000 157.849
6682500 25.7055
6690000 -22.6399
6697500 150.282
6705000 159.546
6712500 22.6376
6720000 -95.5381
6727500 47.0109
6735000 161.197
6742500 -50.5121
6750000 84.5654
6757500 4.47925
6765000 1.76983
6772500 87.7303
6780000 343.679
6787500 151.458
6795000 26.0953
6802500 120.726
6810000 26.828
6817500 122.58
6825000 -9.9253
6832500 223.113
6840000 159.791
6847500 77.3754
6855000 31.7265
6862500 136.045
6870000 -176.408
6877500 24.444
6885000 -26.648
6892500 16.4369
6900000 -92.3705
6907500 244.151
6915000 -150.533
6922500 -202.032
6930000 -85.9741
6937500 -106.445
6945000 -159.498
6952500 -20.8644
6960000 61.2484
6967500 125.399
6975000 41.2542
6982500 187.896
6990000 48.3352
6997500 41.5938
7005000 -67.6213
7012500 62.0511
7020000 -108.147
7027500 6.73249
7035000 -158.188
7042500 -307.773
7050000 -207.658
7057500 -32.8814
7065000 57.9886
7072500 20.5882
7080000 -3.42536
7087500 17.9975
7095000 139.4
7102500 7.79534
7110000 -245.981
7117500 -341.906
7125000 -93.5949
7132500 -82.5872
7140000 115.072
7147500 -114.789
7155000 113.775
7162500 168.94
7170000 -130.304
7177500 -92.2099
7185000 0.398465
7192500 73.9738
7200000 116.56
7207500 -70.0454
7215000 74.4752
7222500 -135.039
7230000 33.2007
7237500 -57.0874
7245000 -69.4714
7252500 59.5269
7260000 101.821
7267500 -19.8808
7275000 -60.7452
7282500 146.467
7290000 -53.7631
7297500 79.0787
7305000 -96.1353
7312500 110.379
7320000 55.6637
7327500 17.539
7335000 16.9153
7342500 157.552
7350000 159.546
7357500 104.964
7365000 19.9403
7372500 -82.8646
7380000 1.47666
7387500 57.8484
7395000 -1.30406
7402500 116.172
7410000 9.37262
7417500 11.6706
7425000 157.517
7432500 24.651
7440000 -107.19
7447500 19.4415
7455000 -61.086
7462500 -40.0875
7470000 -6.38506
7477500 -15.0895
7485000 -86.8941
7492500 -95.0341
7500000 -180.285
7507500 -27.5109
7515000 -124.247
7522500 10.4865
7530000 -162.183
7537500 154.467
7545000 229.172
7552500 115.657
7560000 7.15343
7567500 -228.189
7575000 -151.873
7582500 7.04872
7590000 106.114
7597500 183.605
7605000 -34.0493
7612500 -83.1434
7620000 110.552
7627500 41.1474
7635000 104.27
7642500 96.8041
7650000 -48.4756
7657500 -257.602
7665000 63.7473
7672500 248.67
7680000 63.4688
7687500 23.121
7695000 -30.9264
7702500 -51.2491
7710000 120.201
7717500 -186.222
7725000 162.767
7732500 85.7266
7740000 -26.4631
7747500 136.348
7755000 -51.037
7762500 22.2017
7770000 110.905
7777500 -7.6098
7785000 67.3495
7792500 -28.6877
7800000 -79.7852
7807500 36.3306
7815000 58.3863
7822500 8.34189
7830000 -230.44
7837500 28.0287
7845000 -61.4385
7852500 -55.0086
7860000 56.6073
7867500 -27.3883
7875000 -219.33
7882500 -196.105
7890000 -153.112
7897500 19.4009
7905000 -344.805
7912500 40.5189
7920000 89.5087
7927500 -42.0931
7935000 17.4192
7942500 -18.9232
7950000 -49.7321
7957500 43.7889
7965000 183.488
7972500 34.0107
7980000 42.1359
7987500 -201.423
7995000 183.976
8002500 30.9517
8010000 -97.0792
8017500 -152.723
8025000 -142.131
8032500 -221.502
8040000 -232.492
8047500 -104.715
8055000 -12.7753
8062500 2.13821
8070000 176.642
8077500 309.861
8085000 126.82
8092500 -126.324
8100000 -312.341
8107500 -123.528
8115000 -0.0909038
8122500 -96.5093
8130000 206.211
8137500 143.438
8145000 81.8997
8152500 41.8383
8160000 66.9286
8167500 47.601
8175000 113.512
8182500 24.1141
8190000 -24.3519
8197500 -8.37484
8205000 -45.4339
8212500 -131.908
8220000 -43.2531
8227500 -105.407
8235000 26.619
8242500 7.82645
8250000 77.1561
8257500 -9.6122
8265000 -0.246791
8272500 -221.179
8280000 -115.401
8287500 4.56268
8295000 -239.24
8302500 -96.0625
8310000 13.1113
8317500 -92.3193
8325000 14.5895
8332500 -26.7238
8340000 34.1612
8347500 51.0729
8355000 29.7704
8362500 -54.7903
8370000 142.905
8377500 26.3111
8385000 -23.8599
8392500 -98.6521
8400000 -165.976
8407500 -228.644
8415000 -78.029
8422500 30.2112
8430000 -216.108
8437500 -60.954
8445000 -69.0646
8452500 -62.6474
8460000 -21.1379
8467500 106.607
8475000 -14.5951
8482500 137.551
8490000 216.151
8497500 120.43
8505000 236.646
