0 0.0
1 0.00639776534665
2 0.122519900049
3 -0.0749252348932
4 0.207006365729
5 -0.0407120243575
6 0.246622008161
7 0.511367635857
8 0.0102847512707
9 0.378634122853
10 0.266994127355
11 0.27379551465
12 0.396400081176
13 0.480830877118
14 0.434709153803
15 0.603802804562
16 0.510047178476
17 0.493623045574
18 0.292214534859
19 0.522593326509
20 0.460473846171
21 0.269868804038
22 0.229533066063
23 0.146334634135
24 0.499594875925
25 0.29054882258
26 0.307828414419
27 -0.00127799314001
28 0.0952872538312
29 0.404777545103
30 0.42361843219
31 0.0247233857606
32 0.0177465592703
33 -0.0267175498352
34 0.325213924979
35 0.158988033571
36 0.0675005326371
37 0.115566252128
38 0.281372279758
39 0.00879320305996
40 -0.117179064395
41 -0.153925216635
42 0.0764256804882
43 -0.0930717177547
44 0.0836600832429
45 -0.0442492623344
46 -0.0468699562305
47 0.0462890452422
48 0.0482451652949
49 0.286408975433
50 0.150122340581
51 -0.0690650883871
52 0.282482983942
53 0.0889015055733
54 0.150885707271
55 0.150471954435
56 0.426094523073
57 0.216069550766
58 0.238841761668
59 0.0550674438801
60 0.374907936739
61 0.495482984781
62 0.129519496945
63 0.407007503546
64 0.195812051258
65 0.381657389857
66 0.0798575275599
67 0.231653430182
68 0.527788181411
69 0.368503716287
70 0.432455266579
71 0.104934403858
72 0.499649508133
73 0.305011691575
74 0.519742568424
75 0.271175391989
76 -0.19354993748
77 0.0364027329177
78 -0.164030241788
79 -0.208890400175
80 -0.0896899433744
81 -0.383902767869
82 -0.171117460648
83 -0.10491652723
84 -0.202960839344
85 -0.114375774831
86 0.226206972609
87 -0.270060880901
88 0.142157712514
89 -0.114355958273
90 -0.0185464436267
91 -0.111414510001
92 0.379738254263
93 0.097151071274
94 0.225947702782
95 0.300809336131
96 0.197536495192
97 0.249555618553
98 0.315833405911
99 0.435390466251
100 0.436772266555
101 0.651314093096
102 0.607009902785
103 0.440631249843
104 0.429940192666
105 0.332794309244
106 0.185467612128
107 0.192475200988
108 0.434811493777
109 0.27859734514
110 0.244365443951
111 0.306412489103
112 0.495871791239
113 0.409515355023
114 0.183419072715
115 0.216508064943
116 0.127729288146
117 0.247570627892
118 0.463077693104
119 0.523121186234
120 0.515697432965
121 0.48441429244
122 0.599877422256
123 0.64842330141
124 0.625025048027
125 0.0673154078346
126 0.4005344985
127 0.599863649803
128 0.363800850681
129 0.204606764362
130 0.327880139365
131 0.471727889843
132 0.621265696258
133 0.647850905413
134 0.660419763552
135 0.839010011541
136 0.762138424172
137 0.961094447359
138 0.857577618131
139 0.580434004102
140 0.492539964287
141 0.717451346165
142 0.615798863346
143 0.614697893923
144 0.47123818044
145 0.202965044174
146 0.766306226144
147 0.34291771277
148 0.760524968051
149 0.680764745902
150 0.570037692664
151 0.450944626113
152 0.443699244712
153 0.508750188116
154 0.372772682396
155 0.506556777851
156 0.693382930704
157 0.569196622716
158 0.838190200801
159 0.819257242942
160 0.540517088705
161 0.471578977806
162 0.400311138712
163 0.464882692583
164 0.478478091493
165 0.251732037661
166 0.598974498193
167 0.414114086971
168 0.406966974208
169 -0.0484479453209
170 0.453258993042
171 0.65280323604
172 0.558872425728
173 0.320015726192
174 0.614580575762
175 0.806148539234
176 0.698160971847
177 0.636853609024
178 0.56145336596
179 0.466998173326
180 0.664782856446
181 0.664282529285
182 0.345283198066
183 0.283956166484
184 0.371543285493
185 0.169778531692
186 0.322423338891
187 -0.21006400389
188 0.185867295696
189 -0.13965749454
190 0.277533230864
191 0.291510846541
192 0.273946801481
193 0.326845497842
194 0.360255791294
195 0.598101555422
196 0.464839234129
197 0.376921829131
198 0.337605498855
199 0.045959610492
200 0.235758808676
201 0.508841093471
202 0.259340947563
203 0.136730980646
204 0.281709850075
205 0.165421312775
206 0.107695936134
207 0.135993138008
208 0.159398748167
209 0.0036386630285
210 0.536090464736
211 -0.0454447518654
212 0.128034763011
213 0.205747777614
214 0.272653019217
215 0.715799928407
216 0.636947225794
217 0.625360703708
218 0.267467305868
219 0.292418634631
220 0.548003638065
221 0.638218918655
222 0.436420317825
223 0.131152391821
224 0.483982006657
225 0.37667267019
226 0.610587545925
227 0.453752282602
228 0.495597964896
229 0.454212612712
230 0.471037594309
231 0.780314051715
232 0.751864414875
233 0.700135314672
234 0.711707370374
235 0.634880300403
236 0.60580559964
237 0.788061188365
238 0.50044348769
239 0.625152063252
240 0.485364469713
241 0.194073963171
242 0.515601333149
243 0.630092397021
244 0.64479584583
245 0.749448009496
246 0.842573462899
247 0.898172391755
248 0.577227771329
249 0.698488028397
250 1.09105140214
251 0.951453777409
252 0.451521350571
253 0.573370045319
254 0.638900964007
255 0.575556889227
256 0.791884692607
257 0.838285214638
258 0.992973168971
259 1.2469783343
260 1.29655158223
261 1.32431315867
262 1.08620874469
263 0.952209278978
264 1.03126194759
265 0.881305340521
266 1.06077524835
267 0.859665486237
268 0.906221862043
269 0.809786423837
270 0.703979612477
271 1.00510072361
272 0.775818907967
273 1.01068849515
274 1.06188814352
275 0.945525044959
276 0.699332556548
277 0.686787826507
278 0.644549393491
279 0.602627821358
280 0.455617183587
281 0.566964426753
282 0.351907727256
283 0.649314383634
284 0.801372096814
285 0.715125119228
286 0.675641191697
287 0.969203950282
288 0.958467430462
289 0.605923627395
290 0.830653799952
291 0.543770775789
292 0.923949069884
293 1.00740045781
294 1.32408049526
295 1.21893009225
296 1.3262015351
297 1.04842482089
298 1.09956437419
299 1.0961947376
300 1.22961405726
301 1.12860667352
302 1.2712996098
303 1.12505456358
304 1.04262941049
305 1.25222079093
306 1.14883646813
307 1.3475985304
308 1.22496137188
309 1.372083866
310 1.7798457989
311 1.74907144239
312 1.47447199933
313 1.26756946463
314 1.33717721731
315 1.04023776876
316 1.55222738231
317 1.14547634547
318 1.14971023056
319 1.12491398178
320 0.822708945989
321 1.00583312455
322 0.842721114313
323 0.721579881493
324 0.739848488247
325 0.776869371567
326 0.569171365402
327 0.770410085789
328 0.789364336869
329 0.822784568714
330 1.10307800299
331 1.08450025829
332 0.764388931994
333 0.4994321761
334 0.528424398639
335 0.879267723093
336 0.912020800402
337 1.0357568938
338 0.978648581378
339 1.25027929068
340 0.962481250732
341 1.04324511887
342 1.05388832683
343 1.35390591766
344 1.36415215287
345 1.36629613378
346 1.58671728228
347 1.47141361246
348 1.36633426162
349 1.72348384118
350 1.49542798269
351 1.37662652774
352 1.55825604668
353 1.85287282128
354 2.2606973345
355 2.35105974317
356 2.30473870784
357 2.73660073712
358 1.9261090746
359 2.0947262303
360 2.37115580132
361 2.1596462179
362 2.17073038643
363 2.38484105361
364 2.323297302
365 1.99470458072
366 2.06102881702
367 1.73682347327
368 1.87513871779
369 2.02615588731
370 1.5562473257
371 1.91316514807
372 1.62770938266
373 1.59980523855
374 1.75677555264
375 1.47271646385
376 1.84768416423
377 2.15091438455
378 1.87480752354
379 1.47485284667
380 1.14988334482
381 1.06450586657
382 1.05604496123
383 1.15525098044
384 1.07289178275
385 0.84510319873
386 1.16125895636
387 0.704699599004
388 1.08110005364
389 0.819976931634
390 1.36216619889
391 1.55522268131
392 1.10502887181
393 1.53858007727
394 1.06917060547
395 1.66414647404
396 1.84711702121
397 1.24744887262
398 1.44312291863
399 1.92905644624
400 1.87719552066
401 1.70120427307
402 1.64770305338
403 1.59910687269
404 1.256072928
405 1.60662639061
406 1.14956499703
407 1.51137794745
408 1.5887659347
409 2.46372958788
410 2.58628814048
411 2.54794338093
412 2.78371409118
413 2.8841557623
414 2.76641918397
415 2.85282546682
416 2.94922369503
417 2.59482859185
418 2.92031877696
419 2.59813340684
420 2.76222786365
421 3.15858008819
422 3.03236683773
423 2.91279195963
424 3.03021257118
425 3.44045081139
426 3.2794354877
427 3.39279065643
428 3.37081805583
429 3.29726255752
430 3.22266620605
431 3.45223946513
432 3.39987304755
433 3.42199992466
434 3.53185159977
435 3.39514354142
436 3.38680397834
437 3.04339801376
438 3.48814982407
439 3.41331063742
440 3.45330794686
441 3.29487848647
442 3.02720868526
443 3.04326421597
444 2.8615532898
445 2.81235414657
446 3.17347842698
447 2.61097187523
448 2.88879723682
449 3.03541840562
450 3.57216069992
451 3.54706258291
452 3.68183340166
453 4.18515868602
454 3.37521690149
455 3.37439206587
456 3.68325489182
457 3.74328412034
458 3.64226902669
459 3.55997725148
460 3.204198068
461 3.524047211
462 3.17332076703
463 3.11758367805
464 2.84900749462
465 3.62863153973
466 4.07834612596
467 3.48177702767
468 3.61351172427
469 3.67482414346
470 3.94975109925
471 4.05857240909
472 3.90844435114
473 3.93775577776
474 4.69012790761
475 4.59199654143
476 4.8846099314
477 5.15711140292
478 4.41606712013
479 5.16608518759
480 5.06224983163
481 5.23394877735
482 5.90446142326
483 5.90175142974
484 6.10723284986
485 6.02053058571
486 6.55329307863
487 6.20250800196
488 6.70608477943
489 6.62129687777
490 6.32237355328
491 6.04236627045
492 5.74559485746
493 5.85296840294
494 6.29371695354
495 5.71685677279
496 5.54920434898
497 5.52879602714
498 5.77242509252
499 5.48008114673
500 5.77566990864
501 6.43470477559
502 6.21385565566
503 6.39037919911
504 6.02842982274
505 5.80831012023
506 5.71317201569
507 5.64129444348
508 5.31282274714
509 5.95764438685
510 5.76853457916
511 6.08066837854
512 5.04412778602
513 5.27262643485
514 4.67713091188
515 4.26304957319
516 4.31223509298
517 3.7674987941
518 3.62064070989
519 4.42934045221
520 3.84221873481
521 3.59188851015
522 3.18436487995
523 3.17018804624
524 3.52113118203
525 3.68131327874
526 3.17872142545
527 3.21855273502
528 3.32509535827
529 2.79662910206
530 2.93808542559
531 3.14453799182
532 2.70025656306
533 2.86698525184
534 2.61386642757
535 2.78117353481
536 2.75245171734
537 2.54969554187
538 2.28268883596
539 2.44301905081
540 2.39067313568
541 2.46327894191
542 3.05199954621
543 3.03381066844
544 2.86655574394
545 2.71208376901
546 2.86070013805
547 3.11506182746
548 3.39435223074
549 3.36296440733
550 3.49519127694
551 3.31533332275
552 3.39294195275
553 3.92185670817
554 4.12034978913
555 3.68490494419
556 4.33531235335
557 4.2867154339
558 4.47890086218
559 4.48377660947
560 4.4337613532
561 4.90989103134
562 5.02348306024
563 4.71771536333
564 4.94485202173
565 5.50674313656
566 5.41331085529
567 5.23647302996
568 4.80720506859
569 4.95800100232
570 5.40551399552
571 5.20881884808
572 5.59814617827
573 5.46912379339
574 6.0405164948
575 5.94848247017
576 5.81624312885
577 6.07652988361
578 6.04765254054
579 6.1288054451
580 6.16537530129
581 6.15952852563
582 6.90003393287
583 7.09403216164
584 7.29450319718
585 7.38363230146
586 6.96933028593
587 6.53708839471
588 5.86445583681
589 5.91977674181
590 6.3477779036
591 6.47315140394
592 6.44493702617
593 6.01297977177
594 6.06481373215
595 6.02541448184
596 6.28078325148
597 6.02690601698
598 6.30197029075
599 6.53723871477
600 6.67922751323
601 6.23456671773
602 5.87905431994
603 5.4999682491
604 5.54832313124
605 5.54849426354
606 5.52876908758
607 5.4016441636
608 5.7064395528
609 5.68620186666
610 5.37027924517
611 5.32880256631
612 6.05473232132
613 6.77279597723
614 6.77639667369
615 6.29470446113
616 5.99543101543
617 5.70040002161
618 5.57137526585
619 5.94147994024
620 5.77449841226
621 6.17028715265
622 6.44883532466
623 6.72157975908
624 6.42696541097
625 6.20352272828
626 5.31748082209
627 4.82546313956
628 5.29132386985
629 5.05550832496
630 4.93327069351
631 4.97961419881
632 4.40146647116
633 4.9153109931
634 5.33079587832
635 4.44903979215
636 4.25431668154
637 3.65271412371
638 3.15467402989
639 2.97680395296
640 2.86591598989
641 3.32186103495
642 2.83807925057
643 2.80103498583
644 3.67409242327
645 4.23946766323
646 4.15171519291
647 4.57924677715
648 4.75321724469
649 3.8505736605
650 4.32656932313
651 4.35966579931
652 4.76900489183
653 4.96157957179
654 5.1604389049
655 5.01429182634
656 5.15471256735
657 5.6887854391
658 5.21997183101
659 4.91962499615
660 5.14632047302
661 5.22073819292
662 5.18896384469
663 5.29969491698
664 4.89581242551
665 5.12754100786
666 5.17241982153
667 5.0265391788
668 5.38524568481
669 4.93906056105
670 4.60002936775
671 4.93173654874
672 4.29393994671
673 3.63394407007
674 4.21432856296
675 4.60485393862
676 4.49350031761
677 4.7509410548
678 4.61991386319
679 4.56607670942
680 4.78773176483
681 5.09702299609
682 5.03709155126
683 5.5162836964
684 5.57548774111
685 5.68314500505
686 5.38719837209
687 5.66655451154
688 5.21739966332
689 5.56654438228
690 5.52291269275
691 5.96175966877
692 6.25846759694
693 4.82395672843
694 4.54893249203
695 4.63437650992
696 4.0047946656
697 3.79668975277
698 4.05540797857
699 4.7121358848
700 4.83267233897
701 4.93223657771
702 5.40021404368
703 5.3718834678
704 5.18991449184
705 5.26389335405
706 5.3767749281
707 5.27657480736
708 5.48717621944
709 5.41556056663
710 4.97276185212
711 5.03022961458
712 5.21684078853
713 5.3905149314
714 5.62436397699
715 5.59199964674
716 5.16606709525
717 4.61592668585
718 4.76988711739
719 4.46593199764
720 4.38032830172
721 4.31954795822
722 4.29204984775
723 4.36301128103
724 4.4138464033
725 4.21850370059
726 4.37112425597
727 4.08656588041
728 4.2290474096
729 3.90228579563
730 4.35143089673
731 4.43227777068
732 4.6906002196
733 4.81898853212
734 5.13267549626
735 5.34964715652
736 5.44418086421
737 5.64663659847
738 5.35984581971
739 5.30612182687
740 5.30588842599
741 5.50656756158
742 5.6965899742
743 5.75082290628
744 5.98965427961
745 5.36409806104
746 6.21735720009
747 6.11683836828
748 6.47765900601
749 5.98115832526
750 6.32149676025
751 6.47926622767
752 6.34661318409
753 6.53002026006
754 6.78535307803
755 7.53448731809
756 6.94658161703
757 7.26274893635
758 6.75340852909
759 6.57641145673
760 6.6743045651
761 6.6620753446
762 6.87431986997
763 7.07502006033
764 6.68320662182
765 6.78714547605
766 6.57859099119
767 6.65972717207
768 6.54064823132
769 6.00463991025
770 6.05782495017
771 6.02711988073
772 6.05825412392
773 5.6442113204
774 5.71180224719
775 5.5704762422
776 5.51788668642
777 5.59652074726
778 5.28192730824
779 5.16683857031
780 5.48521642558
781 5.2470474766
782 5.41721098923
783 5.50481328132
784 4.38902717918
785 4.71823904971
786 5.18447230445
787 4.51954192848
788 5.35576763111
789 5.28022204549
790 5.74098572546
791 6.23217403087
792 5.77383862373
793 5.43936014067
794 4.82783474937
795 4.23422858558
796 4.45041311631
797 4.88669817837
798 4.39992099614
799 4.71285848883
800 4.2417723688
801 4.85206310897
802 5.64678788443
803 6.10971877588
804 5.98755072214
805 5.4178399999
806 5.75580023095
807 5.71997135119
808 5.270273319
809 5.30761783544
810 5.21270538526
811 5.0726443242
812 5.56612855985
813 4.92191080709
814 5.17184397755
815 5.50794091876
816 5.3168817439
817 5.22296055226
818 5.14386224267
819 5.15004098625
820 5.02420495031
821 5.25798300239
822 5.72945052103
823 12.4505639931
824 12.1194742731
825 12.8865955321
826 12.076691075
827 5.49239134009
828 5.13480586765
829 5.85268421195
830 5.54979220427
831 5.83994678987
832 5.4989264115
833 5.74976609198
834 6.45776446678
835 6.23685827455
836 6.16029446966
837 5.40504347409
838 5.56290611729
839 5.64741690134
840 6.11513597322
841 6.55770116129
842 6.72609930109
843 6.7092320488
844 6.29983944057
845 6.10999087684
846 6.35451844179
847 6.50219627933
848 6.61274279972
849 6.26699730332
850 6.40538520158
851 6.32720560819
852 6.65397485867
853 13.0190607781
854 12.7645490443
855 12.4127052483
856 12.5415031648
857 13.0922973036
858 13.3245171344
859 12.8587645999
860 12.0947757889
861 12.1534631376
862 12.5633773096
863 12.8558211262
864 12.9421437969
865 13.4833282654
866 13.5276203909
867 13.1760924343
868 12.5088367151
869 12.9719580013
870 13.7899603878
871 13.4478977287
872 13.0735876127
873 12.5183902562
874 12.5518710485
875 12.693291657
876 12.7427851197
877 13.238987414
878 13.1611889668
879 13.2768474513
880 13.5390294942
881 13.7124561597
882 14.1775166721
883 14.0108931882
884 14.3939442243
885 14.188514829
886 13.6240962116
887 13.6122294576
888 13.500990707
889 13.8298581789
890 14.4600118884
891 14.5564000062
892 14.468664108
893 14.8012147341
894 14.3365112876
895 14.2819080143
896 14.1022204199
897 13.5885773931
898 13.1914805917
899 13.1413829348
900 13.6090868676
901 12.7342388796
902 12.6587173074
903 12.49005835
904 12.9972439044
905 13.0911860413
906 13.7444900839
907 14.0360121359
908 13.9998936481
909 13.7623939996
910 14.2969704042
911 14.3853547532
912 14.3841570358
913 14.4823918009
914 14.2315768313
915 13.9112528972
916 14.7429776381
917 14.4329507299
918 14.1913740166
919 13.7065208845
920 14.1729097411
921 14.2409986088
922 14.5078801852
923 14.716586503
924 14.6590567935
925 14.4732956811
926 14.3848111412
927 14.438009519
928 14.6940244694
929 14.5659498777
930 14.5320864242
931 14.770159078
932 14.4964545676
933 14.0399681502
934 13.6819480678
935 13.8763534092
936 13.6357165847
937 13.9984248332
938 13.8291291943
939 13.7989483777
940 13.7974959961
941 13.2880474996
942 13.3399404151
943 13.3271825907
944 13.1093085983
945 12.5508788951
946 12.8899542492
947 12.9655970507
948 13.2048947293
949 13.1782509334
950 12.9236719137
951 12.3116916447
952 12.6447400089
953 12.6150380057
954 12.5662487367
955 12.9847073605
956 12.7157492281
957 12.589945052
958 12.3745026528
959 12.5481426871
960 12.6822115554
961 13.4717184301
962 13.457049799
963 13.2335186967
964 13.594765067
965 13.3872491887
966 13.4283536334
967 13.9831736223
968 14.264210058
969 14.3145066111
970 14.5526282689
971 14.59320881
972 15.5438460365
973 15.497925867
974 15.8406139078
975 15.5346525483
976 15.1613524794
977 14.8263460642
978 14.67048574
979 14.6094765422
980 14.6805474118
981 14.6057232474
982 14.7946227331
983 14.5312678306
984 13.6119245096
985 14.0317095959
986 13.6534039379
987 14.4064569001
988 14.9468735679
989 15.5630386163
990 15.224743822
991 15.0628771793
992 15.2371157381
993 14.6716650376
994 14.7122943079
995 14.5454227579
996 14.595359994
997 14.8172936757
998 15.171094776
999 15.6989562494
