0 0.0
1 0.286976075525
2 0.0841178457526
3 -0.13782615827
4 -0.032578636442
5 0.024560103706
6 0.226825831713
7 0.0674718414823
8 -0.101853344972
9 0.0241382371748
10 -0.154780247495
11 -0.149251096248
12 -0.161936801992
13 -0.0947478506359
14 0.0956496346005
15 0.0200548957443
16 0.0376974845758
17 0.171642160777
18 0.24550620667
19 0.0953363441809
20 0.0127991686673
21 0.173852667857
22 -0.0588362100968
23 0.290731107501
24 0.257821933269
25 0.249578403295
26 0.238912732373
27 -0.0231294837337
28 0.00765403450566
29 -0.0479861729828
30 -0.143275898069
31 -0.290316818404
32 -0.0391673194198
33 0.0296985875168
34 -0.123017729053
35 -0.0256180668629
36 -0.139075956467
37 -0.249187953598
38 -0.0752707164618
39 -0.239877043185
40 -0.0914865658085
41 0.0815050166918
42 0.0103400648135
43 -0.10968245184
44 -0.269234614607
45 -0.095095719539
46 0.22598065253
47 -0.0972204597485
48 -0.0130060727377
49 0.071289868923
50 0.230570564666
51 0.227039942121
52 0.153402904093
53 -0.0642939022257
54 -0.234518717491
55 -0.0604282226966
56 0.308000043282
57 0.226850025479
58 0.181394824723
59 0.289240530389
60 -0.0167684960421
61 0.134083131733
62 0.150611429262
63 0.162286334999
64 0.401436508771
65 0.219233037139
66 0.387384949385
67 0.456967774447
68 0.344581532071
69 0.365160261923
70 0.336362845
71 0.432579965142
72 0.326130013165
73 0.216720936988
74 0.303065688945
75 0.176525651673
76 0.290707065661
77 0.271108836171
78 0.0474276041045
79 0.371908560469
80 0.32969134631
81 0.293806038778
82 0.315546322049
83 0.291976526646
84 0.0881531835473
85 0.0385016462079
86 0.224294738145
87 0.322816785873
88 0.185540479854
89 0.339229466752
90 0.165140700013
91 0.315110895122
92 0.134535046
93 0.12867234411
94 0.0751978854289
95 0.369803322766
96 0.109472113582
97 0.137233391135
98 -0.0507454017879
99 0.139696603416
100 0.11075274991
101 -0.0532453667182
102 0.0451820889211
103 0.210928063825
104 0.191792965775
105 0.14442748251
106 0.164000537091
107 0.141888555634
108 -0.0228896516281
109 0.234739515044
110 0.23298555434
111 -0.0484205729662
112 0.325753035302
113 0.0952790764568
114 0.406396825928
115 0.209182536858
116 0.244597619221
117 0.106101542265
118 0.226569300944
119 0.106094797076
120 -0.0160210236109
121 0.15362142161
122 0.00225627894873
123 0.19171351808
124 0.130011071816
125 0.272658574884
126 0.351935258326
127 0.0807372838296
128 -0.00329532555618
129 0.311358076191
130 0.357845257068
131 0.389251090799
132 0.513587335952
133 0.541390259205
134 0.648881914902
135 0.376815571348
136 0.146258492914
137 0.670015559641
138 0.256598285657
139 0.412325682531
140 0.174148392221
141 0.113925252865
142 0.584433439133
143 0.322746201756
144 0.308112599203
145 0.498296482446
146 0.615830196623
147 0.789114791777
148 0.763469180494
149 0.515061734941
150 0.777021626574
151 0.847737300616
152 0.607251765468
153 0.626186977752
154 0.824873169847
155 0.593201454832
156 0.639421377752
157 0.762694779947
158 0.690505556607
159 0.792154883493
160 0.815907946119
161 0.881521086623
162 0.881725755402
163 1.13736652063
164 0.885130861989
165 1.00066586694
166 0.905548040176
167 1.12725009478
168 0.998554674853
169 1.31577814167
170 1.58126480942
171 1.01794062573
172 1.06745703789
173 1.20330155995
174 0.826240646085
175 1.1220369049
176 0.996944390727
177 1.21025325734
178 0.940825020878
179 0.904254743271
180 1.29848811219
181 1.09635884384
182 1.64291858137
183 1.4398818448
184 1.28953127136
185 1.31888808713
186 1.31860665057
187 1.47377545177
188 1.16715661138
189 1.52496171736
190 1.24152906107
191 1.22091771201
192 1.61672690568
193 1.16554433895
194 1.58969339874
195 1.36524416075
196 1.37443027121
197 1.31254180444
198 1.63895926503
199 1.64290691941
200 1.48900773702
201 1.43365213299
202 1.56716591046
203 1.52064516926
204 1.33761072346
205 1.52465012781
206 1.54433071417
207 1.43448400184
208 1.30674975779
209 1.2372845587
210 1.51810924127
211 1.64345655209
212 1.61454294625
213 1.76862689138
214 1.40056229682
215 1.59385977499
216 1.47419514649
217 1.47218049787
218 1.51428326869
219 1.30741705145
220 1.56708301524
221 1.69628979875
222 1.58590802029
223 1.71739608968
224 2.14959620336
225 1.65789416117
226 1.49469092533
227 1.79433857125
228 1.52231752714
229 1.49516666702
230 1.70792826812
231 1.72556003651
232 1.85459354355
233 1.69326154196
234 1.99938694169
235 2.12851383412
236 1.92575380445
237 1.89449546428
238 2.02974137358
239 1.91343011246
240 2.41736977763
241 1.9120347122
242 2.18104524986
243 2.26976669693
244 1.94375113556
245 2.30417616196
246 2.13680894526
247 2.0770509015
248 1.72707578505
249 1.64650271632
250 1.93742095075
251 2.51239401191
252 2.22687300056
253 2.02178051865
254 1.86493667976
255 1.97929057248
256 2.29474925578
257 2.31208309763
258 2.29894609868
259 2.7641989676
260 2.29817008794
261 2.24774609434
262 2.39908873711
263 2.52094966926
264 2.67171225397
265 2.91835376741
266 3.373854528
267 3.16633022571
268 3.26187347193
269 3.27837175341
270 3.02888377878
271 2.73057460487
272 3.12115380478
273 3.49839121262
274 3.34502052015
275 3.93467029026
276 3.50095055341
277 3.47562548334
278 2.95845347473
279 2.92587168703
280 3.18510451448
281 3.05795428842
282 3.29494339424
283 3.26100985441
284 3.31162649359
285 2.63424064763
286 3.11100958873
287 2.57939797784
288 2.98027618168
289 2.89206216347
290 2.75924305089
291 2.87090250286
292 2.73285342524
293 2.9639433721
294 2.67863567359
295 2.84274713208
296 3.1213391744
297 3.20890968667
298 3.23099081435
299 2.76122053875
300 2.6947397024
301 2.80675097058
302 2.82507644543
303 3.45157906284
304 3.25079176268
305 3.12482579834
306 3.62360012477
307 3.58331825229
308 3.42728891995
309 3.27637391945
310 3.33757687826
311 2.87505744694
312 3.07854665987
313 3.00329140173
314 3.18848097674
315 3.39808475634
316 3.15651108157
317 3.45948634144
318 3.09064019348
319 3.10639202465
320 2.96683990199
321 3.0141605358
322 2.61335331801
323 2.75985331789
324 2.74218307531
325 2.78422791297
326 3.16510049506
327 2.75591762042
328 2.74324887629
329 2.60961299101
330 2.86664484029
331 2.37484825484
332 2.59446350472
333 2.72700230589
334 3.27994178232
335 3.47618318898
336 3.30434057511
337 3.38459850238
338 2.93151504276
339 3.99369203644
340 4.28160018352
341 4.1781219982
342 4.53439968994
343 4.30381956661
344 4.12062572306
345 3.86500158464
346 3.9782654348
347 3.81565038374
348 3.79824441672
349 3.8532446229
350 4.08326692209
351 4.29447922532
352 4.34269734197
353 4.33700030828
354 4.28935530356
355 4.18074307296
356 4.19795660195
357 4.19971198311
358 3.95267641063
359 3.75183719789
360 3.8747398518
361 4.11029545227
362 4.26434539559
363 3.94072302639
364 4.42650398042
365 4.3168427586
366 4.01138807823
367 3.87417386389
368 4.16544910269
369 4.13844485751
370 4.20044054969
371 4.07382039706
372 4.1342468267
373 3.93926081539
374 4.01208044669
375 4.09547011045
376 4.61027832514
377 4.99240899216
378 4.04396872702
379 4.4171675064
380 4.02938031515
381 4.33101667072
382 4.0616490011
383 3.98576173801
384 4.32196630256
385 3.92666738263
386 3.75803925904
387 3.70267026155
388 4.23324511192
389 4.286200387
390 4.08593820372
391 4.46956890385
392 4.0373942418
393 4.10431958117
394 4.62042857848
395 4.50255959425
396 4.81203565202
397 5.39247780277
398 5.56510459369
399 5.4549568261
400 5.04491548327
401 4.62349026995
402 5.02453385655
403 4.83805330842
404 5.25864647209
405 5.75554705307
406 5.88202321274
407 5.41273734176
408 5.73409520154
409 5.74871203652
410 5.57886934655
411 5.98823521887
412 5.05718263019
413 5.77730036226
414 5.6723573542
415 5.43738029484
416 5.51749452927
417 5.2974763688
418 5.3013544951
419 5.30097445944
420 5.39093522102
421 5.64192391871
422 5.1184893922
423 5.10076748842
424 5.17694077539
425 5.47224930873
426 5.44858918626
427 5.43654467067
428 5.5628288305
429 5.40038856154
430 5.29749861716
431 5.31591475659
432 5.55302275491
433 5.8126196796
434 5.91289227338
435 5.94745756515
436 5.59395567252
437 5.4727553886
438 5.71734924884
439 6.16694729477
440 5.67109809288
441 5.65754091437
442 5.62724856499
443 6.28600402771
444 6.21099194486
445 6.67081998851
446 6.40645077326
447 6.12458199453
448 6.44061928999
449 6.30134560306
450 6.82925552109
451 7.01500191487
452 7.04584587066
453 6.62565947737
454 6.13917341575
455 5.91957750651
456 6.47881126526
457 6.46674048065
458 6.78959782917
459 6.48285782806
460 6.33155915979
461 6.24223698446
462 6.3863330158
463 6.75810899773
464 6.83887214458
465 6.57081883416
466 6.18812445503
467 6.19195920349
468 6.05640912336
469 6.19347727341
470 6.20760631923
471 6.00668802535
472 5.9077365105
473 6.17827480087
474 5.53599060297
475 5.90133549214
476 5.22521645564
477 5.43153812293
478 5.21415703361
479 5.04307462946
480 5.00815022991
481 5.0557987496
482 4.830185673
483 5.21375675847
484 4.59259332888
485 5.23612148909
486 5.08558133784
487 4.54627128436
488 4.83293662022
489 5.02932242851
490 4.64397653622
491 4.88773737198
492 4.83713071463
493 4.31934117357
494 4.0913244133
495 4.07439370742
496 3.90739711644
497 3.64838469453
498 3.09414149283
499 2.42343294883
500 2.09762330549
501 2.28606307864
502 2.0280599701
503 2.04529839337
504 1.65216730713
505 1.16284051347
506 1.31265608302
507 1.51846132949
508 1.10615560241
509 1.2311579224
510 1.11931088673
511 1.08815864393
512 1.64363938545
513 2.04362922327
514 2.12528301882
515 1.67481071505
516 2.03949300244
517 1.61071274113
518 2.13687978588
519 2.03573842153
520 1.75698260545
521 1.07875283938
522 1.1452492201
523 1.06536680601
524 0.892484432872
525 0.743928260611
526 1.01732175113
527 0.789185395654
528 0.94594250908
529 0.619343460532
530 0.895972283328
531 0.434914913802
532 0.233494621674
533 0.470920715907
534 0.250848438214
535 0.62153670276
536 1.00515689194
537 0.994641794087
538 1.06305492115
539 1.22005666099
540 1.14640492586
541 1.34705003922
542 1.56721409938
543 1.37730004347
544 1.34680006191
545 1.80095626065
546 1.44860316524
547 1.16536209606
548 1.64970784771
549 1.02557391493
550 1.36159331538
551 0.81949889715
552 0.885808904572
553 0.746996466947
554 0.934649117563
555 0.834503903018
556 0.484121047406
557 0.0289798019432
558 0.17491077719
559 0.416489800558
560 0.653562052741
561 0.585927829622
562 0.21359532577
563 0.44139915977
564 0.421081274294
565 0.249106158646
566 -0.306299884166
567 -0.0756727598747
568 -0.341414443067
569 -0.595802351667
570 -0.919748956356
571 -0.737300137769
572 0.0823134534059
573 0.526923122014
574 0.0831690264238
575 0.249654043535
576 0.696245273099
577 0.480613050729
578 -0.101327994134
579 -0.12965845335
580 0.0718067495032
581 0.16467366193
582 0.210788501806
583 0.0718647997885
584 -0.624637715867
585 -0.535221604957
586 -0.521072088959
587 -0.447976671491
588 -0.540315349343
589 0.200650468327
590 0.409905329956
591 0.410790140836
592 0.954945553027
593 0.899317135433
594 0.654269701931
595 0.998044342254
596 0.942156767309
597 0.00685563176743
598 0.159796740194
599 -0.358080263897
600 0.105232406493
601 0.338942854576
602 0.324534225989
603 0.104369377388
604 0.155705773865
605 0.287298066261
606 -0.167013789101
607 0.549890284947
608 1.11217196638
609 0.841034285393
610 0.830057661479
611 0.552339662612
612 0.48589827957
613 0.528613825566
614 0.63391450506
615 0.0882987662309
616 -0.0717471185109
617 -0.315009202282
618 -0.376830698694
619 -0.534995944562
620 -0.238968742137
621 -0.0265278982619
622 -0.127103495783
623 -0.0500848280331
624 0.322894456219
625 0.0124068795516
626 0.0403367258493
627 0.0015561971468
628 0.114950390328
629 0.132738711416
630 0.085197351359
631 -0.2021240299
632 -0.0169961862624
633 0.0175434151914
634 0.517682434506
635 0.363869053797
636 0.278906872586
637 0.10833016662
638 0.0263843533437
639 -0.316675772509
640 0.0113669018184
641 0.252791322762
642 0.201597637421
643 0.253434882747
644 0.433882672377
645 0.785764848111
646 0.780808824416
647 0.996465160182
648 1.04494988205
649 1.14461722492
650 1.37091588212
651 2.02341484625
652 2.2636007866
653 2.50096879643
654 2.30572605802
655 2.85091828935
656 2.70442685003
657 2.06705736461
658 2.08856721891
659 1.61323910003
660 1.94902658161
661 2.13602790261
662 2.35821693522
663 2.2227104789
664 2.68066996467
665 2.51639859858
666 2.6254177277
667 2.95978504623
668 2.78619009357
669 2.57980333185
670 3.05971480174
671 3.07459690086
672 3.37039704564
673 2.98893282066
674 2.35656889855
675 1.99375887244
676 1.1623853944
677 1.41014514398
678 1.82001280415
679 1.85546911474
680 2.02073945635
681 2.2699675263
682 1.88933582149
683 2.18492164495
684 2.71944895638
685 2.50788295187
686 2.52288422009
687 2.36907896743
688 2.4397667555
689 2.09397558276
690 1.88119641331
691 2.10864544256
692 2.51690616004
693 2.5727099663
694 2.43047548823
695 2.15505635079
696 2.87796699324
697 3.44825579849
698 3.81436526852
699 4.38236472506
700 4.4723311101
701 4.01140451766
702 4.80248926212
703 4.52870876169
704 4.85927305143
705 4.71054833168
706 4.93852354801
707 4.68778400769
708 4.84062956508
709 5.45711642975
710 5.74484196831
711 5.378528392
712 6.00111543281
713 5.92238958194
714 6.00249759844
715 6.19272069041
716 5.94125512156
717 5.42785545952
718 6.04853311369
719 5.73672944736
720 4.98452885106
721 5.18672442613
722 5.31148252011
723 5.54921558442
724 4.82548111591
725 4.4148356606
726 4.60333355918
727 4.53560162987
728 4.77109472
729 4.98651642124
730 4.69958987939
731 4.8277694896
732 4.7589343243
733 5.30361000938
734 5.74610053335
735 5.62867826491
736 5.52819236238
737 5.54964232251
738 5.23552201286
739 4.84457140495
740 5.31808018589
741 5.08182885325
742 5.12205109379
743 4.82253338361
744 4.89868517032
745 5.48893865379
746 5.46768779083
747 5.87138621901
748 5.73784476963
749 5.75629859946
750 5.80680612608
751 5.50781578244
752 5.01184837269
753 5.7164895871
754 6.18080741442
755 5.98715236824
756 6.48419007161
757 7.3120688248
758 7.95482322712
759 8.06417322827
760 8.00712622161
761 8.19939387603
762 8.17646692205
763 8.08030772661
764 8.38538300451
765 8.45775752715
766 8.28357429664
767 8.37401009239
768 8.08937864952
769 8.14280758051
770 7.46489318633
771 6.87151630527
772 7.17666598106
773 7.41354277561
774 7.03825274813
775 6.98153182849
776 7.43512074437
777 6.73596737403
778 6.2182412956
779 6.01439992129
780 6.20208277185
781 6.79994008691
782 6.7760599792
783 6.5705672657
784 6.55281946714
785 6.92237787951
786 6.55432795818
787 6.43035911371
788 6.25339315859
789 5.27613365112
790 5.27654233736
791 5.62769093235
792 5.05327033981
793 5.37222091229
794 4.76020983641
795 4.98162859871
796 5.11084500859
797 4.86067408855
798 5.01678795618
799 4.17058031443
800 4.39619618422
801 4.04314361447
802 3.79753497379
803 3.42826071403
804 3.39579927038
805 2.54327746531
806 2.52535548304
807 2.34927274746
808 2.41111572815
809 2.26158213587
810 2.59174940599
811 3.35647722376
812 3.37611158773
813 3.12680694759
814 2.69565017312
815 2.92536522359
816 3.14365506455
817 3.62680156871
818 3.76576740288
819 4.60355087434
820 4.07433844023
821 3.80515215064
822 3.85810361495
823 3.75899025044
824 4.12519221658
825 4.05905365886
826 4.35184364495
827 4.37215343392
828 5.00339640519
829 4.86593454677
830 5.06709250735
831 4.83103311639
832 5.02359490472
833 6.03495536177
834 5.5479478387
835 5.0438851651
836 4.99699998787
837 4.94274409091
838 4.78976511403
839 5.57033258954
840 5.80312605693
841 5.7223705269
842 6.1039775492
843 6.05659610332
844 6.1592164219
845 6.58891346037
846 6.53917012536
847 6.61429629837
848 6.80757270687
849 6.73545671537
850 6.297462614
851 6.56694027782
852 6.92021859751
853 6.85630916703
854 7.13587537634
855 7.26127939939
856 7.20427736833
857 7.49530443028
858 7.8199677323
859 8.78427889742
860 9.30015756252
861 9.86598429705
862 9.59191329476
863 9.22011683425
864 9.17981491926
865 9.48325388253
866 9.58601127497
867 9.97706830041
868 9.03560830759
869 8.94713423724
870 9.54686889981
871 9.03121667212
872 9.08633773931
873 8.96704008633
874 9.46186376094
875 9.71585159528
876 9.85399924119
877 9.88118081658
878 8.93275917803
879 9.20569466603
880 9.09042957195
881 9.28241038279
882 9.69048254516
883 9.45548426063
884 9.53168309893
885 9.7460208046
886 8.85855048669
887 8.43815545654
888 8.15838570712
889 7.84124320307
890 7.89834173806
891 7.95461570148
892 7.98696413932
893 8.14098138646
894 7.29225725961
895 7.06545867167
896 6.96801001513
897 7.69955726138
898 8.06252026517
899 8.00505618206
900 8.05685732574
901 7.07146780359
902 6.88599429078
903 7.77343887398
904 7.97793254323
905 8.04897195606
906 8.65395160107
907 9.15252611312
908 9.37627204172
909 8.66304793369
910 9.10048139993
911 8.93341248212
912 8.59836573544
913 8.57424321622
914 8.61744118479
915 8.11151535434
916 8.85391954271
917 9.09162814434
918 9.19432213652
919 9.22446399622
920 8.60828614502
921 8.63986323019
922 7.93408299102
923 8.07341842952
924 9.0353502183
925 9.06187197908
926 8.30759919341
927 8.57068011387
928 9.16135812022
929 8.81445977914
930 9.24098908526
931 9.53074506118
932 9.19440879809
933 9.25746306778
934 9.53111028308
935 9.38887699703
936 8.94490419019
937 9.78467111308
938 9.9319387084
939 10.1667932265
940 10.3150285261
941 9.56109401702
942 9.11007648408
943 8.89855257125
944 8.56449148375
945 8.13914740411
946 8.26849447845
947 8.38830117371
948 8.02999453493
949 7.98112321077
950 8.11963239995
951 7.78478972016
952 7.30434304549
953 7.31066595992
954 7.65274005568
955 7.790550265
956 7.83040919889
957 7.76405922366
958 7.65421463119
959 7.86281535927
960 7.52148558313
961 7.8410412889
962 7.1301658332
963 7.43137053988
964 6.87849740528
965 6.85162758971
966 7.0370022415
967 7.02305484348
968 7.05432064658
969 6.65940268683
970 7.37181014608
971 7.61012132895
972 7.40249099518
973 7.87400795815
974 8.33620321125
975 8.44231805378
976 8.01154198335
977 8.15305786901
978 7.84075672942
979 8.08193064818
980 7.75870273866
981 8.0787416375
982 8.30770584171
983 9.5211849375
984 10.0839035417
985 9.15174437192
986 9.11790182523
987 9.22248413859
988 9.75832759597
989 9.99394494245
990 10.096550703
991 9.56730519476
992 9.6477633109
993 9.23749551537
994 9.65646558109
995 9.99870251898
996 10.8165188219
997 10.6920330931
998 10.9647370585
999 11.1699289342
