0 0.0
1 0.10428871463
2 0.00315280522458
3 0.0698988223379
4 -0.0561608172839
5 -0.116506429142
6 -0.295681695474
7 -0.163412719508
8 -0.22125593911
9 -0.208163703997
10 0.00604235094488
11 -0.00519896304075
12 -0.26082984831
13 -0.0220515841208
14 -0.275760656979
15 -0.0199942876712
16 -0.165836168243
17 -0.238437066846
18 -0.0733756794068
19 0.0460291472867
20 -0.108805868701
21 -0.114552595505
22 -0.348361728369
23 -0.016049032466
24 -0.15375327414
25 -0.143579073456
26 -0.168433433588
27 -0.00490354131787
28 -0.354863572097
29 -0.0246735292076
30 -0.279520522036
31 0.0298030080372
32 -0.257040386789
33 -0.0617245661667
34 -0.343987403879
35 -0.128433396146
36 -0.277522295175
37 -0.281701084841
38 -0.36201159522
39 -0.147987902542
40 -0.0586967309939
41 0.0240399957295
42 0.0742381236728
43 -0.00407932895408
44 -0.418535899944
45 -0.48627121456
46 -0.494818707118
47 -0.356777161355
48 -0.276600253044
49 -0.172476559638
50 -0.446803694581
51 -0.267957409969
52 -0.066684592631
53 -0.210085417574
54 -0.335022294831
55 -0.23618398512
56 -0.173759851165
57 -0.148043873327
58 -0.0383401079621
59 -0.0595303458002
60 -0.110138117754
61 -0.140022653047
62 -0.147164215827
63 -0.0608719602028
64 0.0218814580133
65 -0.284468905954
66 -0.0820263027696
67 -0.0961818546046
68 -0.15605535874
69 -0.0317736383382
70 -0.0623364826898
71 0.0100423620654
72 -0.437219005823
73 -0.131151850232
74 -0.0867741332419
75 0.238975682222
76 0.0228390882
77 -0.0793387556613
78 0.0705165725538
79 -0.0757115744895
80 -0.0081976801413
81 -0.13912261444
82 -0.25812722933
83 -0.127571601527
84 -0.171245283236
85 -0.00344863890215
86 0.0623102666142
87 -0.128247271544
88 0.00216674067515
89 -0.136985898802
90 -0.141402273246
91 -0.299435749756
92 -0.366981984527
93 -0.209085031141
94 -0.120099050299
95 -0.081255687194
96 0.033252224162
97 -0.159331739548
98 -0.185970108626
99 0.0700362758586
100 -0.00329267349585
101 -0.164878462657
102 0.217913870049
103 0.189876906927
104 0.038311262102
105 -0.059650859256
106 0.0582579559137
107 0.250936120476
108 -0.195115723962
109 0.211082931
110 -0.16383771558
111 0.0647152187793
112 -0.140614944302
113 -0.127244294756
114 -0.191788229602
115 -0.269957566672
116 -0.434155006881
117 0.0302323486545
118 -0.177205737288
119 0.10676481383
120 0.0852759179957
121 0.18354550507
122 -0.136651877172
123 -0.0750001650463
124 0.0416627735364
125 0.234942870182
126 -0.037163764457
127 0.00346179802456
128 0.0741470446217
129 0.0627496904403
130 -0.139597886838
131 0.102460374765
132 0.117497035299
133 0.115117689559
134 0.360239869107
135 0.389089435993
136 0.0579106338091
137 0.128551701884
138 0.151300651276
139 0.0712608957832
140 0.00291251261486
141 0.202840267961
142 0.116133093803
143 -0.0393523827157
144 0.160309051651
145 0.0472234469063
146 -0.127768609558
147 -0.052002048612
148 0.00644984569418
149 0.00478112510638
150 -0.0990653590026
151 0.216022507698
152 0.0825286256405
153 -0.0601112756945
154 0.0735677797966
155 0.0373557593298
156 0.0587398973557
157 0.0312180832466
158 0.169774342482
159 0.0290484280263
160 -0.0477010784411
161 0.0846139036504
162 0.0689118816362
163 0.0660039761611
164 -0.044415285313
165 -0.0947055886936
166 0.0299230699346
167 -0.0839348304884
168 0.0341027441086
169 0.0492550950146
170 0.344850456044
171 -0.0119065060509
172 0.0889614364447
173 0.208101508961
174 0.0496473293994
175 0.197267774487
176 -0.041797411646
177 0.12788854473
178 0.156159677194
179 -0.243562942904
180 0.105510957009
181 -0.00748194421362
182 0.0880043824131
183 0.162648304422
184 -0.120309146562
185 -0.138752203326
186 -0.0854652602115
187 -0.197545189151
188 -0.138753492988
189 -0.0499210544036
190 -0.123062964725
191 -0.110417931308
192 0.169593555512
193 0.0138120466012
194 0.137742242709
195 0.0686301465004
196 -0.153458392387
197 -0.187555695717
198 0.245188938926
199 -0.0381481095833
200 -0.134734291535
201 0.0815619751069
202 0.112574066516
203 -0.227616625866
204 0.146253397743
205 0.000217464821937
206 0.0342090779121
207 0.111568262803
208 -0.039109534966
209 -0.00338903493254
210 -0.0431591276904
211 0.00809142214601
212 0.119522680441
213 -0.18424638668
214 0.123665503148
215 -0.120203800828
216 -0.157862090523
217 -0.293908537775
218 -0.152271440791
219 -0.0395002036125
220 0.0913229691469
221 0.0731705922219
222 -0.190596039226
223 0.0793796010935
224 -0.00121367809546
225 0.248941040234
226 0.345671974949
227 0.142567337888
228 -0.102918565422
229 -0.048033638043
230 0.141200526295
231 0.0193169020434
232 0.126825398771
233 -0.0555048402844
234 0.12617621379
235 -0.0838602033501
236 0.145936109058
237 0.177584359052
238 0.191964925404
239 0.0822210511749
240 0.0293094778362
241 -0.120476356145
242 0.0614975404049
243 -0.0265138934331
244 0.145298628541
245 -0.0729792976713
246 0.00929453726968
247 -0.0665048677353
248 -0.264735289296
249 -0.0781773595594
250 -0.121515530621
251 -0.00449252284708
252 -0.187939073984
253 -0.117763002905
254 0.0412425272692
255 -0.0414684936493
256 -0.00414731417095
257 0.0267457430471
258 -0.0366216963246
259 -0.167259845541
260 -0.274292337941
261 -0.208597493967
262 0.0048033446591
263 -0.00428272067304
264 -0.177426508013
265 0.12933240981
266 0.208277657305
267 0.152993646381
268 0.218685470309
269 0.301673137228
270 0.163451764755
271 0.321573393054
272 0.289388595555
273 0.0795411516088
274 0.151380260437
275 0.0295578270993
276 0.195041980982
277 0.307453575703
278 0.289796817158
279 0.35594645156
280 0.496850018366
281 0.410940627833
282 0.695217839146
283 0.724641512592
284 1.02145228648
285 0.971637913002
286 1.27022798091
287 1.18909525414
288 1.11570908694
289 1.10994506134
290 1.19148296169
291 1.23918035103
292 1.32426768088
293 1.24810677267
294 1.08944064898
295 1.2628078831
296 1.49964071379
297 1.57209153627
298 1.68710903464
299 1.58947324888
300 1.46914394486
301 1.55290174732
302 1.48603882259
303 1.53889275671
304 1.91725638837
305 1.94612227554
306 1.5775689177
307 1.59683104522
308 1.76943717619
309 2.29482461179
310 1.76495050937
311 2.02938305702
312 1.8655978123
313 1.9989897375
314 1.83393764679
315 1.76628639687
316 1.74419057617
317 1.53812677251
318 1.98223502936
319 1.63065516857
320 1.77409762368
321 1.69412705179
322 1.94055338881
323 1.94113157609
324 1.95504479923
325 1.61583130073
326 1.67881587615
327 1.71127849722
328 1.99421431089
329 1.76182931997
330 1.90821498761
331 2.11329690537
332 2.26803124933
333 2.13655841187
334 1.97327847247
335 1.94157565765
336 2.02904111126
337 2.18137108414
338 2.1327521117
339 1.96764376438
340 2.09014397825
341 2.10784863511
342 2.64076265574
343 2.48379802423
344 2.49669417205
345 2.93315101775
346 2.54718739016
347 2.6416197166
348 2.89624855669
349 2.49772116121
350 2.67221312535
351 2.71562827501
352 2.92762442504
353 2.62644022216
354 2.4611035935
355 2.40725067254
356 2.95754114818
357 2.71654722331
358 2.65311484224
359 2.99256097528
360 2.39058378706
361 2.58614537201
362 2.9468078238
363 2.42755557491
364 2.55307316537
365 2.62524278419
366 2.78032039623
367 2.16667819397
368 1.89747714014
369 2.15005064025
370 2.37089156252
371 2.17748947636
372 2.41735106245
373 2.17052081727
374 2.15051178876
375 2.40671298211
376 1.91933255817
377 1.83711016559
378 2.05300041796
379 1.82369816709
380 1.74319324539
381 1.87446830059
382 1.81084060886
383 1.68927364023
384 1.81298657661
385 2.01878423692
386 1.83879336348
387 2.04529276933
388 2.04559475878
389 1.90002630861
390 1.88001110798
391 2.18486167787
392 2.62029178299
393 2.5855723879
394 2.67243185413
395 2.67161733951
396 2.56382414265
397 2.76421147521
398 2.78898412139
399 2.72573964929
400 2.25181301207
401 2.28537584659
402 2.44081921561
403 2.41348327054
404 2.40619440938
405 2.21635773527
406 2.26597536773
407 2.35191507467
408 2.39127028446
409 2.44286004939
410 2.47505564103
411 2.3730554549
412 2.52578191172
413 2.37580131881
414 2.71392677296
415 3.1501276669
416 2.72928575793
417 3.25031235484
418 3.15750855037
419 3.35609446938
420 3.43664586486
421 2.93853001427
422 3.14008646016
423 2.81440216884
424 2.99459407373
425 3.37989171184
426 3.14328115416
427 3.09614180395
428 3.07846472848
429 2.98245528225
430 2.80246140681
431 3.07412645666
432 3.41366514859
433 3.19792980075
434 3.43091879477
435 3.15203316379
436 3.76848895058
437 4.05134206096
438 4.17399082835
439 3.64970642259
440 4.10504849237
441 4.21958915599
442 4.27686543843
443 4.03491487091
444 4.16438002811
445 4.16726541829
446 3.74775863484
447 4.34820487796
448 4.00420999903
449 4.01046749458
450 3.96912456422
451 3.56350223935
452 3.81723036783
453 3.55922357976
454 3.25138846623
455 2.94626774288
456 3.61713601405
457 3.14397045523
458 3.31806809784
459 2.82809048793
460 3.12516734698
461 3.18719916809
462 3.58991172169
463 3.89032593152
464 3.74358909949
465 3.48384498371
466 3.3911285692
467 3.28801634791
468 3.77478113304
469 4.07440712456
470 3.96311779939
471 4.20794255803
472 4.15890573709
473 4.11005562691
474 3.70928584977
475 4.0690463999
476 3.70729102246
477 4.26486203412
478 3.93177095664
479 4.1804597627
480 3.80472916112
481 3.62153855677
482 3.37086607819
483 2.81228486367
484 3.00823760586
485 2.84566540489
486 3.32738390375
487 3.54179719636
488 3.35946479089
489 4.23570846867
490 3.88570161496
491 4.40364003333
492 4.15205701565
493 3.81716440389
494 3.38940561666
495 2.88210799713
496 2.89958928123
497 2.80308242522
498 2.87575270101
499 2.54136664888
500 2.66849693125
501 2.84979647772
502 2.99852497899
503 2.4769913409
504 1.82192010673
505 2.04385234491
506 2.29030796404
507 2.02132049284
508 1.97240305592
509 1.4583577803
510 1.25878254726
511 1.55219048782
512 1.94262556915
513 1.60711153276
514 1.90693894645
515 1.99456549074
516 2.2564354934
517 2.25036036748
518 1.7613683525
519 1.79743332271
520 1.86635309111
521 2.06376061806
522 2.56207178105
523 2.30643474778
524 2.26170086049
525 2.42075440528
526 2.09545508111
527 2.10642347736
528 1.86709159974
529 1.84786539052
530 1.58929943659
531 1.92010130681
532 1.72819568415
533 1.41578090884
534 1.99526003022
535 2.52788768558
536 2.36193070257
537 2.41526276442
538 2.49290689394
539 2.2393244421
540 2.00630102955
541 2.55181554403
542 2.41025215527
543 2.46252084812
544 2.59295649043
545 2.86926390763
546 2.46106622419
547 2.64357820231
548 2.30549386431
549 2.14137516585
550 2.01582146609
551 2.35589972028
552 2.37234203653
553 2.13975179586
554 2.38540209463
555 2.35821664666
556 2.41322700752
557 2.27475151244
558 2.36879335488
559 2.27788016834
560 2.69235137347
561 3.10341943254
562 2.87106513349
563 2.7190195931
564 3.02943131018
565 2.9994704441
566 2.967882164
567 2.99938942299
568 3.2399693522
569 2.49249570227
570 2.58167774739
571 2.97247188375
572 2.72767559498
573 2.44123806216
574 2.69808758839
575 2.94538104033
576 2.94582682989
577 3.25823366476
578 2.62215522915
579 2.72139387014
580 2.97502105756
581 2.69249410996
582 2.78632151471
583 2.8764435591
584 2.98775597098
585 3.04631957637
586 3.13788306065
587 2.8400970386
588 2.75716013489
589 2.5365775986
590 2.51985689934
591 2.5643399466
592 2.64583552886
593 2.54738430662
594 2.17927952634
595 2.27306747224
596 2.35502656472
597 2.30334926362
598 2.6837914068
599 2.10133560411
600 1.97899762839
601 1.85090552967
602 2.24776597694
603 2.3982737654
604 2.03320778902
605 1.85902935367
606 2.26797103203
607 2.13115773838
608 1.94985617471
609 2.61458357226
610 2.90442631209
611 2.62261727018
612 2.46215165846
613 2.25321718901
614 2.72886798868
615 3.14315525212
616 3.24193525777
617 3.41797203798
618 3.66849790142
619 3.74670210317
620 3.62354217851
621 3.84112467121
622 3.74240034297
623 4.05911311118
624 4.05618075234
625 3.87915427255
626 3.87448652123
627 3.58981760458
628 3.36241098063
629 3.27703662188
630 3.86904080884
631 4.0132666679
632 3.92052825113
633 3.48249426521
634 3.4540925713
635 3.36637727541
636 3.55744426815
637 3.77783871932
638 3.72918027888
639 3.37679071627
640 3.23290443213
641 3.20086207019
642 3.6751505484
643 3.25407811771
644 3.13299102942
645 3.27556825175
646 3.35707959607
647 3.45623938347
648 3.05275320843
649 2.67526400939
650 3.07812458616
651 3.48815861403
652 3.70658813632
653 4.15542877101
654 3.98361708738
655 4.42300748095
656 4.33151492135
657 4.31587456505
658 4.42317795065
659 4.30599418782
660 4.20525983122
661 4.44959944758
662 4.09283865302
663 3.77141195772
664 3.98324491999
665 4.39513567273
666 4.18337553503
667 4.85710487711
668 5.18639014719
669 5.06345531088
670 5.3175768734
671 5.12267598298
672 4.73248498948
673 5.09515144074
674 5.06101336466
675 5.02788280159
676 5.06854675902
677 5.04475098371
678 5.13295572198
679 4.85007256304
680 4.97880312924
681 4.79872469261
682 4.8814805026
683 5.35639773387
684 5.43989422402
685 5.06897837961
686 4.82912067121
687 4.93418402089
688 5.01308979239
689 5.54262541578
690 5.23301662044
691 5.49835984728
692 5.47596273966
693 5.24031278807
694 5.12402627545
695 5.05170874927
696 5.30534864772
697 4.97385398754
698 5.06982121488
699 5.39843002928
700 5.59430160626
701 5.73647533263
702 5.47508794864
703 5.70945291873
704 5.90555419104
705 6.27742649642
706 6.0789737045
707 5.78566974674
708 5.6325628896
709 5.65845221218
710 6.01107486702
711 5.59898657175
712 5.33648457041
713 5.37833193766
714 5.58575189819
715 5.76638520115
716 5.38902185966
717 5.28262113424
718 5.08519201581
719 5.17977494193
720 4.87255922832
721 5.33901472122
722 6.17048988036
723 6.04690967362
724 5.72974013427
725 5.54811643987
726 5.74792945651
727 6.02988032547
728 5.84204240729
729 5.86474189857
730 5.84320515885
731 6.21018951285
732 6.31734047683
733 5.736884246
734 6.35794346101
735 6.22971724124
736 6.54678799722
737 6.45514108521
738 6.43896704666
739 6.10845557667
740 6.59915355697
741 6.4112460581
742 6.17547631124
743 6.44386512963
744 6.47588098864
745 6.3526492001
746 6.09864036313
747 6.35542541671
748 6.43425974811
749 6.31671751244
750 6.61362471562
751 6.57492450078
752 6.6276677038
753 6.63310358167
754 6.68661292083
755 6.36378589017
756 6.31927268276
757 6.41139067964
758 6.83947674248
759 6.4838879386
760 6.76772459368
761 6.91515388439
762 7.01210356522
763 6.92832995712
764 6.74580342612
765 7.1004265814
766 7.11805673749
767 6.96157403176
768 7.19689839835
769 7.30177154285
770 7.15437741659
771 7.41801779371
772 7.52389842909
773 7.49981388035
774 7.5114269517
775 7.74056511348
776 7.75107812825
777 7.27182550201
778 7.16216836253
779 7.50476691913
780 7.60750728005
781 7.4592269716
782 7.49703364779
783 8.17189832449
784 8.04735109863
785 8.28500003582
786 8.21261425115
787 8.47064473485
788 8.62383070128
789 8.48762050053
790 8.18540507808
791 8.27231627562
792 8.113212171
793 8.6075906074
794 8.49420190518
795 8.46215057124
796 8.83708485233
797 8.75039420898
798 9.05801847082
799 9.11029776033
800 9.05071337707
801 9.13601576177
802 9.19741183276
803 9.10795842071
804 9.17226234912
805 9.12195032814
806 8.40115450166
807 8.71544704009
808 8.27347350213
809 8.43187143857
810 8.63317534545
811 8.60064276184
812 9.00426366695
813 8.73990822768
814 9.04600033137
815 8.91091963321
816 9.06925536283
817 8.54605768841
818 8.98899009073
819 9.17607225572
820 9.18196762358
821 9.33297432323
822 9.28486071434
823 9.08213159385
824 10.0026376092
825 10.6282652458
826 10.6560862308
827 10.0993184572
828 9.98633677092
829 10.2476767058
830 10.3454839688
831 9.89628996093
832 9.76670942616
833 9.76565892968
834 9.89389512857
835 10.1340735269
836 10.2773469398
837 10.5782942014
838 10.1919397225
839 10.253628343
840 10.3668470108
841 10.7341462629
842 10.1244159805
843 10.6546998277
844 10.8825501706
845 10.8887486199
846 10.896784943
847 10.5424687236
848 10.7457707176
849 10.6263580179
850 10.3064943196
851 10.3761536297
852 10.1247779155
853 10.4041989671
854 10.1345915181
855 9.80381562948
856 9.34649935718
857 9.52487147128
858 9.80982339806
859 9.9073843451
860 10.1043320588
861 10.2276045152
862 9.72524349356
863 9.6795279712
864 10.1677855133
865 10.2289372692
866 10.1361969644
867 10.0085042247
868 9.99386790905
869 9.80221813316
870 9.56772895913
871 9.31432023697
872 9.53987579027
873 9.73779054101
874 9.81944442523
875 10.2785793757
876 10.0050933481
877 9.80297812117
878 9.55454092623
879 9.83608224473
880 9.60654290587
881 9.00574233758
882 9.23239376277
883 9.12218121731
884 9.3414234429
885 9.84934161969
886 9.59199783702
887 9.77530752536
888 10.2536999062
889 10.5590906296
890 10.4911699261
891 10.6684191093
892 10.6023620767
893 10.2942577137
894 10.9479455938
895 10.7917654934
896 10.390082199
897 10.8339876985
898 10.6166712939
899 11.0367953776
900 10.7936853487
901 10.4314244284
902 10.3128121923
903 10.7027967794
904 10.6020872286
905 11.144107527
906 10.8867424742
907 9.98918199524
908 11.0537992731
909 11.0875316477
910 10.584707512
911 10.797236275
912 11.081588763
913 10.9335423475
914 11.4954820396
915 16.7367958602
916 17.0070577246
917 11.2368672558
918 11.4486428163
919 11.3707369725
920 11.512704345
921 11.527657075
922 12.055370318
923 17.2685786693
924 16.8325760392
925 16.3389388442
926 16.0172726359
927 15.9104733078
928 15.8332824698
929 16.2853574376
930 16.861955319
931 16.6017446029
932 16.9190498732
933 17.3446691284
934 16.8504924663
935 16.8630645867
936 16.6822803011
937 16.2810358231
938 16.0664589758
939 15.7527942054
940 15.6534470219
941 16.2437903664
942 16.0109319344
943 16.0776353681
944 15.6901635286
945 15.8630341063
946 15.0066138894
947 14.8325718583
948 15.1874044193
949 15.5396072384
950 15.2760476702
951 15.0149337552
952 15.0924446575
953 14.6189782224
954 14.4024039942
955 14.192967088
956 13.8999496824
957 14.2283942731
958 14.4604931362
959 14.4546095534
960 14.3669418996
961 14.3705023963
962 14.3129998705
963 14.5019040459
964 14.4337010123
965 13.9218025309
966 13.2937241348
967 13.6711877159
968 13.5121157158
969 13.6265889127
970 13.7728265995
971 13.7490754794
972 13.788605098
973 13.4063490771
974 13.5942503097
975 13.679186787
976 13.4271159389
977 13.2759063897
978 13.2066897026
979 13.3053376308
980 13.2372312604
981 13.2589133544
982 13.2025304322
983 13.3210004687
984 13.3241186943
985 13.751224273
986 14.1275471485
987 14.4687614907
988 15.1736559589
989 15.1694339946
990 14.5380116658
991 14.3614659865
992 14.080454992
993 14.1359625569
994 14.0909308163
995 13.8438594621
996 13.5130925581
997 13.6165124491
998 13.6943019927
999 13.8397840174
