0 0.0
1 -0.0727503487169
2 -0.194385057898
3 0.0291336989516
4 0.193064854388
5 -0.00819380217278
6 -0.195577069808
7 0.0412466166414
8 0.16545140276
9 0.25900150933
10 -0.00600832990118
11 -0.105079868633
12 0.12331924607
13 -0.0476319876573
14 -0.0103886201765
15 -0.11160886815
16 -0.0342862555225
17 -0.147496831388
18 -0.0853584188402
19 0.101546567135
20 -0.294165154935
21 -0.435624664615
22 -0.0659379148922
23 -0.246421261867
24 -0.129068290841
25 -0.00538262557718
26 -0.387049711338
27 -0.306060021463
28 -0.188354447145
29 -0.212074079947
30 -0.231363206448
31 -0.0161903129046
32 -0.00110893796263
33 0.0536546515666
34 -0.10146466634
35 0.0314861958088
36 -0.0254230930282
37 -0.125582108865
38 0.00871008519361
39 0.0984569798329
40 -0.0336808126172
41 0.0184086699328
42 0.262133131594
43 0.15981596485
44 0.0041003805875
45 0.132489333052
46 0.0468341655041
47 0.237351929194
48 -0.0190030412278
49 0.0690500557477
50 -0.229849735699
51 0.0334393478606
52 0.0072156190921
53 0.0154297227586
54 0.207295164774
55 -0.229823812004
56 0.0772710503105
57 -0.108301617454
58 -0.0351507415021
59 0.160474315361
60 0.123845581956
61 0.198260526951
62 -0.0195638579567
63 0.0190242904465
64 -0.0130057284431
65 -0.0553428902376
66 0.0346755665275
67 -0.0260324362336
68 -0.307486287433
69 -0.129930462108
70 -0.0345067604886
71 0.189644801588
72 -0.322762304973
73 0.0738079684392
74 0.19425661922
75 -0.205122213213
76 -0.307190031163
77 -0.362455900403
78 -0.112334826367
79 -0.0370527316552
80 -0.0645364016538
81 0.00686811253183
82 -0.088455649746
83 0.0370255546343
84 -0.189714389729
85 0.0200115427992
86 0.161105024846
87 -0.0667494246688
88 0.000837611580288
89 0.151421728497
90 0.299352947816
91 0.133703121413
92 0.233256625556
93 0.090485658303
94 -0.0443349361961
95 -0.0216391137801
96 0.137328239643
97 0.162544889586
98 0.00736708842794
99 -0.0311935005639
100 -0.209939932488
101 0.0580673606731
102 0.104197474899
103 0.337784420989
104 0.0963922926395
105 -0.0351459351976
106 -0.0457060390094
107 -0.133895195352
108 0.101271067215
109 0.0537854191329
110 0.0360736426711
111 -0.129748309722
112 0.31493205975
113 0.0700607676237
114 -0.101313300244
115 0.0410281146038
116 0.169583484212
117 0.0876304962199
118 0.118739964293
119 0.208746519683
120 0.248739120478
121 0.259149061912
122 0.124497575322
123 -0.15573660823
124 -0.368342484481
125 -0.0772939499364
126 -0.145511763542
127 -0.0805506197062
128 -0.147490868841
129 -0.150834381966
130 0.173239382551
131 -0.0575493674577
132 -0.255804301616
133 -0.0430579836446
134 0.148250516609
135 0.00822703542341
136 0.0559837213295
137 0.613409081053
138 0.175277199224
139 0.337606570237
140 0.415598800966
141 -0.0709816660519
142 -0.0663826092852
143 0.143995726618
144 0.0175241870864
145 -0.054896453018
146 -0.0345076109052
147 -0.194607504559
148 0.053859381047
149 -0.238943956265
150 -0.132523054211
151 -0.0114287315002
152 -0.166720604854
153 0.0315339155983
154 -0.170021710023
155 -0.158937035454
156 -0.0453414224468
157 0.107801250542
158 0.26287180635
159 0.261669887663
160 0.188881975081
161 0.135151681934
162 0.301448082643
163 0.218622039847
164 0.500254468881
165 0.281667278906
166 0.425282570589
167 0.305213382626
168 0.619311419657
169 0.278339453598
170 0.626789791298
171 0.753801868346
172 0.427352921394
173 0.53765230035
174 0.64986250653
175 0.590271114084
176 0.142402851004
177 0.683090660632
178 0.599250274398
179 0.868926217122
180 0.714578807344
181 1.25732097828
182 0.730025577718
183 1.02726823777
184 1.02759590152
185 0.884071487223
186 0.88396715329
187 0.795879177968
188 0.976336359706
189 0.973148658558
190 1.00586485235
191 0.934149404117
192 0.898608748874
193 0.984208768396
194 0.670831945861
195 0.655803809924
196 0.690497934083
197 0.820548530415
198 0.728383970226
199 0.849654468318
200 1.08991520616
201 0.610862790926
202 0.924233929417
203 0.954478962987
204 1.00791882419
205 0.971382461656
206 1.28238684548
207 0.964214534245
208 1.04499799848
209 0.999138758312
210 0.919863490536
211 0.696387813644
212 0.769245037071
213 0.794229715991
214 0.815764428584
215 0.581003845205
216 0.718347424501
217 0.522085501349
218 0.686103705695
219 1.11024592832
220 1.01285569296
221 1.30408116056
222 0.957339164241
223 1.3747332341
224 1.18191521602
225 1.30698194607
226 1.24470165992
227 1.27398781686
228 1.17626908513
229 1.28499871778
230 1.25031188631
231 1.22782692923
232 1.18832586603
233 1.04532213214
234 1.00104565421
235 0.911424145353
236 1.31341774486
237 1.19858486902
238 1.13001796377
239 1.34337377222
240 1.90117432698
241 2.09068029862
242 1.73466777655
243 1.72658447581
244 1.99176261859
245 1.6752578145
246 1.97429923702
247 1.56566154972
248 1.7361817479
249 1.63906715938
250 1.97455716215
251 2.05274210552
252 1.90876472782
253 1.67352126368
254 2.14124320591
255 2.09491121342
256 1.96737890663
257 2.04969804701
258 1.95226941803
259 1.62974940831
260 1.51979181398
261 1.71065272077
262 1.63999274989
263 1.87770718095
264 2.10311520709
265 1.77314705624
266 1.95788591453
267 1.89382838904
268 2.19879336539
269 1.90486895602
270 1.99902274776
271 2.22349249678
272 2.03480557769
273 1.92961649725
274 2.06358480546
275 1.55592787012
276 1.71278369845
277 2.00290014673
278 1.84866381506
279 1.61209910447
280 1.4459063643
281 1.94117462974
282 1.59393005926
283 2.04301957871
284 1.71144579062
285 1.79336340086
286 1.94777568915
287 1.60723448984
288 1.86295420947
289 1.95259668037
290 1.92443058968
291 1.71411017115
292 1.782445838
293 1.60628521104
294 1.81476903917
295 1.83645119289
296 1.95960006713
297 1.86703359857
298 1.67434043146
299 2.32013337105
300 2.1228432463
301 2.2331891053
302 2.44719712171
303 1.84171468192
304 2.2300348165
305 2.60290218768
306 2.18099759982
307 2.36838561884
308 2.01991047525
309 2.28583213865
310 2.04463898889
311 2.18152330631
312 2.21294888353
313 2.09071977815
314 1.85588292024
315 2.10735312402
316 2.062207309
317 1.7318053465
318 2.33121824548
319 1.98133421882
320 1.95270780689
321 2.20577278195
322 1.93976284258
323 2.09855850807
324 2.19628048204
325 2.13186737381
326 2.56403784331
327 2.25607858853
328 2.20203693488
329 2.19091148771
330 2.65746305345
331 2.47324287881
332 2.29635862271
333 2.57191501673
334 2.31549202006
335 2.25712874208
336 2.50479660688
337 2.72472856344
338 2.56556641802
339 2.37647727787
340 2.73606471397
341 2.58258407723
342 2.3259405712
343 1.97798275805
344 2.42054113144
345 2.05764435847
346 2.17770513476
347 2.30111483341
348 2.247484415
349 2.37285163448
350 2.36948219816
351 2.27393344716
352 2.27444071441
353 2.40740776362
354 2.60948128403
355 2.48978860451
356 2.52424967701
357 1.91512564422
358 2.05801468475
359 1.99388214498
360 2.05060498732
361 2.465853338
362 2.10104379423
363 2.43118474385
364 2.47224059802
365 2.48326041232
366 2.53237421794
367 2.5535385161
368 2.28446639247
369 2.48244660031
370 2.62077595118
371 2.2269798637
372 2.22259567973
373 2.51333902851
374 2.14160837417
375 2.49970884578
376 2.48804105355
377 2.32505130165
378 2.66729577159
379 2.37298373473
380 2.71238827546
381 2.29960183934
382 2.14525688218
383 2.44680788585
384 2.6834406269
385 2.73448260695
386 2.61641698433
387 2.46477184736
388 2.63122324999
389 2.52271017725
390 2.76166523942
391 2.64423352949
392 2.93184625127
393 2.63821487488
394 2.92246175091
395 2.64536515515
396 2.41931350887
397 2.78319792401
398 2.89081699923
399 2.88705460038
400 3.04215415572
401 3.0005701487
402 2.79988477033
403 2.92420907546
404 3.31673306165
405 3.05117837261
406 3.45262228977
407 2.67190826092
408 2.9392467254
409 2.58104634266
410 3.00224015373
411 2.88286465502
412 2.65660429886
413 2.78191940913
414 2.80024992148
415 2.78426722132
416 2.52603806884
417 2.43073492964
418 2.76122497679
419 2.39555331748
420 2.4005764833
421 2.43789243161
422 3.04793287268
423 3.03821825272
424 2.80716038557
425 2.86900001805
426 2.64431588783
427 2.42500655647
428 2.53447581382
429 2.91051887793
430 2.61550912821
431 2.53379973678
432 2.74579798472
433 2.78497748968
434 2.83074875299
435 2.71315142483
436 2.42149942863
437 2.53930967658
438 2.64108972763
439 2.44219846572
440 2.41976889819
441 2.33537902477
442 2.45694862321
443 2.60780018155
444 2.72919090961
445 2.83947638125
446 2.16858847243
447 2.44772483404
448 2.6236055497
449 2.18868232145
450 2.68634672203
451 2.42201418009
452 2.20624244848
453 2.41617582374
454 2.6895100115
455 2.20606324426
456 2.45816437387
457 2.51103287193
458 2.62201597755
459 2.59758283207
460 3.29149367417
461 3.47636070428
462 3.17088548299
463 3.24403866524
464 2.93126997646
465 2.45380689773
466 3.32064447072
467 2.90457268819
468 2.82570033264
469 2.46808363871
470 2.60119791547
471 2.86065724082
472 2.58096231306
473 2.38522417982
474 2.73631098543
475 2.54693553885
476 2.63284596378
477 2.76461610097
478 2.94547471302
479 2.64649965701
480 2.82375142191
481 2.66272507096
482 2.57394547674
483 2.53789884781
484 2.48659630832
485 2.6154451172
486 2.71163409421
487 2.65653131888
488 2.78120307104
489 2.89490701701
490 3.37097319787
491 3.11876902777
492 3.01535961801
493 2.93902512093
494 2.79517195572
495 2.71834795417
496 2.58100327039
497 2.77796551647
498 3.02004796961
499 2.91794269858
500 2.98227172662
501 2.85653192747
502 2.63787449005
503 3.11802008162
504 2.89247991719
505 3.33511185993
506 3.19106996553
507 2.7816141981
508 2.89379690704
509 2.90434456866
510 3.18854782614
511 3.03737174171
512 2.79691900947
513 2.84059328142
514 3.31561200928
515 3.04866378635
516 3.25611344108
517 3.2676105966
518 3.33407685989
519 3.32495010923
520 3.54899866965
521 3.39755627426
522 3.28842268394
523 3.54323550772
524 3.43075360177
525 3.43343984103
526 3.2557965205
527 3.40035614464
528 3.46778158156
529 3.2928824721
530 3.46295826127
531 3.72056542575
532 3.41755236841
533 3.73881665982
534 3.76305678935
535 3.63358578175
536 3.70247143294
537 3.1928054714
538 3.26454921991
539 3.23278027228
540 3.64633861087
541 3.81693436297
542 3.68654345065
543 3.86168170161
544 3.61046963151
545 3.67040415411
546 3.81714025722
547 3.73867282501
548 3.79641679671
549 3.6166260265
550 3.39554355045
551 3.64815939319
552 3.2743232586
553 3.22381734136
554 3.53858874292
555 3.29422235415
556 3.63305290748
557 3.46163839513
558 2.72917127486
559 2.90984471522
560 3.62148326675
561 3.53111546524
562 3.68726442919
563 3.68795632938
564 3.5875811139
565 3.59209992695
566 3.59340643891
567 4.05594093832
568 4.27031994063
569 3.74771980092
570 3.88079845437
571 3.94836169152
572 4.20795241425
573 4.23698176708
574 3.85104792342
575 3.94365169912
576 4.09428847296
577 3.66251833815
578 4.13680377205
579 3.78442055215
580 3.98327312746
581 4.02760540917
582 3.95820909993
583 4.51666962365
584 4.90397070973
585 4.16353048065
586 4.08807384185
587 4.07541071949
588 4.03210613127
589 3.8189894633
590 3.75365877089
591 3.7234663259
592 4.28833488944
593 4.46343765791
594 4.10057829957
595 3.96871639781
596 3.91916978073
597 4.1492084985
598 4.01192112299
599 4.04967253219
600 4.2392245669
601 4.73360562445
602 4.88250445004
603 5.0608356426
604 4.97315565256
605 5.1363484235
606 5.63317011998
607 4.918573721
608 5.46462873366
609 5.6363011912
610 5.87121155646
611 5.53460901716
612 5.01194909946
613 5.29099950269
614 5.54381162306
615 5.45673449356
616 5.46469790886
617 5.31481682089
618 5.15198286377
619 4.90456050956
620 5.26778912076
621 5.2859501452
622 5.44008581005
623 5.18123381077
624 4.8995266917
625 4.62287158873
626 4.74095533642
627 4.67235255269
628 5.01312631137
629 4.74871896931
630 4.77543714842
631 4.62775449009
632 5.08654692953
633 4.89713407012
634 5.34293570345
635 4.92227621576
636 5.13061872886
637 5.09647501722
638 5.69082743751
639 5.1384377884
640 5.36728377214
641 5.33628972819
642 5.30969542876
643 5.79288801265
644 5.57610581334
645 5.55163214569
646 5.37507919487
647 5.26521588196
648 4.93251465727
649 5.22554978124
650 5.33874544132
651 5.31214692518
652 5.71541686253
653 6.01786996658
654 6.17285833021
655 5.6681123458
656 5.94623177934
657 5.91471959685
658 6.54627942562
659 6.32291553658
660 6.03169847543
661 6.17379304169
662 5.89388346603
663 6.07503061674
664 5.97224012059
665 6.28373685891
666 6.18676179183
667 5.95870721574
668 5.80728700207
669 5.22007896076
670 5.75800591053
671 5.59418426791
672 5.55450338542
673 5.71497480463
674 5.5813262137
675 5.81199167286
676 5.83478091361
677 5.64911430368
678 5.67227041548
679 5.24242003597
680 5.20771473434
681 5.4920029099
682 5.54456460331
683 5.78179550711
684 5.53865369009
685 5.3643285648
686 5.61992872838
687 5.69286353084
688 5.88217638866
689 5.81045012177
690 5.62793975803
691 5.84828216124
692 5.957147628
693 6.03037910329
694 6.08622466942
695 5.93416408024
696 5.49651061113
697 5.81050078229
698 6.14070232891
699 5.99026584508
700 5.73095086099
701 5.44189703021
702 5.92932076166
703 6.20284721096
704 6.88718050907
705 6.9496766253
706 6.77338677797
707 6.99578252026
708 7.13382538753
709 6.69925784091
710 7.09217136278
711 7.17051829312
712 7.22115896961
713 7.83468762045
714 7.68621748093
715 7.00509753608
716 7.24522366308
717 7.54788618704
718 7.74315870474
719 7.61761306099
720 6.98563971753
721 7.24772637831
722 6.96491174347
723 7.08905263119
724 6.55481835904
725 6.93266875567
726 6.94469552527
727 6.9429309129
728 7.49576926675
729 7.70694085875
730 7.40067905681
731 7.89289768874
732 7.82329343594
733 8.46201806925
734 8.62322857742
735 8.48126442652
736 8.42661967994
737 8.87537658566
738 8.65620901579
739 8.87920569886
740 8.79064689401
741 8.53998139105
742 8.41360738205
743 8.58645499053
744 8.60110565919
745 8.14649439428
746 8.60748001963
747 8.34363179402
748 8.17179362291
749 8.10408902788
750 7.86528226995
751 7.94449081492
752 7.86923787715
753 7.79539667116
754 7.68097648164
755 7.40659926873
756 7.49742653968
757 7.60765194662
758 7.72582883495
759 8.02144547484
760 7.98378144514
761 7.55384254835
762 7.15033834556
763 7.37269230127
764 7.62978285415
765 7.579053631
766 7.31970039039
767 7.2794329013
768 7.66647733667
769 7.64312597232
770 7.6179373703
771 7.17206360902
772 7.1894868056
773 7.66198476621
774 7.7371832552
775 7.24411047558
776 7.40653361197
777 7.33532661769
778 7.7328211362
779 8.0639837105
780 8.06954772954
781 8.13673381348
782 7.94650971803
783 8.16525515118
784 7.92903822477
785 7.23051073977
786 7.53355544657
787 7.6279868505
788 7.66304844699
789 7.85670412067
790 7.69296200662
791 7.59635910789
792 7.64600515629
793 7.69802928709
794 7.89095100007
795 8.0339357101
796 7.41953149356
797 7.04558113099
798 6.60325773273
799 6.34071422436
800 6.0779009938
801 6.5369721537
802 6.22486119984
803 6.47975265139
804 6.92222922327
805 6.88747576521
806 7.40901586371
807 7.21648091919
808 7.27445175816
809 6.68087046147
810 6.8847309742
811 7.12006612852
812 6.60860287745
813 6.5720962503
814 6.60984996523
815 6.69414934172
816 6.91860929515
817 7.07134793299
818 6.50723030463
819 6.98830354888
820 6.81475829614
821 6.53206455587
822 6.61222335914
823 6.71112028792
824 6.99017024024
825 6.7347258577
826 6.58175873099
827 6.54477806375
828 6.34320788528
829 6.3989508523
830 6.33647288979
831 6.67875244472
832 6.32098473121
833 6.24005862366
834 6.36525453257
835 6.23660393686
836 6.05345615775
837 6.08397491987
838 6.2222041086
839 5.85943604985
840 6.53952089867
841 6.1769861161
842 6.28586553939
843 6.39160884421
844 6.09577476686
845 6.4016068013
846 6.0825529419
847 5.75991662886
848 6.10629599849
849 5.6082519763
850 5.50337867933
851 5.62096434976
852 5.79037595559
853 5.39556746556
854 5.6944569312
855 5.88297013065
856 5.69182520725
857 5.68643150518
858 5.76394197316
859 5.47083943514
860 5.87869817716
861 5.3588635642
862 5.43008350439
863 5.53884603416
864 5.30860039852
865 5.69015308223
866 5.66126208998
867 5.70626115958
868 5.54380030304
869 5.792230862
870 6.16722814045
871 5.99457692325
872 5.75292462731
873 5.54051919705
874 5.63057203809
875 5.7081442979
876 5.2258606418
877 5.29594198971
878 5.14621261397
879 5.0854171699
880 5.79382087537
881 5.77837347112
882 5.4555838695
883 5.3719268812
884 5.81826052272
885 5.90990986937
886 5.30846269851
887 5.43487247914
888 5.23456972179
889 5.51918851855
890 5.8838754516
891 5.72258817013
892 6.90284965483
893 6.97359818642
894 7.17868614724
895 6.68959405514
896 6.72978462519
897 6.69759589185
898 6.62199599115
899 6.59007413804
900 6.23943665618
901 6.59169624351
902 6.61152819078
903 6.90700068703
904 6.82043830639
905 7.01179415811
906 7.01706139151
907 7.18439086671
908 7.32741248324
909 7.77738503856
910 7.67115815219
911 7.59448623535
912 7.27323155731
913 7.32592843946
914 7.31066398513
915 7.44184808085
916 7.17716786069
917 7.39259857876
918 6.83312577417
919 7.31223573784
920 7.32296317865
921 7.18903477526
922 7.26268099341
923 7.12913642859
924 7.07713534988
925 7.39316714008
926 7.46734358901
927 7.6570213559
928 7.77790781611
929 6.77678399243
930 6.76692426041
931 6.9135117665
932 6.67693547001
933 6.8888450818
934 7.14761833833
935 6.373816848
936 6.2352682873
937 6.14605881443
938 5.87760647215
939 6.10186348102
940 5.67805497341
941 6.35718226081
942 6.00518769266
943 6.08618508123
944 6.17081445891
945 5.99560227653
946 6.30636705597
947 6.49798940536
948 6.61511105736
949 6.86534161978
950 6.64874458759
951 6.60663143666
952 6.75624885768
953 6.46396822608
954 6.2932395341
955 6.74741843753
956 6.83670340419
957 6.13707872629
958 6.18776823315
959 6.07019152902
960 6.16473265331
961 6.07984694337
962 6.26166536857
963 6.33510262592
964 6.02584782409
965 5.90212200115
966 6.37198268529
967 6.32994339787
968 6.11351029473
969 6.1493823028
970 6.52424111891
971 6.85900771115
972 6.60157041087
973 6.30392953016
974 6.33862861969
975 6.30414702533
976 6.03871576175
977 6.04914695211
978 6.17031040854
979 6.30791136489
980 6.80623486636
981 6.83682493782
982 6.8585561742
983 6.29192554939
984 6.17463175928
985 6.21632527021
986 5.82305026304
987 6.06140646075
988 5.96547339777
989 6.69024472272
990 6.40126147665
991 7.06245079353
992 6.64578711363
993 6.83102832947
994 6.52051870268
995 6.2977612596
996 5.98968631263
997 5.98253583335
998 6.42471529973
999 6.53242424936
