0 0.0
1 -0.0217103065466
2 0.127751871767
3 -0.178530040176
4 -0.0629275591578
5 -0.207597889261
6 0.0759390779184
7 -0.135717022361
8 -0.289566638739
9 0.0449303085381
10 -0.0932179282137
11 0.152528589225
12 0.060324906459
13 -0.276988104094
14 -0.0344968704528
15 0.145786669479
16 -0.177015691752
17 -0.0120203490025
18 -0.149556856921
19 -0.187509369353
20 -0.500458422759
21 -0.583024826827
22 -0.487934205245
23 -0.258717008895
24 -0.272457449521
25 -0.345723308567
26 -0.419884680767
27 -0.251165507771
28 -0.244066535863
29 -0.154434870666
30 -0.248614610687
31 -0.507515757968
32 -0.23952829067
33 -0.343272046854
34 -0.33018909125
35 -0.246216921201
36 -0.436152673675
37 -0.337875193493
38 -0.136515990516
39 -0.399303116783
40 -0.494031897532
41 -0.244151052234
42 -0.444981089545
43 -0.407298681986
44 -0.381592388876
45 -0.63448022901
46 -0.313536760891
47 -0.14220426907
48 -0.462977985758
49 -0.304459354921
50 -0.252278574339
51 -0.261675483639
52 -0.307119789792
53 -0.126740077404
54 -0.122176458455
55 -0.251247951027
56 -0.244936546726
57 -0.0988326168761
58 -0.051498219512
59 -0.226836849642
60 -0.0827082389284
61 0.0712591604423
62 0.191759888249
63 0.106497552561
64 0.0540196357438
65 -0.208636105085
66 0.177567006826
67 0.0588845786752
68 0.112415707811
69 0.194226965972
70 0.189382046236
71 0.122390015843
72 0.227578680177
73 -0.0299952259795
74 0.121824639019
75 0.122537023702
76 0.161048852649
77 0.0615325648319
78 0.183583487376
79 0.0476383669669
80 0.0102232313222
81 0.205149870402
82 0.00746917186198
83 0.0171113750039
84 -0.038841609404
85 0.148431060101
86 0.135555762445
87 0.0953678750332
88 0.0177786114952
89 0.0642761336908
90 0.154943717645
91 -0.0157199117553
92 0.261948915812
93 0.103166656066
94 0.100505960362
95 0.360974803189
96 0.470546386018
97 0.427453660143
98 0.373088314611
99 0.410134106482
100 0.239714739246
101 0.382412610512
102 0.145867739482
103 0.528589113206
104 0.414673348772
105 0.242783595863
106 0.317184581876
107 0.165556839975
108 0.408317536886
109 0.544624327696
110 0.555735389304
111 0.602993617687
112 1.03685672809
113 0.868972406814
114 0.51441526311
115 0.373318144238
116 0.427434814079
117 0.538938141805
118 0.466140598684
119 0.714689832454
120 0.563509216674
121 0.616334269733
122 0.682441076216
123 0.716623876208
124 0.765812284775
125 0.598682925863
126 0.7474816086
127 0.775123884477
128 0.868028500338
129 0.737386106843
130 0.526029313181
131 0.638247167831
132 0.640967492225
133 0.567985852397
134 0.937623513955
135 0.31959479137
136 0.389381101179
137 0.28692562836
138 0.674779134387
139 0.435999554846
140 0.429364874602
141 0.641741379184
142 0.536584051586
143 0.690223540398
144 0.697736342781
145 0.610711823355
146 0.606811766009
147 0.365461573567
148 0.469065141954
149 0.699403454699
150 0.441253890592
151 0.746979363766
152 0.665439027734
153 0.774033264183
154 0.516078069365
155 0.437529490099
156 0.706650022246
157 0.655112057582
158 0.61739699118
159 0.856032088547
160 0.715485461516
161 0.467763848621
162 0.767679459279
163 0.619354085451
164 0.742093493161
165 0.970077456317
166 0.601298676934
167 0.537028798447
168 0.550608932929
169 0.475726256703
170 0.541017458157
171 0.735483847921
172 0.583656398665
173 0.922225006836
174 0.606550480454
175 0.754748554083
176 0.552035110496
177 0.788917903168
178 0.633686803966
179 0.783788047996
180 0.79186443214
181 0.694837414863
182 0.954966252833
183 1.00469837201
184 0.44074213517
185 0.972475895318
186 0.533526262839
187 0.619278936008
188 0.741725682767
189 0.639678143168
190 0.824537169937
191 0.714405929449
192 0.714730815621
193 0.951829320355
194 0.940865133012
195 0.540611523447
196 0.821416852904
197 0.709393463036
198 0.819546641644
199 0.714822882925
200 0.761101814943
201 0.695859095721
202 0.819098253011
203 0.755693410503
204 0.854968932071
205 0.906266737581
206 0.849839344879
207 0.929362513642
208 1.20703634954
209 0.925324131328
210 0.920730118708
211 0.811153003255
212 1.15768591206
213 1.42825144755
214 1.434574093
215 1.55884715217
216 1.35735255699
217 1.31977276294
218 1.99582027941
219 1.95451315086
220 1.85380536386
221 1.93911552867
222 1.76726328589
223 2.06241079829
224 1.63404862289
225 1.85793401773
226 1.92131700802
227 1.82454941686
228 1.8628776242
229 1.85008387002
230 1.87711943828
231 1.79709308458
232 1.68407074885
233 1.84623572308
234 1.96148298387
235 1.72547059207
236 2.32791997161
237 1.95403543158
238 1.7687739907
239 2.00271740941
240 2.06861043972
241 2.01477701933
242 2.04823615091
243 1.90879517325
244 1.63732857766
245 1.67837981631
246 1.65546248578
247 1.88360559813
248 2.07351681319
249 1.71280508284
250 1.9343949687
251 1.90151358044
252 1.63469312074
253 1.44440606505
254 1.8642436021
255 1.81521374557
256 1.75684695252
257 1.57822979529
258 1.80226217508
259 2.11735544872
260 2.17712028229
261 2.17033182465
262 1.81637484199
263 2.06896448618
264 1.50870345613
265 1.91624343118
266 2.11828104708
267 1.73070183237
268 2.21731324523
269 2.39292474571
270 2.12540257873
271 2.21769568789
272 2.42549078993
273 2.34734910468
274 2.41614781001
275 2.1621257041
276 2.35939917154
277 2.08435508928
278 2.03347622152
279 2.09890404853
280 1.91708652981
281 2.10809443076
282 2.10175866483
283 2.01644237677
284 2.23819665704
285 2.20806245532
286 2.61922761889
287 2.08191223404
288 2.02561019677
289 2.25165885548
290 2.29166001295
291 2.62542850131
292 2.36003204483
293 2.23325331674
294 2.08617084282
295 1.84744599688
296 2.24990853298
297 2.04997264585
298 2.07075787135
299 1.86825687952
300 1.79449199228
301 2.31947814361
302 2.02111163813
303 2.1263729218
304 1.86253041683
305 2.13252046913
306 1.95387989634
307 1.76372611027
308 2.11389627975
309 2.38702319841
310 2.47269047752
311 2.26033006509
312 2.20919252914
313 2.12410005462
314 2.35066293764
315 2.18489238958
316 2.10801463723
317 2.47081061722
318 2.50389573446
319 2.52110882846
320 2.23198660667
321 2.39179910615
322 2.23958238671
323 2.29252822059
324 2.43057140614
325 2.39068396154
326 2.09952997964
327 2.32336726532
328 2.43359957066
329 2.71200168431
330 2.67124766195
331 2.71608858063
332 2.45758119268
333 2.18506676594
334 2.38845509865
335 2.49911049377
336 2.237253265
337 2.42173316935
338 2.39991264755
339 2.7498960152
340 2.89835200827
341 2.38850006385
342 2.4476204829
343 2.36903869642
344 2.28500879337
345 2.51524299893
346 1.96798165612
347 2.44126542866
348 2.61246476332
349 2.84292725487
350 2.19081988212
351 2.44682296029
352 2.6069773055
353 2.5939637921
354 3.09912182334
355 2.83311378744
356 2.67977258047
357 2.5513496411
358 2.91562288026
359 2.87998285997
360 2.52041444037
361 2.27406088808
362 2.64005102284
363 2.76117329615
364 2.98519489226
365 2.6512896561
366 2.87663856756
367 3.07805438919
368 2.78164402101
369 2.541963828
370 2.62448349203
371 2.68251489627
372 2.91235169681
373 3.19893477485
374 3.05887490503
375 2.74155591486
376 3.07804906975
377 3.58703310587
378 3.08850690716
379 3.0348911903
380 2.97697813709
381 2.86775872511
382 2.83075132307
383 2.84192549247
384 3.08202117356
385 3.45652609383
386 3.70402721329
387 3.55015072755
388 2.98765987254
389 3.32707499749
390 3.28272728473
391 3.30104792113
392 3.45898691151
393 3.30580267452
394 2.88565717886
395 3.36021365953
396 3.61297165044
397 3.86885675817
398 3.95339682676
399 4.21382453262
400 3.96331924824
401 3.70031803339
402 4.00140888579
403 4.38491468515
404 4.04495099374
405 3.65049968522
406 3.7357683843
407 3.52572930388
408 3.46099004198
409 3.98413233268
410 3.62426744305
411 3.51290264487
412 3.70375741374
413 3.60312244339
414 3.32761246239
415 4.03814175931
416 3.95926413356
417 3.87389858309
418 4.00363477467
419 3.67045193661
420 3.49494712969
421 3.69984098037
422 3.4951854669
423 3.40064852351
424 3.38207478425
425 3.46195748987
426 3.82118114994
427 3.62436276358
428 3.64414007382
429 3.68997785739
430 3.58102381118
431 3.83462498333
432 3.66682945316
433 3.67257527851
434 3.48432694475
435 3.85325595573
436 3.95664206012
437 3.75653256016
438 3.87867805905
439 3.5813579223
440 3.16326911713
441 3.25616879052
442 3.760654606
443 3.91048668646
444 4.11921072466
445 3.89373910906
446 3.83069805274
447 3.79547740359
448 3.73769564781
449 3.81376755256
450 3.44384442478
451 3.95445499509
452 3.74644295873
453 3.71374743851
454 3.74629836534
455 3.58276166927
456 3.4903180247
457 3.56618282245
458 3.4532245145
459 3.62055842889
460 3.44696774496
461 3.56641811266
462 3.2715204323
463 3.59470028143
464 3.59449548888
465 3.73669168845
466 3.60904549953
467 3.98405538901
468 3.37958790257
469 3.92626626179
470 3.72845119332
471 3.92803800336
472 4.06759269993
473 4.14335057191
474 4.03593573921
475 3.72353890493
476 3.79827118942
477 3.39901913357
478 3.69783917398
479 3.52192129472
480 3.55422322796
481 3.71716984168
482 3.32230371448
483 3.31583214652
484 3.59367223411
485 3.5475409334
486 3.37783206668
487 3.56576926125
488 3.74258383693
489 3.68538582506
490 3.78397153378
491 4.0469383589
492 3.80448523207
493 4.07450751625
494 3.65362734908
495 4.23881677125
496 4.10148662322
497 3.75645159772
498 3.45748537407
499 4.14565703482
500 4.2202514497
501 4.48985181546
502 4.44014490235
503 4.35212400748
504 4.70059845814
505 4.90668448724
506 4.463552982
507 4.62014462776
508 4.15384747938
509 4.42977792037
510 4.18090332764
511 4.02553962965
512 4.39984723713
513 4.17164996848
514 4.69612817962
515 4.5939850398
516 3.89155828713
517 4.04332945603
518 3.86012780069
519 3.89996884738
520 4.63073061961
521 4.71650981475
522 4.44880621935
523 4.44639362584
524 4.20860112129
525 4.2952576026
526 4.43994221085
527 4.30219221632
528 4.24985833273
529 4.16468066605
530 4.19492289605
531 4.022495928
532 3.77701784316
533 4.12107141804
534 3.95226555541
535 4.22835464684
536 3.69309615839
537 3.76732535063
538 3.47689212789
539 3.70639383041
540 4.04591368876
541 3.45200117474
542 3.54499943556
543 3.40243479486
544 3.77358608019
545 4.19398113708
546 4.12449687014
547 4.11755379201
548 3.9832719143
549 3.71877539411
550 3.55578796444
551 3.91881246291
552 3.60536686573
553 3.60750127157
554 3.23633429908
555 3.26357953944
556 3.36279677484
557 3.66630324684
558 3.37117701675
559 3.2873832831
560 3.36770332036
561 3.63470131383
562 4.20828309481
563 3.57438521312
564 3.72286003287
565 3.87276259655
566 3.80443984262
567 3.65134368837
568 3.70268437394
569 4.32517251645
570 3.76848548915
571 4.15364909368
572 3.85063188095
573 3.88415195233
574 4.22399319919
575 3.65900454179
576 3.84889543797
577 4.00822858994
578 3.71979402221
579 3.8500158003
580 4.62417509807
581 4.13020119967
582 4.05839603353
583 3.59494083789
584 3.77136273774
585 3.80445280141
586 3.84899176428
587 3.52084688653
588 4.00602777791
589 3.91274214234
590 3.70912708531
591 3.82826050811
592 3.45473304688
593 3.55558213708
594 3.763116578
595 3.63017249732
596 3.52861833707
597 3.54363365114
598 3.62801270928
599 3.84008442836
600 3.41991907442
601 3.66742861299
602 3.37132158466
603 3.47619667745
604 3.54438575708
605 3.2142591394
606 3.5183208591
607 3.57557185322
608 3.52533247215
609 3.69882420308
610 3.68873320464
611 3.65686918619
612 3.98555874132
613 3.7938852085
614 3.65561782494
615 3.55246490108
616 3.76840278359
617 3.60894232766
618 3.73672365308
619 3.80561161071
620 3.63186695955
621 3.84401536959
622 4.02491872298
623 3.61484770348
624 3.30642924826
625 3.69083250197
626 3.86111086358
627 3.3552728863
628 3.29228687274
629 3.2211038014
630 3.50498542585
631 3.38356012862
632 3.40392215245
633 3.28412728177
634 3.49644533454
635 3.55711907087
636 3.24928279504
637 3.47167240048
638 3.41983009208
639 3.55903550729
640 3.48728599041
641 3.50243978365
642 3.75549089165
643 3.43714444044
644 3.69958304304
645 3.64340112258
646 4.08656818236
647 4.21024782489
648 4.33674439174
649 4.15416173055
650 4.25554839473
651 4.23406986128
652 4.2565507969
653 4.27842619572
654 4.75066482549
655 4.72011703788
656 4.60470505769
657 4.60823296969
658 4.47482262894
659 3.94153045808
660 4.00880460602
661 3.74046711462
662 3.47369370153
663 3.73765781636
664 3.75302107811
665 4.04909863226
666 3.97531581464
667 4.04022907099
668 4.16666658119
669 4.20198829084
670 4.19094521523
671 4.56679062126
672 4.26237966243
673 4.33657285982
674 4.32243771116
675 4.64191498284
676 4.4040974284
677 4.3858538476
678 4.36150483458
679 4.4883445812
680 4.47704123464
681 4.60769283343
682 4.84994550294
683 4.92875421627
684 5.04804878263
685 5.2639806263
686 5.10838527083
687 5.48654475826
688 5.35751587761
689 5.28504614357
690 5.0135112491
691 4.81131534943
692 4.93370047368
693 5.18052067701
694 4.81994998614
695 4.82294914378
696 4.66643476375
697 4.6924282158
698 4.60894649726
699 4.83781162691
700 4.24324400303
701 4.39402250833
702 4.58054053904
703 4.6225879893
704 4.53406017829
705 4.80517495586
706 4.60671214461
707 4.5321150018
708 4.40785637667
709 4.88807347588
710 4.54547344064
711 4.69942359864
712 4.65206036017
713 4.74495975097
714 4.69042806705
715 4.81869830425
716 4.53703322107
717 5.06222116917
718 5.09337641384
719 5.51537813965
720 5.16083905056
721 5.17424521391
722 4.83947961791
723 4.55149408649
724 4.37739952129
725 4.66654194355
726 4.98881782785
727 4.66137655716
728 4.04197136759
729 4.96635804331
730 5.12113114946
731 4.93766747237
732 5.0296660333
733 4.63221319122
734 4.65958318185
735 4.76528406987
736 4.57878039292
737 4.50136584737
738 5.11016341282
739 4.83888328498
740 5.20620224915
741 4.90442617022
742 4.68751401918
743 5.1317393554
744 5.03715706923
745 4.97514036497
746 5.52271549864
747 5.31433173709
748 5.12355134716
749 5.1394039611
750 4.9673388998
751 5.30697211265
752 4.50517129778
753 4.75897669422
754 5.37620129627
755 5.35884191337
756 5.78763515811
757 5.84681246064
758 6.25916099814
759 6.22744395629
760 6.10025275144
761 6.25725275278
762 6.44834038687
763 6.10505701821
764 5.80825796883
765 5.89827496874
766 5.64387379009
767 6.24286369222
768 6.10482917646
769 6.20430487163
770 6.78280471774
771 6.93359420526
772 6.94135265266
773 7.16059163289
774 6.78950833312
775 6.76798656021
776 6.85871623008
777 7.44010777294
778 7.71027488668
779 7.631157703
780 7.76314726013
781 7.30495290169
782 7.05156055721
783 7.38317932777
784 7.06894645147
785 7.19663715042
786 7.12087527747
787 7.23340693945
788 7.48558259666
789 7.08130041818
790 7.2958136625
791 6.8735837496
792 6.88321382694
793 7.31483958702
794 7.41827564712
795 6.77580653326
796 7.02976374131
797 7.15456661093
798 7.37495869529
799 7.58694543687
800 7.8440526783
801 7.91653707491
802 8.20260350467
803 8.60245341052
804 8.32797281839
805 8.08330801093
806 7.89142839418
807 7.69136797004
808 8.02660949953
809 8.14924959983
810 8.30055061236
811 8.6385968175
812 8.80356318624
813 8.7290609525
814 9.03042367955
815 9.58808026321
816 9.97439179811
817 10.3774732181
818 9.59136972316
819 10.0648342898
820 9.63763566861
821 9.26698574385
822 8.80948780316
823 8.60383717987
824 8.18417357499
825 8.25836432829
826 8.70603678787
827 8.73217526577
828 8.6018780459
829 8.90901853021
830 9.20328746505
831 8.72382538314
832 8.76424869579
833 9.23722059918
834 9.44338743352
835 9.46681935628
836 9.40162230127
837 9.14644887235
838 9.22077384323
839 8.85916435621
840 8.74746766556
841 9.08432142419
842 9.32305820787
843 9.16622419447
844 9.20424382659
845 9.16957196211
846 8.8949801655
847 8.96808080769
848 9.31769100311
849 9.10392826357
850 8.72762583915
851 8.87131652725
852 8.93201339036
853 8.76961158545
854 9.05169036964
855 8.9264386806
856 9.81872238544
857 9.64489550932
858 9.67507165538
859 9.44190072644
860 8.91180264713
861 9.25137605707
862 9.65183735379
863 9.751562613
864 10.2165527131
865 10.0223088313
866 9.16428229803
867 8.87746138796
868 8.88834000575
869 8.37309762559
870 8.7758471496
871 8.42687595406
872 8.56793110951
873 8.94632470818
874 9.67595682582
875 9.64705996745
876 9.56532723399
877 9.37482485539
878 9.2134981027
879 8.95654326886
880 10.1582612325
881 10.9372336279
882 10.4781244279
883 10.1654723362
884 10.7815674102
885 10.8167287529
886 10.1527213134
887 10.0414256921
888 9.36872815773
889 9.5724321306
890 9.95225017818
891 9.68166968749
892 9.6835747303
893 9.64579763992
894 9.44229391689
895 9.65594293925
896 9.89287510081
897 10.7947570987
898 10.7277692904
899 10.5812480261
900 10.1905230901
901 10.7512079451
902 10.9289774944
903 10.9301844154
904 10.721053977
905 10.6343102752
906 10.1012075523
907 9.10061218189
908 9.25808534597
909 9.63641604565
910 9.5159614886
911 10.0813338163
912 9.71757267904
913 9.61152568739
914 10.1842367644
915 9.96756195004
916 10.3714002472
917 10.6526329999
918 10.5819228735
919 11.1261451556
920 11.8077866341
921 11.8539293717
922 11.8388079629
923 11.3466742796
924 11.4008785647
925 11.6329316297
926 11.8333357325
927 11.9603933126
928 11.6401415998
929 11.6250854185
930 11.2143482884
931 11.0430338691
932 11.5103608326
933 11.8085464719
934 11.6837239273
935 11.676579773
936 12.025094458
937 11.8346096163
938 11.5613913751
939 11.0784235254
940 10.5890094132
941 11.0223230168
942 11.0035380151
943 10.945953476
944 11.4314275816
945 11.2514487528
946 10.7233307251
947 10.4830751724
948 10.2813503352
949 9.49832005716
950 9.71804230381
951 10.2529444437
952 10.3260687354
953 10.8534412838
954 11.8680485679
955 11.7946124453
956 11.9276308087
957 12.0231523274
958 12.3105715885
959 12.528951353
960 13.1068290417
961 13.7018831579
962 14.1712660702
963 13.6078145092
964 13.4393699342
965 13.7322830718
966 13.4025841558
967 13.70793753
968 14.4753070972
969 14.6693287669
970 14.6213362531
971 15.0066574122
972 14.9819979928
973 15.2373813571
974 14.7315583094
975 14.9149771653
976 14.5952211604
977 15.269240669
978 14.7669460176
979 14.1994618522
980 14.3050867712
981 14.6290679016
982 14.8660708701
983 14.6426418925
984 14.6960794107
985 14.6755295447
986 14.4411339542
987 14.7514382933
988 14.8135970154
989 15.1257196212
990 15.2857741696
991 14.8161309616
992 15.0284189732
993 15.7339903646
994 15.6026913026
995 14.9295376774
996 15.3087583099
997 15.2857980698
998 15.1220805618
999 15.0118428618
