0 0.0
1 0.226882038439
2 0.277027165081
3 0.363337846349
4 0.0387576614507
5 0.36268546832
6 0.484981186576
7 0.0784136756859
8 0.00159697362706
9 0.258516277746
10 0.0982153950803
11 0.0429119184888
12 0.0540366350567
13 0.0161325372041
14 0.141072794162
15 -0.0179080022996
16 0.0710829421787
17 0.481148120601
18 0.104812490768
19 0.375014256154
20 0.306102143693
21 0.190343040889
22 0.424719394336
23 0.242970956936
24 0.059418719244
25 -0.0505323208398
26 0.258165566787
27 0.0322546377554
28 0.111420382581
29 0.178688596455
30 0.0962819657917
31 0.029784696169
32 -0.212562282762
33 0.0869849039604
34 -0.0617078317516
35 -0.0839691025618
36 -0.336628829496
37 -0.366182619676
38 -0.234553967889
39 0.0579083880814
40 -0.26582097719
41 -0.374168992332
42 -0.172593199572
43 0.0623607290299
44 -0.081833946
45 -0.202120330238
46 -0.0671038966331
47 -0.0706906282495
48 -0.262449239585
49 -0.292291198986
50 -0.337910972112
51 -0.456702194181
52 -0.290911788103
53 -0.218015324782
54 -0.291248451139
55 -0.0909800572396
56 -0.385746061748
57 -0.338094122204
58 -0.458051110124
59 -0.225579646586
60 -0.225601493329
61 0.0980305842541
62 -0.2513016004
63 -0.183427706214
64 -0.108321051105
65 0.0874242560793
66 -0.242889528305
67 -0.147567226708
68 -0.128956364594
69 -0.425124120469
70 -0.200889780613
71 -0.33525348266
72 -0.321077129022
73 -0.389565864697
74 -0.589807224726
75 -0.21601095232
76 -0.247457836155
77 -0.192551759853
78 -0.354331554595
79 -0.222104232912
80 -0.275938678333
81 -0.342940063283
82 -0.0985427306268
83 -0.28714824749
84 -0.405195744533
85 -0.137282762392
86 -0.369923119575
87 -0.764955010888
88 -0.122358871252
89 0.0711524138218
90 -0.471874821987
91 -0.313177942054
92 -0.308814044013
93 -0.203348642948
94 -0.25375647187
95 -0.418645231262
96 -0.420421585599
97 -0.322610280494
98 -0.228716422146
99 -0.177715026794
100 -0.0370169078172
101 0.0396509059856
102 -0.0281811780064
103 -0.336551385328
104 -0.0166687327071
105 -0.211620292286
106 -0.160980140829
107 -0.0697926800243
108 -0.117402560815
109 -0.112596049019
110 -0.0964092821738
111 0.029410246388
112 -0.0869818354018
113 -0.0993201573228
114 -0.318091124456
115 -0.221782286428
116 1.28895806242e-05
117 -0.181528925631
118 -0.520138058082
119 -0.198699770336
120 -0.442861527345
121 -0.144059655489
122 -0.366589587059
123 -0.399602390511
124 -0.231751152068
125 -0.646059513692
126 -0.606831112706
127 -0.60183723134
128 -0.296958044125
129 -0.561781229065
130 -0.751415129839
131 -0.200003606233
132 -0.32700695072
133 -0.330245636217
134 -0.306496189234
135 -0.38743074586
136 -0.0602445635744
137 -0.160127279118
138 -0.335886514609
139 -0.299999671236
140 -0.0987927288609
141 -0.214330671208
142 -0.425484819281
143 -0.56800984248
144 -0.530185957383
145 -0.278882578506
146 -0.508986061024
147 -0.329034469001
148 -0.366037374574
149 -0.252109930498
150 -0.408140120686
151 -0.312182597013
152 -0.352170940257
153 -0.400994751106
154 -0.400278448789
155 -0.197643681111
156 -0.20540649722
157 -0.0408745020318
158 -0.505915235146
159 -0.273654588041
160 -0.317460996091
161 -0.220120599
162 -0.459101251416
163 -0.233212451657
164 -0.0225526796013
165 -0.182350956589
166 0.200426342165
167 -0.0987549484309
168 -0.144389505751
169 -0.310282479543
170 -0.457829219899
171 -0.268659825162
172 -0.407113320904
173 -0.292049908211
174 -0.0775500020794
175 0.149304718464
176 -0.120353261673
177 -0.244942545801
178 -0.236298850353
179 -0.175220074215
180 -0.17700217373
181 -0.245762593004
182 -0.0245297065976
183 -0.0349860023493
184 -0.0736715604492
185 -0.328560409517
186 -0.323887644469
187 -0.314905169125
188 0.0991483975972
189 -0.0365204614182
190 -0.184608520652
191 -0.0813720908114
192 -0.169859294848
193 -0.0509308117252
194 -0.245471834947
195 -0.246931279475
196 -0.0273412163387
197 -0.302916909444
198 -0.0398508201498
199 0.0901201988573
200 0.106291502776
201 -0.0405135787531
202 -0.0229900811774
203 0.252045967427
204 0.186868349395
205 0.321779933014
206 0.330095312689
207 0.164836003758
208 0.214569827771
209 0.0545030300121
210 0.0879349159808
211 -0.0984646485012
212 0.357510484605
213 -0.0843460587789
214 -0.18597946114
215 -0.0303512389252
216 0.00758687723743
217 -0.131963967924
218 0.102404474403
219 0.183523154843
220 0.129668708173
221 0.322516375938
222 0.447241756417
223 0.0641638275994
224 0.000129585389345
225 0.260406113189
226 0.306650163259
227 0.192151355145
228 0.128695298351
229 0.300478544364
230 0.329602508739
231 0.202295179891
232 0.374824793618
233 0.517836148765
234 0.536887764922
235 0.263888876944
236 0.149689348421
237 0.229163757395
238 0.58955433343
239 0.709416801666
240 0.0805573681403
241 0.364833539788
242 0.498589828255
243 0.488962779077
244 0.267826872893
245 0.443818285706
246 0.449866132521
247 0.821085009101
248 0.853914924439
249 1.03948443554
250 0.690231074988
251 1.19335290645
252 1.59295456134
253 1.99547081917
254 1.89153399648
255 1.94865050533
256 2.16554173742
257 2.75322938987
258 2.19995218475
259 2.71867599776
260 2.65554983561
261 2.74364418018
262 2.74072200381
263 3.0065224412
264 2.76664666665
265 2.47788916519
266 2.63636629283
267 2.64694097247
268 2.71774642522
269 2.39055101132
270 2.97877361044
271 2.70850352629
272 2.97265924391
273 2.55508303836
274 2.38945204811
275 2.22151789568
276 2.44644325982
277 2.32056331956
278 1.9653372081
279 2.13253817528
280 2.28168160444
281 2.11161277517
282 2.70227971631
283 2.53508553942
284 2.60363569082
285 2.82874334135
286 2.89275305466
287 2.74363290743
288 2.71928982861
289 3.10813860313
290 3.20755964537
291 3.71212080391
292 3.50405008034
293 3.62772840894
294 3.6408211774
295 3.23247233446
296 3.48450087055
297 3.63135416157
298 4.45511925292
299 4.04057082515
300 4.58712739404
301 4.86391352939
302 4.99317601163
303 3.94944442375
304 3.64255293149
305 3.56349091648
306 3.78922066365
307 3.72092990371
308 3.71985247499
309 3.63318838666
310 3.66869050014
311 4.0770070979
312 4.17083930623
313 3.60568298739
314 3.52201470886
315 3.71535508793
316 3.43506223577
317 3.34957870425
318 2.88128312163
319 3.08833947508
320 2.89260099092
321 3.03771412256
322 2.50253943867
323 2.79792845333
324 2.79305132281
325 2.72513035948
326 2.9083720229
327 2.82162252679
328 2.64118949754
329 2.52933034781
330 2.22539372564
331 2.19047077715
332 2.39539195437
333 2.09743033125
334 2.35304178613
335 2.63868655222
336 1.75644989687
337 1.94553462932
338 2.09466998879
339 2.57344349501
340 2.99224565966
341 3.41351527062
342 2.89941273582
343 3.22974871807
344 2.96469088792
345 3.37237623794
346 3.34292135497
347 3.08138289868
348 2.94994148033
349 3.16422670455
350 3.58927433414
351 3.14418558505
352 2.85358621602
353 2.97131747491
354 3.13696925334
355 3.6125428493
356 3.56164678834
357 2.84392579304
358 2.88132148504
359 2.600211436
360 2.9607504633
361 2.7650256142
362 3.09787823783
363 3.00003963435
364 3.02321429469
365 3.28334820169
366 3.35002203936
367 3.83750578552
368 3.03827605254
369 3.21756130225
370 3.33471805603
371 3.31942373239
372 3.20249596994
373 2.62372583479
374 2.71296870793
375 2.84635550225
376 2.8777687844
377 2.96781978153
378 2.73424602384
379 2.72421212311
380 3.09951948621
381 3.1433376097
382 2.69285423811
383 2.54789869888
384 2.56562196338
385 2.71571948712
386 2.62126575136
387 2.44952668879
388 2.32807452892
389 2.43801509418
390 2.47372714872
391 2.06628825767
392 2.41999731877
393 2.12787715637
394 2.44169974828
395 2.02367118681
396 1.5504018006
397 1.83789828922
398 1.97778148604
399 2.08151540444
400 2.35088473
401 2.58860721957
402 2.29795519531
403 2.25030968952
404 1.85371131335
405 2.05987142853
406 2.72888095676
407 2.17588013083
408 2.16520153837
409 1.99579440561
410 1.89458874236
411 1.72254618838
412 1.7458077774
413 1.63576513911
414 1.98262085567
415 2.08543977484
416 2.17820877613
417 2.31821556184
418 2.17109579024
419 2.42577235825
420 2.03487778676
421 2.11150807936
422 2.17188690063
423 1.55835433898
424 1.71770717895
425 1.94441182739
426 1.63218733151
427 2.05817059971
428 2.08279687408
429 2.12151356731
430 2.14650393739
431 2.18631840248
432 2.33558738182
433 2.26177341802
434 2.0335616269
435 1.9073966727
436 1.87745050229
437 1.87260307439
438 1.78512779298
439 1.68965980499
440 2.14609144866
441 1.83189408153
442 1.69731461158
443 1.85915345863
444 1.40262301169
445 2.08444840353
446 2.22858162699
447 2.53203424471
448 2.43791698187
449 2.89894981854
450 2.59442789532
451 2.83009168309
452 3.11809465229
453 2.68252167514
454 2.68968929507
455 3.33171110879
456 3.09469587915
457 2.8454105514
458 3.43704587858
459 2.79128127793
460 2.63066146776
461 3.03697358518
462 2.7398298408
463 3.0379530412
464 3.33099933626
465 3.1912020412
466 2.63496304298
467 3.29689992105
468 3.12020556702
469 2.91132780997
470 2.71174438385
471 2.51602596343
472 2.07365686184
473 1.98897177317
474 1.88550224358
475 2.11079656125
476 2.3464657492
477 2.13118937081
478 1.64022101354
479 1.62925165998
480 2.05165559769
481 2.00658030949
482 1.99168756289
483 2.42223032515
484 2.1261062248
485 2.2495278986
486 2.06541498813
487 2.03845170066
488 2.50999928003
489 2.31534029517
490 2.62786432038
491 2.58834060745
492 3.05140243472
493 2.63473596413
494 2.82944193867
495 2.32891792456
496 2.88755791003
497 3.37432932419
498 3.1632877846
499 2.71543163214
500 3.00708406546
501 3.11883057487
502 2.76964292737
503 2.92091218928
504 3.12637748964
505 2.8329555079
506 2.82037758402
507 2.63422806909
508 3.3937874152
509 3.29290989198
510 2.96972022218
511 3.94088855341
512 4.08298593006
513 3.64382680939
514 3.87835337196
515 4.49878774092
516 4.122906402
517 4.13873080799
518 4.42079804954
519 3.49472951949
520 3.93241869058
521 3.77208332939
522 3.77230214838
523 3.34305642521
524 3.28612657546
525 3.47794030164
526 3.13470743139
527 3.35964900137
528 2.87504717013
529 3.02864251153
530 3.199653954
531 3.22470034464
532 3.78274282533
533 3.61372654548
534 3.40409224259
535 3.02228633169
536 3.20374388069
537 3.1323097712
538 3.16224114924
539 3.16369584323
540 3.77442465426
541 3.83742010233
542 3.83450587
543 4.4290639624
544 4.40036819537
545 3.84496679554
546 4.0235947272
547 3.89461433718
548 4.54774213286
549 4.08999886097
550 4.53341027346
551 5.21901941198
552 5.3056337819
553 5.186419078
554 5.24846852538
555 6.81313700118
556 6.66341021206
557 6.39393456651
558 5.9540003426
559 5.53841269534
560 5.49804243189
561 5.13673533324
562 4.86610914937
563 5.06514542199
564 4.93826922096
565 4.74575842363
566 4.61057196758
567 4.40153531244
568 5.13532011558
569 4.55555741713
570 4.63786147622
571 4.56184938906
572 4.13455290096
573 3.9883192298
574 4.85534871985
575 5.67082929049
576 4.92257776017
577 5.10259435
578 4.45529691285
579 5.48286120596
580 5.12387761882
581 5.90085608277
582 5.15871935682
583 4.9439451553
584 5.45348104025
585 5.35179831708
586 5.61240164157
587 5.75195411503
588 5.20190046514
589 5.03904765561
590 5.68743761995
591 6.25956570899
592 6.21660561991
593 5.61227780083
594 5.08297981849
595 5.40966258125
596 4.85607882882
597 4.91605687945
598 5.21140020689
599 5.62859818623
600 6.07493557744
601 6.09331528827
602 6.08196825785
603 6.1986311227
604 6.45838769233
605 6.28767023535
606 6.34651657767
607 6.69589198805
608 6.83583131642
609 6.83850939402
610 7.17841827713
611 7.21697710062
612 7.07689904868
613 6.48674609776
614 6.00999256673
615 6.21565720062
616 6.27821644989
617 6.40135309978
618 6.51517282216
619 6.96696696273
620 6.82622909127
621 7.03514314725
622 7.23017745949
623 6.38670772088
624 6.44662697313
625 6.48554025467
626 5.97301219956
627 6.26350652707
628 6.39336056249
629 6.54197746748
630 7.36255612305
631 7.15627656841
632 7.28964396741
633 7.23149313962
634 7.50665132772
635 7.17441321347
636 7.33889641409
637 6.83044220204
638 6.58716127874
639 5.86792405934
640 6.30901577089
641 6.88711570759
642 6.38236500408
643 6.05483915367
644 6.20148826266
645 6.41179942846
646 6.37412988292
647 6.09282498571
648 6.26945451687
649 6.63854808097
650 6.83610839243
651 6.31196468891
652 5.87757188243
653 6.38562978238
654 5.88003831189
655 5.93127552203
656 5.87665759629
657 5.5892666037
658 5.45152349962
659 5.99217121475
660 5.73025144352
661 6.43432238935
662 6.26424255916
663 6.34107297395
664 5.75961464581
665 5.90479183592
666 6.21493989666
667 5.81779027065
668 5.84168891865
669 6.05067835217
670 5.60911789084
671 5.32655565167
672 5.48834576863
673 5.84120059608
674 6.0861668402
675 5.93085396526
676 5.91243235561
677 6.41454522909
678 6.73363388851
679 6.95094512332
680 6.91215407148
681 7.03204341105
682 7.23660930751
683 7.18962810272
684 6.65266658643
685 7.12621853343
686 6.88815861347
687 6.70119498537
688 6.63684530757
689 6.84051948798
690 6.52081130022
691 7.16000822692
692 7.06279716482
693 6.95518308876
694 6.59382404515
695 7.05664659781
696 6.70869268997
697 6.45225357183
698 7.06013101625
699 6.34134858208
700 6.73289143513
701 6.45922035018
702 6.73041608879
703 6.34528335232
704 6.46602766182
705 6.94832993226
706 6.81550281355
707 6.7043615495
708 6.90300995147
709 6.97481584465
710 6.5450707542
711 6.20733265514
712 5.75745978327
713 6.16368289911
714 6.15008692689
715 5.957619714
716 6.18867692526
717 5.93080268603
718 5.67879073292
719 5.73190710764
720 5.92806449812
721 6.25215478451
722 6.50093879787
723 5.97889578247
724 6.17241574894
725 6.14879985775
726 5.75646223301
727 5.69351768157
728 6.0250300919
729 6.09338015883
730 5.53496125828
731 5.43790876017
732 5.57770348577
733 6.06179696817
734 6.38875925336
735 6.59300907445
736 6.60457477126
737 6.72856828295
738 6.65538029137
739 7.03557154634
740 6.89872998509
741 7.07566945924
742 7.58003748492
743 7.66817026527
744 8.09379048021
745 7.80940300933
746 7.97709449192
747 8.20459333009
748 8.10949809863
749 7.89306585702
750 7.82364430344
751 7.88700810673
752 7.75575486863
753 7.00149712975
754 7.05445474457
755 7.96290119702
756 8.15025902042
757 7.84787112092
758 7.98117030478
759 7.82028888002
760 7.78753916982
761 7.81754770941
762 7.48051723356
763 7.49786020959
764 7.83007898828
765 7.91453591663
766 7.55015667308
767 7.33690299589
768 7.061000456
769 6.98829239487
770 6.94879208655
771 6.55772084298
772 6.94036752594
773 6.79814410128
774 7.10361009338
775 7.32074364617
776 7.08221235445
777 7.01217775744
778 7.19749468864
779 6.99803282393
780 7.10695091856
781 7.18482666729
782 7.15448346627
783 7.01277534271
784 6.91010723514
785 6.9367446809
786 6.22607089951
787 6.20761986345
788 6.34532051435
789 6.30740303802
790 6.59725910014
791 6.84495061063
792 6.80486773382
793 6.88710479771
794 7.37518811754
795 7.54982752719
796 7.73574379561
797 7.44672878844
798 7.38444659876
799 7.16672702742
800 7.14596845581
801 7.52861753007
802 7.69786423837
803 7.23448692183
804 7.44120739636
805 7.59631558818
806 7.3321704082
807 7.17524240584
808 7.42544111439
809 7.22207061
810 7.39471353003
811 7.51514532352
812 7.09287875169
813 7.35697131549
814 7.05069342723
815 7.42370105345
816 7.77967282752
817 7.63805382645
818 7.41910717011
819 7.38610565802
820 7.68731623249
821 7.82021771217
822 7.75048071886
823 7.5266128263
824 7.38261580276
825 7.73268660585
826 7.81872795339
827 8.31895809037
828 7.89705483295
829 7.93770697083
830 7.88354236416
831 7.86098151465
832 7.95522972677
833 7.80075544841
834 7.71428465048
835 7.75349892862
836 7.64009110237
837 8.37362069551
838 7.92993066517
839 7.86219652766
840 7.70647577969
841 7.90521766616
842 7.9505427816
843 7.69792252754
844 7.89315829649
845 7.69118995241
846 8.0332042896
847 7.63296348735
848 7.88281320483
849 7.92127524475
850 7.84485896233
851 8.10538277005
852 8.25293109717
853 8.34012842901
854 8.68858609935
855 8.33487818372
856 8.55841293986
857 8.90313064106
858 8.53676301716
859 8.94658834928
860 8.8737334578
861 8.82719837804
862 8.40170156652
863 8.36528682994
864 8.44017154355
865 8.17470686312
866 8.42748227444
867 8.34294913679
868 8.35076662199
869 8.42004618705
870 8.7399834703
871 8.95921917225
872 8.56570066842
873 8.2047767486
874 8.57303063193
875 8.86032342795
876 9.00055375414
877 8.67725694374
878 8.97488844709
879 8.87453494857
880 8.52512677406
881 8.65850609878
882 8.76453957652
883 9.15028733069
884 8.85779158383
885 9.07727520391
886 9.20301407466
887 9.78034389937
888 9.42561987645
889 9.53328559201
890 9.84837633654
891 10.1832671205
892 10.3341552959
893 10.975226923
894 11.2591863003
895 11.2476221933
896 10.7416989004
897 11.4283159097
898 11.3890505478
899 11.2963762774
900 10.8596210629
901 11.1117386103
902 10.8472664363
903 10.8616701776
904 10.7422805849
905 10.5574885025
906 10.8915052667
907 11.1271575264
908 11.3085545178
909 10.4482784429
910 10.3272516495
911 10.1764040543
912 10.8431095128
913 11.2281041523
914 11.5758674132
915 11.8445511888
916 12.0789203462
917 11.9512936997
918 11.7050847281
919 11.7089831324
920 11.6461657674
921 11.5798016981
922 12.1250348627
923 12.0304205269
924 12.7053152146
925 12.8368148164
926 12.5962101485
927 12.2925789136
928 12.7417200257
929 13.0823238956
930 12.8662643844
931 13.3336368838
932 13.2360046301
933 13.4950729036
934 13.5132884813
935 13.8434461593
936 14.0794331379
937 13.6397610768
938 12.8575958022
939 12.5993191211
940 13.2800554822
941 13.2207347808
942 12.5847329272
943 12.6472334218
944 12.8741794599
945 13.122710747
946 12.8347054785
947 13.1492324629
948 13.4875156312
949 13.8580097382
950 14.1213034926
951 13.8996931047
952 14.2655669989
953 14.2404084499
954 14.3365126904
955 14.3778666437
956 14.7095587981
957 14.6492954983
958 14.5620383424
959 14.7788165364
960 14.9738786477
961 14.7055420244
962 15.4300084331
963 14.9470809358
964 15.0110580078
965 14.7036402903
966 15.3731561425
967 15.6816175843
968 15.4935292038
969 14.8706376142
970 15.1952687789
971 16.0897037491
972 16.312427268
973 16.1061839547
974 16.1224858424
975 16.3221552343
976 16.4700997698
977 16.3539436787
978 16.5184896856
979 16.6655543074
980 16.4846884391
981 16.4882193434
982 16.1608320724
983 16.3838767062
984 16.8289535877
985 17.2558535565
986 17.4444485871
987 17.0709468766
988 17.2288673639
989 17.1778761135
990 17.1293759171
991 17.0668895655
992 17.0965634992
993 17.2639507119
994 17.6361524019
995 17.5547158103
996 17.3486458476
997 17.1802047496
998 16.7812330162
999 16.3180091764
