0 0.0
1 0.0665910985052
2 0.214887658935
3 -0.0704128265809
4 0.0917479814876
5 0.233178460624
6 0.327670742925
7 0.375547239043
8 0.185275329805
9 0.415018080278
10 0.24797604723
11 0.272828933762
12 0.1614471606
13 0.190963652367
14 0.305307894841
15 0.260564146628
16 0.337811847367
17 0.312583447656
18 -0.0146953419385
19 0.159084234394
20 0.147369378536
21 0.0284334252213
22 0.196612525572
23 0.165030829408
24 -0.0340938253172
25 -0.223380712549
26 -0.0114868355531
27 -0.111438777941
28 0.328635139979
29 -0.20328856203
30 0.0992426833942
31 0.272551571025
32 0.369600055702
33 0.367179994213
34 0.476952013443
35 0.162953354744
36 0.227986173807
37 0.422559222372
38 0.325683030624
39 0.446866899167
40 0.233074865549
41 0.626235801315
42 0.340319128938
43 0.149997723756
44 0.132132224312
45 0.233242157938
46 0.40705246732
47 0.269092475235
48 0.132775227634
49 0.235439787684
50 0.167701590498
51 0.117842066733
52 0.136361670868
53 0.397173898103
54 0.157815490419
55 0.242773849922
56 -0.0195814264108
57 0.0269688015992
58 0.303964949981
59 0.115378336042
60 0.290537914777
61 0.358386828037
62 0.262822523207
63 0.182248141417
64 0.308781865863
65 0.0943260539817
66 0.0831592019915
67 0.177471975064
68 0.331602447068
69 0.111447779474
70 0.118745202259
71 0.15987616049
72 0.514973105177
73 0.277626689063
74 0.288640139897
75 0.418054834285
76 0.13269230258
77 0.267164086537
78 0.65114245825
79 0.672844212933
80 0.786151913084
81 0.665524668608
82 0.722753961421
83 0.796214471968
84 0.731476045007
85 0.789678939415
86 0.757807187277
87 0.631896793055
88 0.748880134534
89 0.513851271552
90 0.724777543873
91 0.630849838006
92 0.94372551444
93 0.81757784382
94 0.606389052627
95 1.09469666668
96 1.30494593811
97 1.05283990007
98 1.35689823813
99 0.765302099586
100 1.24597626597
101 0.990556932903
102 1.13889742912
103 0.939454519923
104 0.956276402651
105 1.21425846743
106 0.974481932338
107 1.18028009126
108 1.14964487038
109 0.991391107671
110 1.04684304154
111 0.790859636676
112 0.978057073497
113 1.20383288159
114 0.638922743927
115 0.771691800501
116 0.86283033327
117 1.06243109637
118 1.13513964728
119 1.16967289432
120 1.1195823988
121 1.01571117452
122 1.19486443501
123 0.989729137965
124 0.927658916719
125 1.18410254642
126 1.19171047941
127 1.00353061294
128 0.929285584238
129 0.913821707121
130 1.02478968841
131 1.09903545955
132 1.10035622268
133 1.38208657524
134 1.23844490438
135 1.47306563339
136 1.29097954741
137 0.993853430071
138 1.12916322908
139 1.07353679063
140 1.20711879884
141 1.45080149687
142 1.74952451089
143 1.67893580584
144 1.76988151823
145 1.83371861068
146 1.57469921111
147 1.6810691678
148 1.75397000436
149 1.40701252616
150 1.14414456088
151 1.31476611913
152 1.56339027913
153 1.71568391525
154 1.8914682202
155 1.96259167397
156 2.12484457444
157 1.8665627175
158 2.26377028348
159 2.17215648872
160 2.14714813952
161 1.7875022402
162 1.86150134879
163 1.90755473325
164 1.73432604781
165 2.1329855651
166 2.02522328593
167 2.06322331933
168 2.13072302198
169 1.77860710223
170 2.34484930183
171 2.29548211481
172 1.79360294405
173 2.03831382966
174 1.83649156758
175 1.89557840337
176 1.92124693962
177 2.1507256598
178 1.95896408188
179 2.18220487664
180 1.9256140421
181 2.10472617068
182 1.95645710066
183 1.81800933987
184 1.94597965586
185 1.79302983452
186 1.96723272107
187 2.04892050566
188 1.74443260955
189 1.84763196684
190 1.52773712885
191 1.78546297068
192 1.76409391085
193 1.97345398857
194 1.64918632354
195 1.9260757993
196 2.06222861315
197 2.09304666692
198 1.93500109659
199 2.26235736556
200 1.80623012093
201 1.89650982795
202 1.93549371999
203 1.92319909701
204 2.15559232155
205 2.34285151811
206 1.922771439
207 1.96773518558
208 2.0611902758
209 1.7859376708
210 2.16216468281
211 2.17075311255
212 1.81570921232
213 1.79848086302
214 2.05696958763
215 1.67831551039
216 1.68890898641
217 2.20180168112
218 2.01729742682
219 1.84231149764
220 1.81641793435
221 1.77448804124
222 1.91423038764
223 1.61044757591
224 2.1106077979
225 2.02212555084
226 2.09215020173
227 2.1775362383
228 2.53246341851
229 2.27943690156
230 1.90352344026
231 2.12607403145
232 1.93457157312
233 2.26155774379
234 2.3085433946
235 2.63810305927
236 2.36903990352
237 2.00174989943
238 1.92309395883
239 2.2898494458
240 2.13113599503
241 2.55390390984
242 2.57511243534
243 2.34898557227
244 2.51245069839
245 2.80840436132
246 2.36303893381
247 2.36516527618
248 3.00196121784
249 2.81841688047
250 2.90938602268
251 1.90019976231
252 2.36278290987
253 2.46997567804
254 2.46965401217
255 2.26764007322
256 2.35684259134
257 1.97239577598
258 2.00804451419
259 1.99825925204
260 2.07646789314
261 1.80298757386
262 1.8273828482
263 1.7198601593
264 1.87021655913
265 2.22521697483
266 1.93764504043
267 2.34091040236
268 2.05396914738
269 2.15471901741
270 2.14683621318
271 2.68603775968
272 2.29695760973
273 2.81959766689
274 2.65778885408
275 1.93725459046
276 2.28669086106
277 2.48749088383
278 2.32779566936
279 2.17220569397
280 2.34620086944
281 2.44505774248
282 2.31649682871
283 2.29893090896
284 2.35710117297
285 2.79362480344
286 3.0900699563
287 2.86252150304
288 3.22079710018
289 3.00057570783
290 2.88812650103
291 2.94930225331
292 2.84815612878
293 3.11619873278
294 2.66985566492
295 3.0355136388
296 2.76238709515
297 2.83090785952
298 2.85831750623
299 3.08749228431
300 2.78378199474
301 2.8974267033
302 2.84201946141
303 3.0604249014
304 3.00131934981
305 2.69857714094
306 2.72394896864
307 2.97098135991
308 2.6097280813
309 2.26255521705
310 2.34660287662
311 2.40817149376
312 2.33506883697
313 2.80682077645
314 2.18736322626
315 2.30130614938
316 2.49135374224
317 2.36686513573
318 2.2419460463
319 1.75976079506
320 1.84272510884
321 2.35237573075
322 1.83754917573
323 1.84907256087
324 2.33304599088
325 2.44618267073
326 1.82273757059
327 1.84286887469
328 1.74927252885
329 1.53777384433
330 1.54131058134
331 1.65580373671
332 1.73700367855
333 1.29949639267
334 1.64768794426
335 1.81304450643
336 2.12587764389
337 2.28230052406
338 1.97811658378
339 2.43158391319
340 2.30894531463
341 2.28949398953
342 2.10437331089
343 1.85048278883
344 1.73140757115
345 1.76856841961
346 1.96267172519
347 2.2740764274
348 2.30699955118
349 2.26757842337
350 2.49336508388
351 2.39665738066
352 2.43243488723
353 2.7281771615
354 2.71959420418
355 2.60154376655
356 2.30342905789
357 2.90760800377
358 2.68781003993
359 2.09020385976
360 2.13557182135
361 1.91211152185
362 2.43527179665
363 2.70372199823
364 2.68691826744
365 2.44602337524
366 2.46124855414
367 2.49392681188
368 2.4142689358
369 1.82881507801
370 1.84744282493
371 2.32577161699
372 2.28960900365
373 2.14562598206
374 2.13754520252
375 2.2479592366
376 2.42514408953
377 2.78499983101
378 3.19852390291
379 3.56847347402
380 3.09124991445
381 3.67635964685
382 3.37850440576
383 3.29314314845
384 3.3863425555
385 3.56713701625
386 3.74273574782
387 3.88344536013
388 3.98815256089
389 4.01020670916
390 3.56306781901
391 3.41690151804
392 3.70634146727
393 3.8208704588
394 3.50278941619
395 3.48988047827
396 3.80793109919
397 3.83867174928
398 3.56565461381
399 3.68012019516
400 3.64284798563
401 4.10652616979
402 3.93586531008
403 4.22200105185
404 4.30749424464
405 4.01142870102
406 3.96113444322
407 4.3732209252
408 4.48268303358
409 4.45550476824
410 4.52048255938
411 4.75585058531
412 4.40743905422
413 5.08005868907
414 4.92749844659
415 4.98278977215
416 5.25655950595
417 4.84460945198
418 4.6915613409
419 4.97251286521
420 4.90758948607
421 5.29040716397
422 5.39525347368
423 5.53763959721
424 5.70568435448
425 5.41281714141
426 5.27556474782
427 5.56000254628
428 5.79611298116
429 6.15111370849
430 6.21202116887
431 5.73975841081
432 5.42394112005
433 5.77006479233
434 5.78140361223
435 5.85400734334
436 5.795676019
437 5.68800586585
438 5.89236967197
439 5.42463153369
440 5.58602737465
441 5.559879519
442 5.37278162603
443 5.55886944808
444 5.3280045774
445 4.97177930861
446 5.09780557775
447 5.08167621954
448 4.64039409472
449 4.6240604916
450 4.7230921209
451 4.13479028434
452 3.9502584881
453 4.35079706983
454 4.46044131658
455 4.76072789111
456 4.54664797886
457 4.74245582868
458 4.45057163475
459 4.47961668366
460 4.01322456267
461 3.98925630733
462 3.69597256443
463 3.45043072959
464 4.18043820415
465 4.60856482992
466 4.59366629015
467 4.50740550609
468 4.1273727441
469 4.28489368958
470 4.32838265247
471 4.52819698014
472 4.65691588958
473 4.16551745069
474 4.23177367806
475 4.13021885844
476 4.17027222533
477 4.44649023844
478 4.35925156234
479 3.59564490215
480 3.69587162471
481 3.64494554287
482 3.70848203396
483 4.03405264196
484 3.96802045853
485 4.54530394557
486 4.27973731369
487 3.96160257295
488 3.95106500887
489 3.85103111139
490 3.60236402493
491 3.54480621175
492 3.60770346002
493 4.26290093921
494 4.00031883594
495 3.78522903596
496 3.29373677541
497 3.42551586327
498 3.4806705717
499 3.44691826785
500 3.78242601908
501 3.75422842516
502 4.00019664199
503 3.60509762772
504 3.47999943526
505 3.77899317349
506 4.09860794242
507 4.32019997616
508 4.02031588095
509 4.02787290365
510 4.05451148481
511 3.83706518801
512 3.96074663734
513 3.79379437267
514 3.37275176604
515 3.63052117152
516 3.67314133066
517 3.92205059006
518 3.44843914423
519 3.81416166936
520 3.25087765701
521 3.14071474392
522 3.35483366255
523 3.75153366934
524 3.57598460079
525 3.48105363247
526 3.95254884667
527 3.85443138166
528 3.91004042476
529 4.24582486333
530 4.58833824004
531 4.81430480923
532 4.41565527918
533 4.52069763488
534 4.61285550897
535 4.66604121585
536 4.76963349195
537 5.3592231098
538 4.7091890399
539 4.51156425669
540 4.48798586287
541 4.14163034672
542 4.16357633512
543 3.97976603587
544 4.07583168361
545 4.07863450649
546 3.97052494866
547 3.64314612573
548 3.27853776672
549 2.83138879339
550 3.11801602587
551 2.83863148225
552 2.78048265706
553 3.25156695293
554 3.34344556923
555 2.96106814776
556 3.09893056814
557 3.07921069132
558 2.68745688649
559 3.06550438998
560 2.53410097367
561 2.65130882917
562 2.66120493283
563 2.95357211149
564 3.1466736777
565 2.75261587969
566 2.33793866083
567 2.6937027623
568 2.17360052125
569 2.18101015726
570 3.08235265447
571 2.81450809856
572 2.94464184281
573 2.90775479437
574 3.00450293048
575 3.16697412255
576 3.5020591816
577 2.94953417886
578 3.18584531791
579 3.22914204705
580 3.08507347632
581 3.00040405614
582 3.36762522091
583 2.92838555784
584 2.83964427469
585 2.91523431381
586 3.25292123042
587 3.41597174141
588 3.27802830302
589 2.9424923868
590 2.91785098963
591 3.09194449171
592 2.96154362827
593 2.75683730101
594 2.40981097645
595 2.6772519418
596 2.70056059988
597 2.74846149075
598 2.6902759255
599 2.45477472747
600 2.5621989179
601 2.41422108036
602 2.33668158975
603 1.96610989525
604 2.2419057029
605 2.52291878554
606 2.67536734639
607 2.55364674421
608 2.62455098349
609 2.65402143848
610 2.44657261194
611 2.90627751062
612 3.1308763311
613 3.07499492799
614 2.63414024843
615 2.95306397584
616 2.5964481863
617 2.29158033173
618 2.24392157831
619 2.26699739821
620 2.22842508582
621 2.58635960075
622 2.2712797141
623 2.15436071719
624 2.49279225027
625 2.09780932553
626 2.22150906946
627 2.14823681015
628 1.76541064222
629 1.86764002076
630 2.05093961499
631 2.38589877628
632 2.43223690139
633 1.87118819706
634 2.26018106314
635 2.56898462821
636 2.44943564806
637 2.367348202
638 2.97995045087
639 2.77489953882
640 3.05752309008
641 2.26851598024
642 2.12439562509
643 2.09984268291
644 2.56565988774
645 2.13405277531
646 2.69879375268
647 2.07808248448
648 2.60239165265
649 2.70486437016
650 2.68438049913
651 2.48942665035
652 2.28530906263
653 2.18808933106
654 2.21124002436
655 2.4970198847
656 2.44248696104
657 1.88103783915
658 1.92105034938
659 2.09129562889
660 2.2951488082
661 2.38317529864
662 2.41339267968
663 2.35491340628
664 2.81683367511
665 2.68307400062
666 2.85672137912
667 2.82506734917
668 2.3033532066
669 2.2284244135
670 2.38266171008
671 2.74610769871
672 3.06517967857
673 2.54632460658
674 2.85809910929
675 2.71992110503
676 2.51278287351
677 2.65389205401
678 2.70145617265
679 2.79209246499
680 2.34344979781
681 2.60864307943
682 2.77477141285
683 2.83270026699
684 2.63884629039
685 2.80217955901
686 3.04943241366
687 2.75559791036
688 2.65033987837
689 2.96179718297
690 3.0027711613
691 3.34765651562
692 2.93884223665
693 2.96939445421
694 3.31884701822
695 3.50437912578
696 2.93428801045
697 3.52418663312
698 3.79957368179
699 3.67521231438
700 4.16082118535
701 3.89770991658
702 3.74471389748
703 4.08302891127
704 4.02741227148
705 3.24101087006
706 3.45945346258
707 2.86217628138
708 2.54522740481
709 2.57446828019
710 2.93327844981
711 2.30064414629
712 2.88107802826
713 2.84787265662
714 3.29600188293
715 2.94830739183
716 2.60998438639
717 2.90328607942
718 3.07768149258
719 2.87152323134
720 2.91017478448
721 3.13806285443
722 3.07630410212
723 2.98870854169
724 3.25422910519
725 2.42450236708
726 2.34972375675
727 1.95544750315
728 2.59149424173
729 3.10839454746
730 2.93535495294
731 2.31657047969
732 2.41330110774
733 2.46821561586
734 2.88539652919
735 3.15730240379
736 2.81062191838
737 2.65660070961
738 2.74012569299
739 2.32107380585
740 3.02148435762
741 2.84349593427
742 2.69850705426
743 2.94383937752
744 3.17364210453
745 3.48243692636
746 3.8250263852
747 3.57671402101
748 3.14298294326
749 3.2505687722
750 3.45552710606
751 3.28981802102
752 3.31041657889
753 3.3189214278
754 3.28180125948
755 3.34010342935
756 3.37726762015
757 3.05678612082
758 3.01019129343
759 3.35488285192
760 2.97977006121
761 3.31979783192
762 3.19448036511
763 3.19913086812
764 3.09185954289
765 3.01535825073
766 3.28340465097
767 3.21351892023
768 2.6245469288
769 2.38373513913
770 2.26062711879
771 2.79967032388
772 2.90437538903
773 2.90624979494
774 2.79239302238
775 3.12105924744
776 3.05011027284
777 3.205876797
778 2.66275551883
779 3.0103069586
780 3.36769324529
781 3.29359999223
782 3.05585875604
783 3.74896655656
784 3.66741134443
785 3.85909203641
786 3.84854438326
787 3.84332396557
788 3.09616174562
789 2.76864880722
790 3.15195779283
791 2.94445348668
792 3.32491574599
793 3.36505305009
794 3.0531741123
795 2.96882896559
796 2.75380769951
797 2.76555256042
798 2.65997309888
799 3.11802715337
800 3.33877409199
801 2.87667261947
802 2.8673336107
803 3.24422315859
804 2.83955926326
805 2.896652166
806 2.51480080538
807 2.55453694377
808 2.89355606885
809 2.66638029161
810 3.01873712753
811 2.79227969731
812 3.22357137255
813 3.07601868931
814 3.21659275019
815 3.30562818877
816 3.29433807223
817 3.32248383188
818 3.31212043147
819 3.13026966937
820 2.63913810803
821 2.5695579099
822 2.81683682859
823 2.71823771713
824 2.59670672808
825 3.29494271635
826 3.41595712924
827 3.87887106269
828 3.1759219787
829 3.29801407828
830 3.16904726368
831 3.08392306217
832 3.3224921103
833 3.95883298518
834 3.65974382967
835 3.83755644193
836 3.82607375976
837 3.97370522651
838 3.55266045989
839 3.73626749377
840 3.81409866018
841 3.83451764708
842 3.92868215239
843 3.83831795294
844 3.02266687533
845 3.94112803196
846 3.53850794431
847 3.46790480774
848 3.52899888326
849 3.593626108
850 3.9449738225
851 4.06517482495
852 3.62238279724
853 2.93378147516
854 3.09411061822
855 3.05039828927
856 2.85322629563
857 3.37224326942
858 3.32924851339
859 3.32023212422
860 3.25230031284
861 3.6214700205
862 3.67744591523
863 3.98240339709
864 3.92863082427
865 3.98976664778
866 3.95354055616
867 3.65669280773
868 3.62544196376
869 4.05480093429
870 3.99363194835
871 3.94184924156
872 3.3251368113
873 3.15296497547
874 3.58296144787
875 3.44305118171
876 3.51779176874
877 4.02416887596
878 3.74057025195
879 2.8191305717
880 2.920275488
881 3.00793343189
882 3.52897936928
883 3.46631336482
884 3.13290661992
885 3.3002823354
886 2.71289297823
887 2.83379913927
888 3.13438250348
889 2.61555142713
890 3.03874768917
891 3.29781887349
892 3.57470663605
893 4.19780847509
894 4.28937559612
895 4.93026776754
896 4.57893243419
897 4.97081820913
898 4.5828593594
899 4.81871762135
900 5.07709195179
901 5.01522969147
902 4.55236724383
903 4.51008275669
904 4.30013058443
905 3.98622849459
906 4.89836363906
907 4.90790259527
908 4.99995102519
909 4.8746126134
910 4.51282162143
911 4.59099174335
912 4.03111199551
913 4.59925728982
914 4.65988940841
915 4.83373245472
916 4.19397784064
917 4.80343172616
918 4.92741732619
919 4.89723134871
920 4.72544590451
921 4.75978130757
922 5.35556844809
923 5.91787833242
924 5.46108147585
925 5.06489660438
926 5.18571033265
927 4.85484788241
928 5.28032793918
929 4.92282888513
930 4.60741131162
931 4.68769345825
932 4.56872320308
933 4.55076401703
934 4.18099783587
935 4.40086673163
936 4.46319128835
937 4.81453516029
938 4.74543946362
939 5.26147680417
940 5.17525461666
941 4.74356733587
942 5.5714423531
943 5.44719202752
944 5.42824684523
945 5.26912998704
946 5.21171497581
947 5.3221109112
948 4.76016428965
949 4.81284165915
950 4.96234871902
951 5.07635674456
952 4.72861976296
953 4.4398703321
954 4.69915191121
955 4.92315005481
956 4.92097631177
957 4.72114461279
958 4.6454491366
959 4.56088782343
960 4.92354046076
961 4.61298327342
962 4.16297136159
963 4.61424085272
964 5.39313474345
965 5.43891842992
966 4.69136162925
967 5.04215569413
968 5.26935685007
969 4.68132324376
970 4.6563448936
971 4.7760964394
972 5.19145027957
973 5.15847367322
974 5.35655639665
975 4.93451622248
976 4.73093258243
977 4.98463148754
978 5.22709214245
979 5.22282907853
980 5.12497781034
981 4.8864500581
982 5.76208868513
983 5.59633918389
984 5.42040860801
985 5.33476549176
986 5.30107706969
987 5.61058466034
988 5.84886153733
989 5.28474121547
990 5.84712643965
991 5.63749020859
992 5.36879558648
993 5.54573753404
994 5.41786207032
995 5.84819204405
996 5.46066169899
997 5.2834157613
998 5.45955282232
999 5.10052421395
