1005000 698.264
1012500 685.312
1020000 532.615
1027500 635.548
1035000 590.788
1042500 465.615
1050000 587.13
1057500 602.802
1065000 544.471
1072500 489.961
1080000 571.516
1087500 450.789
1095000 444.068
1102500 532.534
1110000 607.581
1117500 614.378
1125000 600.571
1132500 641.716
1140000 508.06
1147500 564.302
1155000 571.717
1162500 534.765
1170000 538.868
1177500 580.364
1185000 658.639
1192500 523.763
1200000 616.663
1207500 468.958
1215000 621.065
1222500 605.078
1230000 543.861
1237500 636.308
1245000 621.484
1252500 715.584
1260000 669.945
1267500 691.116
1275000 624.016
1282500 675.495
1290000 579.632
1297500 586.188
1305000 628.703
1312500 603.927
1320000 680.638
1327500 587.269
1335000 641.703
1342500 685.364
1350000 732.52
1357500 710.961
1365000 764.052
1372500 774.365
1380000 677.895
1387500 543.853
1395000 694.103
1402500 787.206
1410000 754.591
1417500 568.799
1425000 681.605
1432500 720.293
1440000 540.783
1447500 774.244
1455000 676.504
1462500 712.611
1470000 589.147
1477500 596.542
1485000 592.414
1492500 611.402
1500000 482.683
1507500 591.48
1515000 641.383
1522500 727.153
1530000 778.341
1537500 570.84
1545000 791.79
1552500 684.779
1560000 697.098
1567500 707.865
1575000 533.761
1582500 824.324
1590000 661.782
1597500 810.366
1605000 726.949
1612500 765.799
1620000 680.071
1627500 796.159
1635000 711.005
1642500 623.939
1650000 673.873
1657500 810.643
1665000 750.683
1672500 679.263
1680000 693.459
1687500 703.683
1695000 585.373
1702500 654.588
1710000 610.723
1717500 731.732
1725000 732.184
1732500 717.296
1740000 594.898
1747500 655.907
1755000 674.447
1762500 614.825
1770000 694.23
1777500 674.668
1785000 688.446
1792500 598.895
1800000 611.137
1807500 852.6
1815000 693.842
1822500 665.083
1830000 785.653
1837500 803.164
1845000 763.692
1852500 744.009
1860000 768.76
1867500 651.21
1875000 785.894
1882500 679.88
1890000 640.335
1897500 784.251
1905000 699.004
1912500 722.747
1920000 816.297
1927500 729.881
1935000 704.898
1942500 667.273
1950000 803.526
1957500 788.706
1965000 833.724
1972500 870.918
1980000 787.076
1987500 847.2
1995000 705.575
2002500 888.078
2010000 757.712
2017500 739.141
2025000 748.684
2032500 909.786
2040000 920.228
2047500 704.688
2055000 871.977
2062500 676.655
2070000 866.693
2077500 812.647
2085000 711.047
2092500 866.363
2100000 693.198
2107500 653.262
2115000 733.769
2122500 857.269
2130000 960.379
2137500 885.686
2145000 829.763
2152500 749.83
2160000 861.881
2167500 694.533
2175000 818.866
2182500 899.868
2190000 853.303
2197500 866.491
2205000 834.711
2212500 907.528
2220000 828.602
2227500 824.583
2235000 857.294
2242500 951.989
2250000 763.804
2257500 788.582
2265000 844.247
2272500 848.758
2280000 749.619
2287500 782.989
2295000 737.203
2302500 819.4
2310000 785.993
2317500 962.155
2325000 767.61
2332500 913.28
2340000 903.059
2347500 827.876
2355000 1082.27
2362500 1005.33
2370000 860.013
2377500 924.0
2385000 960.725
2392500 998.038
2400000 895.141
2407500 947.437
2415000 934.457
2422500 1052.47
2430000 942.666
2437500 915.599
2445000 902.753
2452500 900.567
2460000 1038.95
2467500 795.097
2475000 989.396
2482500 1068.13
2490000 1056.72
2497500 1036.12
2505000 862.326
2512500 1012.25
2520000 998.201
2527500 861.206
2535000 959.847
2542500 943.384
2550000 1036.6
2557500 997.125
2565000 1040.32
2572500 1014.33
2580000 1008.4
2587500 916.84
2595000 1131.45
2602500 1082.86
2610000 937.517
2617500 1041.44
2625000 1060.98
2632500 922.96
2640000 977.917
2647500 992.545
2655000 1069.69
2662500 930.356
2670000 1042.23
2677500 1077.38
2685000 1007.27
2692500 1006.29
2700000 1091.68
2707500 1269.78
2715000 1058.12
2722500 1181.29
2730000 1025.62
2737500 1067.46
2745000 962.723
2752500 909.016
2760000 1121.51
2767500 1059.24
2775000 932.072
2782500 1128.84
2790000 959.351
2797500 992.211
2805000 1082.53
2812500 1131.73
2820000 1053.58
2827500 1100.84
2835000 997.286
2842500 1073.62
2850000 1092.75
2857500 1045.63
2865000 934.374
2872500 962.211
2880000 1020.81
2887500 878.312
2895000 972.339
2902500 979.737
2910000 1026.95
2917500 919.944
2925000 1029.02
2932500 820.528
2940000 879.846
2947500 1000.48
2955000 1066.64
2962500 1124.65
2970000 977.648
2977500 1052.66
2985000 1290.73
2992500 983.425
3000000 1087.73
3007500 1063.92
3015000 1159.87
3022500 1120.49
3030000 1218.89
3037500 1235.44
3045000 1185.4
3052500 983.898
3060000 977.117
3067500 1119.46
3075000 1043.91
3082500 1009.18
3090000 957.249
3097500 887.205
3105000 912.207
3112500 820.538
3120000 829.845
3127500 890.477
3135000 763.349
3142500 748.537
3150000 611.187
3157500 685.774
3165000 697.226
3172500 723.369
3180000 736.379
3187500 624.377
3195000 845.478
3202500 610.791
3210000 612.031
3217500 802.985
3225000 755.215
3232500 819.046
3240000 820.965
3247500 881.881
3255000 799.878
3262500 801.793
3270000 655.191
3277500 710.505
3285000 738.377
3292500 519.615
3300000 747.702
3307500 541.694
3315000 602.018
3322500 489.471
3330000 693.229
3337500 522.758
3345000 356.218
3352500 450.723
3360000 463.797
3367500 348.023
3375000 432.585
3382500 227.504
3390000 441.492
3397500 313.574
3405000 464.062
3412500 382.382
3420000 242.222
3427500 307.64
3435000 316.282
3442500 364.76
3450000 456.58
3457500 431.113
3465000 335.13
3472500 269.103
3480000 507.486
3487500 363.171
3495000 340.339
3502500 161.681
3510000 207.126
3517500 379.193
3525000 413.416
3532500 208.713
3540000 196.764
3547500 387.735
3555000 341.993
3562500 248.572
3570000 268.84
3577500 290.069
3585000 241.194
3592500 229.837
3600000 364.816
3607500 125.911
3615000 141.731
3622500 -46.6876
3630000 192.93
3637500 221.185
3645000 162.933
3652500 272.62
3660000 127.781
3667500 124.027
3675000 6.11801
3682500 -75.9738
3690000 -13.9639
3697500 7.08135
3705000 -66.2108
3712500 -94.6288
3720000 81.4951
3727500 -4.1062
3735000 -6.51313
3742500 -37.3488
3750000 17.2705
3757500 -60.4448
3765000 -13.6182
3772500 -18.8877
3780000 39.196
3787500 -62.1398
3795000 141.06
3802500 170.612
3810000 37.2877
3817500 -61.9383
3825000 185.073
3832500 -124.15
3840000 -101.792
3847500 -60.8344
3855000 118.333
3862500 56.9843
3870000 -22.9977
3877500 58.545
3885000 55.6452
3892500 98.0793
3900000 177.802
3907500 4.58963
3915000 -28.4488
3922500 99.8318
3930000 88.4026
3937500 -175.632
3945000 -94.5072
3952500 89.2002
3960000 80.7652
3967500 205.299
3975000 70.2587
3982500 254.044
3990000 55.1257
3997500 59.1564
4005000 88.026
4012500 184.406
4020000 105.526
4027500 204.315
4035000 81.2914
4042500 43.2828
4050000 203.726
4057500 141.41
4065000 146.045
4072500 159.511
4080000 305.842
4087500 221.569
4095000 36.4702
4102500 32.4683
4110000 26.3441
4117500 82.9856
4125000 16.0252
4132500 -10.9327
4140000 -150.457
4147500 162.691
4155000 116.626
4162500 142.819
4170000 258.907
4177500 181.058
4185000 243.715
4192500 276.802
4200000 359.622
4207500 398.066
4215000 257.064
4222500 22.9407
4230000 15.1043
4237500 131.318
4245000 22.6711
4252500 -17.4169
4260000 10.6276
4267500 80.2136
4275000 62.2484
4282500 86.3805
4290000 -60.3977
4297500 -28.7165
4305000 -34.0144
4312500 -104.178
4320000 -0.657084
4327500 14.7072
4335000 28.6251
4342500 36.2349
4350000 150.744
4357500 -9.92321
4365000 -29.1577
4372500 -217.732
4380000 -50.1535
4387500 30.1609
4395000 93.8829
4402500 58.0897
4410000 234.467
4417500 206.637
4425000 280.781
4432500 361.692
4440000 337.687
4447500 184.887
4455000 153.375
4462500 24.0239
4470000 96.2331
4477500 133.32
4485000 173.18
4492500 41.2624
4500000 -20.28
4507500 150.33
4515000 101.726
4522500 96.3607
4530000 -43.6597
4537500 145.558
4545000 148.774
4552500 165.153
4560000 101.448
4567500 71.6136
4575000 330.702
4582500 134.346
4590000 178.017
4597500 147.534
4605000 286.886
4612500 180.25
4620000 252.804
4627500 175.265
4635000 48.5406
4642500 24.7083
4650000 -98.5251
4657500 -138.681
4665000 -237.26
4672500 -92.6051
4680000 -55.1005
4687500 214.64
4695000 219.16
4702500 224.998
4710000 175.68
4717500 151.301
4725000 120.915
4732500 138.69
4740000 201.89
4747500 147.852
4755000 239.327
4762500 48.838
4770000 141.366
4777500 -104.93
4785000 -111.588
4792500 112.992
4800000 50.4945
4807500 62.3236
4815000 220.849
4822500 319.743
4830000 91.9422
4837500 1.29222
4845000 199.537
4852500 258.762
4860000 134.006
4867500 76.5635
4875000 66.1453
4882500 32.5549
4890000 154.354
4897500 -79.7317
4905000 40.4818
4912500 18.5861
4920000 146.367
4927500 197.72
4935000 72.036
4942500 -59.1233
4950000 -14.605
4957500 -84.2809
4965000 68.3482
4972500 -49.0577
4980000 -1.71904
4987500 -320.026
4995000 -290.033
5002500 -4.87545
5010000 -207.903
5017500 -107.555
5025000 -135.966
5032500 14.922
5040000 -143.295
5047500 -64.1051
5055000 -138.704
5062500 84.7343
5070000 12.8642
5077500 -212.705
5085000 -95.7644
5092500 -209.196
5100000 -40.4933
5107500 34.805
5115000 217.029
5122500 92.7253
5130000 59.205
5137500 195.694
5145000 136.248
5152500 0.0238347
5160000 67.9235
5167500 -17.1751
5175000 -1.48249
5182500 -273.17
5190000 -18.1457
5197500 -89.6435
5205000 130.238
5212500 -5.30116
5220000 -39.7472
5227500 70.971
5235000 89.8827
5242500 -248.91
5250000 87.3168
5257500 -68.6278
5265000 99.359
5272500 165.741
5280000 73.9621
5287500 80.8131
5295000 -112.845
5302500 -199.763
5310000 -35.0933
5317500 -108.419
5325000 -219.245
5332500 55.9042
5340000 -206.027
5347500 52.2455
5355000 29.2592
5362500 36.292
5370000 -70.7761
5377500 70.0941
5385000 -118.087
5392500 -95.126
5400000 -29.5179
5407500 14.436
5415000 -118.894
5422500 -71.9084
5430000 13.9842
5437500 16.5488
5445000 35.8758
5452500 125.473
5460000 190.524
5467500 -94.8456
5475000 42.3168
5482500 -43.4925
5490000 -80.3788
5497500 46.8238
5505000 164.26
5512500 319.848
5520000 103.569
5527500 28.803
5535000 43.6459
5542500 408.213
5550000 79.7169
5557500 -47.7321
5565000 -84.6469
5572500 105.94
5580000 144.927
5587500 39.5989
5595000 177.684
5602500 143.4
5610000 244.453
5617500 73.289
5625000 -62.3845
5632500 130.05
5640000 71.0448
5647500 326.086
5655000 80.7061
5662500 21.7863
5670000 -4.64186
5677500 57.3099
5685000 230.669
5692500 141.896
5700000 91.3665
5707500 -175.125
5715000 -187.402
5722500 -194.737
5730000 88.8246
5737500 -9.6022
5745000 15.6828
5752500 -15.7016
5760000 -158.68
5767500 -333.76
5775000 -274.175
5782500 -76.1465
5790000 70.4394
5797500 98.0833
5805000 -10.2248
5812500 -76.7442
5820000 -46.7827
5827500 98.1207
5835000 53.403
5842500 -30.7632
5850000 78.8358
5857500 134.878
5865000 25.8158
5872500 -54.0345
5880000 -77.4578
5887500 30.8836
5895000 174.099
5902500 174.248
5910000 27.0118
5917500 87.9315
5925000 312.6
5932500 143.016
5940000 415.676
5947500 177.394
5955000 83.5339
5962500 -124.156
5970000 61.3657
5977500 133.603
5985000 148.15
5992500 -2.58468
6000000 -100.884
6007500 74.2717
6015000 -12.3404
6022500 209.773
6030000 46.9
6037500 147.368
6045000 123.616
6052500 59.961
6060000 179.302
6067500 138.147
6075000 6.07316
6082500 -62.487
6090000 174.748
6097500 18.0682
6105000 -15.291
6112500 25.4484
6120000 -10.8446
6127500 124.608
6135000 -85.9329
6142500 -177.398
6150000 -106.19
6157500 167.124
6165000 136.846
6172500 -23.8394
6180000 19.7581
6187500 82.9643
6195000 -6.4576
6202500 -218.832
6210000 93.9133
6217500 -148.375
6225000 -123.401
6232500 190.815
6240000 65.127
6247500 -36.5778
6255000 232.004
6262500 72.9771
6270000 19.0448
6277500 -25.1052
6285000 -250.755
6292500 62.5662
6300000 -71.9519
6307500 93.0338
6315000 130.436
6322500 191.094
6330000 174.093
6337500 -76.9321
6345000 203.779
6352500 161.059
6360000 142.012
6367500 274.733
6375000 158.021
6382500 194.929
6390000 0.421944
6397500 180.542
6405000 240.875
6412500 232.789
6420000 23.0318
6427500 22.4078
6435000 57.2068
6442500 0.338549
6450000 13.3494
6457500 -294.785
6465000 -181.758
6472500 -84.1181
6480000 97.2301
6487500 -55.3965
6495000 117.671
6502500 19.3206
6510000 -130.76
6517500 41.2882
6525000 -115.982
6532500 -130.608
6540000 -26.02
6547500 -30.0704
6555000 -20.7325
6562500 38.2115
6570000 115.868
6577500 -8.2227
6585000 128.632
6592500 -9.05053
6600000 1.85673
6607500 -45.0504
6615000 -61.7344
6622500 -146.499
6630000 -159.937
6637500 0.181018
6645000 71.7827
6652500 102.108
6660000 83.6893
6667500 -131.341
6675000 -189.617
6682500 -174.896
6690000 -30.615
6697500 37.9599
6705000 2.13954
6712500 -91.4383
6720000 -43.3532
6727500 79.3811
6735000 -84.6345
6742500 39.1464
6750000 -351.911
6757500 -133.343
6765000 -93.1814
6772500 94.8866
6780000 -32.229
6787500 -184.063
6795000 0.634013
6802500 210.741
6810000 116.454
6817500 96.2082
6825000 59.3319
6832500 17.1936
6840000 -149.372
6847500 -86.2687
6855000 -77.0447
6862500 29.8182
6870000 104.646
6877500 71.3506
6885000 134.023
6892500 130.05
6900000 0.834234
6907500 68.8742
6915000 -85.6886
6922500 150.517
6930000 128.147
6937500 -137.398
6945000 165.522
6952500 -70.4959
6960000 91.6375
6967500 135.506
6975000 108.715
6982500 267.031
6990000 417.091
6997500 169.527
7005000 220.852
7012500 180.437
7020000 257.414
7027500 219.775
7035000 136.118
7042500 189.163
7050000 187.269
7057500 60.1786
7065000 113.524
7072500 122.256
7080000 171.961
7087500 86.1263
7095000 33.9603
7102500 71.8849
7110000 175.318
7117500 198.964
7125000 69.6536
7132500 134.212
7140000 24.6806
7147500 80.1479
7155000 -86.8628
7162500 49.5289
7170000 167.048
7177500 57.5486
7185000 143.15
7192500 42.2125
7200000 73.4469
7207500 -27.7409
7215000 -62.0109
7222500 -142.132
7230000 -34.9022
7237500 28.4445
7245000 47.0198
7252500 -8.45155
7260000 137.681
7267500 28.9937
7275000 -74.9285
7282500 -88.3358
7290000 -52.5829
7297500 -192.649
7305000 61.3956
7312500 -36.8316
7320000 -19.4296
7327500 178.682
7335000 258.622
7342500 67.5624
7350000 89.1199
7357500 149.007
7365000 11.6728
7372500 74.028
7380000 20.1121
7387500 -238.186
7395000 -96.0901
7402500 -37.7234
7410000 -22.8106
7417500 -32.518
7425000 107.581
7432500 109.12
7440000 293.992
7447500 195.31
7455000 226.99
7462500 361.836
7470000 171.424
7477500 114.907
7485000 210.243
7492500 331.132
7500000 131.638
7507500 133.513
7515000 50.5213
7522500 133.858
7530000 100.62
7537500 58.4517
7545000 -58.6357
7552500 146.331
7560000 178.632
7567500 139.364
7575000 93.8133
7582500 145.447
7590000 120.512
7597500 12.27
7605000 171.809
7612500 154.472
7620000 259.379
7627500 303.139
7635000 250.156
7642500 131.033
7650000 255.933
7657500 195.667
7665000 83.886
7672500 105.182
7680000 -49.8615
7687500 103.403
7695000 166.178
7702500 -41.3989
7710000 72.1652
7717500 -101.187
7725000 125.832
7732500 190.525
7740000 230.893
7747500 345.487
7755000 300.307
7762500 231.453
7770000 410.039
7777500 310.155
7785000 333.09
7792500 361.824
7800000 305.672
7807500 195.781
7815000 58.4831
7822500 55.859
7830000 23.1965
7837500 176.612
7845000 53.3979
7852500 -6.47621
7860000 -42.7789
7867500 206.08
7875000 40.3432
7882500 -21.4147
7890000 19.7045
7897500 42.1687
7905000 165.018
7912500 83.3986
7920000 367.624
7927500 140.87
7935000 -38.4039
7942500 -100.518
7950000 -32.5015
7957500 -176.697
7965000 -30.9199
7972500 -157.701
7980000 -8.19001
7987500 -48.0251
7995000 2.57891
8002500 -29.0855
8010000 6.33105
8017500 56.514
8025000 44.545
8032500 -30.5526
8040000 -18.224
8047500 -4.95548
8055000 -68.7474
8062500 -133.821
8070000 75.7015
8077500 58.0336
8085000 71.7508
8092500 -28.0426
8100000 73.6852
8107500 188.315
8115000 -75.9221
8122500 -75.9394
8130000 46.2173
8137500 51.0538
8145000 161.034
8152500 11.3138
8160000 22.4851
8167500 20.3122
8175000 15.1655
8182500 143.987
8190000 80.8926
8197500 119.028
8205000 192.377
8212500 92.9411
8220000 -232.587
8227500 -160.507
8235000 -123.547
8242500 -64.079
8250000 -4.48919
8257500 54.8143
8265000 -33.9283
8272500 -36.6605
8280000 32.6447
8287500 -48.5197
8295000 33.6497
8302500 -32.0387
8310000 75.1562
8317500 25.9161
8325000 68.6138
8332500 -120.783
8340000 26.7035
8347500 -32.0886
8355000 66.309
8362500 16.1648
8370000 -12.6144
8377500 54.5271
8385000 48.1536
8392500 -51.6035
8400000 169.487
8407500 185.626
8415000 49.1432
8422500 311.48
8430000 -37.0586
8437500 125.153
8445000 145.5
8452500 160.318
8460000 265.977
8467500 190.961
8475000 126.286
8482500 -35.2146
8490000 239.915
8497500 112.971
8505000 112.078
