1005000 698.265
1012500 566.716
1020000 725.847
1027500 599.576
1035000 517.372
1042500 547.727
1050000 615.545
1057500 661.046
1065000 589.777
1072500 576.57
1080000 514.876
1087500 582.522
1095000 631.99
1102500 555.071
1110000 599.25
1117500 604.118
1125000 646.797
1132500 678.274
1140000 595.531
1147500 484.289
1155000 545.512
1162500 673.772
1170000 617.487
1177500 610.172
1185000 531.742
1192500 655.451
1200000 631.818
1207500 608.546
1215000 563.363
1222500 643.294
1230000 619.033
1237500 747.047
1245000 734.749
1252500 610.769
1260000 741.582
1267500 665.031
1275000 606.779
1282500 640.2
1290000 734.342
1297500 827.558
1305000 932.372
1312500 831.248
1320000 712.994
1327500 897.703
1335000 874.208
1342500 905.372
1350000 773.373
1357500 673.698
1365000 759.587
1372500 643.774
1380000 638.577
1387500 640.757
1395000 622.451
1402500 661.587
1410000 519.447
1417500 734.645
1425000 718.513
1432500 835.758
1440000 751.277
1447500 600.295
1455000 684.887
1462500 574.321
1470000 785.5
1477500 682.923
1485000 659.442
1492500 689.085
1500000 714.68
1507500 717.148
1515000 645.371
1522500 732.167
1530000 697.691
1537500 787.395
1545000 676.075
1552500 656.577
1560000 653.619
1567500 721.269
1575000 701.254
1582500 631.29
1590000 640.733
1597500 607.593
1605000 618.338
1612500 741.956
1620000 658.39
1627500 760.741
1635000 639.416
1642500 672.556
1650000 703.759
1657500 757.61
1665000 895.525
1672500 739.542
1680000 755.455
1687500 784.229
1695000 761.425
1702500 673.093
1710000 736.707
1717500 789.044
1725000 672.471
1732500 687.766
1740000 624.89
1747500 672.434
1755000 613.977
1762500 746.974
1770000 675.931
1777500 666.689
1785000 761.686
1792500 683.276
1800000 676.156
1807500 611.846
1815000 723.781
1822500 656.367
1830000 778.439
1837500 791.071
1845000 817.834
1852500 666.582
1860000 736.193
1867500 808.252
1875000 763.086
1882500 769.271
1890000 742.557
1897500 720.611
1905000 724.39
1912500 705.122
1920000 637.153
1927500 728.378
1935000 634.077
1942500 596.138
1950000 617.095
1957500 585.644
1965000 644.886
1972500 656.962
1980000 486.469
1987500 636.637
1995000 637.325
2002500 692.603
2010000 557.266
2017500 688.039
2025000 367.457
2032500 713.035
2040000 744.68
2047500 558.472
2055000 502.366
2062500 710.289
2070000 577.59
2077500 551.655
2085000 798.803
2092500 659.704
2100000 611.55
2107500 716.652
2115000 728.706
2122500 626.962
2130000 618.465
2137500 652.684
2145000 726.977
2152500 594.434
2160000 624.67
2167500 680.928
2175000 619.882
2182500 586.188
2190000 658.071
2197500 608.391
2205000 569.856
2212500 648.984
2220000 559.087
2227500 751.043
2235000 781.134
2242500 736.523
2250000 659.887
2257500 671.677
2265000 503.378
2272500 567.403
2280000 533.107
2287500 524.268
2295000 670.145
2302500 690.918
2310000 658.989
2317500 544.363
2325000 458.396
2332500 540.991
2340000 427.889
2347500 452.447
2355000 410.833
2362500 389.816
2370000 339.797
2377500 154.942
2385000 296.29
2392500 191.839
2400000 254.777
2407500 158.558
2415000 11.5749
2422500 238.269
2430000 185.505
2437500 241.613
2445000 83.2289
2452500 57.946
2460000 308.936
2467500 257.846
2475000 58.3763
2482500 271.855
2490000 158.791
2497500 262.2
2505000 165.147
2512500 116.41
2520000 113.143
2527500 54.0285
2535000 117.711
2542500 29.0353
2550000 -49.382
2557500 80.7036
2565000 103.049
2572500 38.5578
2580000 18.7811
2587500 239.568
2595000 76.007
2602500 33.0271
2610000 3.32783
2617500 160.174
2625000 145.779
2632500 35.9045
2640000 4.06086
2647500 83.6147
2655000 133.644
2662500 253.38
2670000 70.0821
2677500 -38.1912
2685000 286.401
2692500 54.7659
2700000 149.6
2707500 108.896
2715000 270.976
2722500 29.6804
2730000 78.5591
2737500 75.2849
2745000 5.36839
2752500 10.0728
2760000 123.567
2767500 147.586
2775000 -1.88644
2782500 35.8154
2790000 -179.616
2797500 123.965
2805000 -67.2423
2812500 -17.0344
2820000 10.8501
2827500 72.7683
2835000 -50.9463
2842500 -5.84465
2850000 -37.1463
2857500 -70.4678
2865000 143.559
2872500 169.364
2880000 -69.7001
2887500 -110.417
2895000 -57.2621
2902500 -46.9864
2910000 -3.28464
2917500 -169.437
2925000 -221.098
2932500 -175.009
2940000 -269.915
2947500 -68.062
2955000 -76.5385
2962500 -9.74312
2970000 -106.597
2977500 80.4148
2985000 323.162
2992500 18.969
3000000 28.7579
3007500 41.4959
3015000 88.8955
3022500 112.439
3030000 -89.5479
3037500 24.2689
3045000 76.8363
3052500 -79.0049
3060000 131.998
3067500 102.292
3075000 66.0676
3082500 75.3167
3090000 134.686
3097500 -34.3167
3105000 9.02848
3112500 -171.867
3120000 -83.5404
3127500 135.968
3135000 62.7116
3142500 -24.1236
3150000 66.9407
3157500 228.448
3165000 -8.72783
3172500 74.2665
3180000 191.385
3187500 92.5091
3195000 133.922
3202500 63.5419
3210000 25.8268
3217500 153.126
3225000 161.587
3232500 188.341
3240000 184.676
3247500 254.878
3255000 -3.75214
3262500 101.025
3270000 264.764
3277500 25.9119
3285000 70.6197
3292500 103.931
3300000 203.291
3307500 89.3534
3315000 313.539
3322500 135.71
3330000 271.108
3337500 191.684
3345000 228.97
3352500 371.38
3360000 126.308
3367500 -41.6463
3375000 29.2652
3382500 20.3695
3390000 91.6501
3397500 -3.3052
3405000 -100.117
3412500 69.7019
3420000 -47.2794
3427500 -106.114
3435000 157.505
3442500 137.915
3450000 176.339
3457500 138.142
3465000 40.2528
3472500 127.436
3480000 188.977
3487500 121.053
3495000 86.2817
3502500 228.218
3510000 133.897
3517500 163.132
3525000 -68.8747
3532500 -110.726
3540000 112.609
3547500 136.909
3555000 113.788
3562500 93.4433
3570000 227.669
3577500 44.3825
3585000 101.664
3592500 8.3879
3600000 127.249
3607500 66.7675
3615000 -11.5443
3622500 231.176
3630000 49.2588
3637500 208.091
3645000 39.1822
3652500 143.958
3660000 96.9938
3667500 286.087
3675000 90.389
3682500 73.0341
3690000 164.825
3697500 -4.52552
3705000 -128.854
3712500 13.3634
3720000 84.8281
3727500 126.218
3735000 92.3925
3742500 1.28437
3750000 136.523
3757500 32.2131
3765000 137.669
3772500 -15.3468
3780000 135.267
3787500 49.3761
3795000 -3.39968
3802500 -67.9659
3810000 -6.65027
3817500 -79.7405
3825000 37.4605
3832500 -107.639
3840000 -36.5887
3847500 -64.5819
3855000 -18.9509
3862500 41.8208
3870000 76.4607
3877500 -91.4742
3885000 -200.762
3892500 157.319
3900000 214.788
3907500 76.0586
3915000 2.44575
3922500 -114.323
3930000 -46.2798
3937500 186.836
3945000 99.7631
3952500 -69.4072
3960000 5.40445
3967500 -107.181
3975000 44.176
3982500 -94.724
3990000 95.8392
3997500 -28.9808
4005000 27.6636
4012500 -49.14
4020000 -65.3385
4027500 -56.436
4035000 20.7942
4042500 -36.5173
4050000 -132.02
4057500 -146.241
4065000 -87.144
4072500 302.165
4080000 155.795
4087500 86.0666
4095000 73.7832
4102500 38.3909
4110000 -103.925
4117500 37.6611
4125000 -6.89208
4132500 -16.719
4140000 -10.3702
4147500 244.076
4155000 64.7219
4162500 143.818
4170000 33.3335
4177500 -2.49792
4185000 40.2922
4192500 1.1926
4200000 -4.87342
4207500 -16.6345
4215000 -135.174
4222500 -183.612
4230000 -123.917
4237500 36.3401
4245000 41.1114
4252500 51.0628
4260000 79.4993
4267500 -50.0566
4275000 -189.259
4282500 60.1063
4290000 -93.2917
4297500 -164.783
4305000 -60.5146
4312500 -53.1983
4320000 19.3387
4327500 -7.67093
4335000 35.321
4342500 229.975
4350000 196.068
4357500 30.8444
4365000 92.7164
4372500 -6.55485
4380000 218.514
4387500 126.367
4395000 -30.1848
4402500 -85.7722
4410000 125.434
4417500 115.24
4425000 149.608
4432500 79.6911
4440000 181.26
4447500 104.761
4455000 -44.8575
4462500 159.029
4470000 154.478
4477500 362.034
4485000 392.793
4492500 275.284
4500000 251.88
4507500 194.683
4515000 305.691
4522500 305.762
4530000 273.754
4537500 310.803
4545000 286.355
4552500 239.84
4560000 284.666
4567500 200.256
4575000 258.75
4582500 157.354
4590000 62.4974
4597500 106.046
4605000 203.084
4612500 174.773
4620000 71.7744
4627500 82.1168
4635000 142.662
4642500 -95.0647
4650000 55.0982
4657500 28.7636
4665000 156.136
4672500 196.818
4680000 92.1232
4687500 54.9408
4695000 333.177
4702500 83.1888
4710000 156.187
4717500 50.2534
4725000 53.9659
4732500 81.7359
4740000 112.106
4747500 66.3728
4755000 83.1029
4762500 188.889
4770000 246.54
4777500 257.192
4785000 266.372
4792500 336.952
4800000 280.45
4807500 272.616
4815000 478.038
4822500 181.987
4830000 301.272
4837500 331.923
4845000 335.665
4852500 342.941
4860000 410.544
4867500 271.297
4875000 87.1561
4882500 -54.6862
4890000 -20.3167
4897500 5.24162
4905000 -19.6349
4912500 86.6986
4920000 180.3
4927500 16.4597
4935000 -52.572
4942500 162.091
4950000 55.9802
4957500 -55.921
4965000 55.551
4972500 -71.1727
4980000 -2.08393
4987500 199.924
4995000 -49.1116
5002500 81.4024
5010000 -28.9302
5017500 86.611
5025000 259.967
5032500 34.5542
5040000 -26.8075
5047500 -110.886
5055000 -115.479
5062500 -21.925
5070000 109.762
5077500 -10.3284
5085000 -177.097
5092500 -163.493
5100000 -90.5529
5107500 38.0281
5115000 -10.0292
5122500 -122.182
5130000 -62.3906
5137500 -183.765
5145000 -81.5392
5152500 -96.7075
5160000 -145.196
5167500 -27.175
5175000 285.115
5182500 148.093
5190000 143.828
5197500 40.9013
5205000 36.8435
5212500 36.5449
5220000 -65.6799
5227500 -117.142
5235000 49.3253
5242500 -133.738
5250000 -159.316
5257500 -80.6111
5265000 -173.627
5272500 28.6685
5280000 6.58838
5287500 69.9146
5295000 -38.8739
5302500 21.2766
5310000 46.3925
5317500 99.013
5325000 187.955
5332500 146.262
5340000 106.554
5347500 18.2411
5355000 73.5958
5362500 -77.2439
5370000 72.2249
5377500 -9.65865
5385000 140.671
5392500 -248.825
5400000 -223.291
5407500 -74.3103
5415000 -130.7
5422500 4.14891
5430000 184.731
5437500 20.3599
5445000 194.453
5452500 58.1757
5460000 60.1416
5467500 122.003
5475000 113.308
5482500 30.16
5490000 83.4791
5497500 130.691
5505000 26.8968
5512500 196.117
5520000 25.1724
5527500 152.345
5535000 129.901
5542500 56.4419
5550000 95.7441
5557500 98.6286
5565000 -98.078
5572500 -72.8165
5580000 78.7784
5587500 107.464
5595000 91.4848
5602500 4.76092
5610000 -114.326
5617500 136.369
5625000 -6.98532
5632500 -32.5571
5640000 56.0811
5647500 62.5615
5655000 -10.17
5662500 57.4527
5670000 -31.208
5677500 180.571
5685000 64.2253
5692500 241.782
5700000 78.7459
5707500 -82.9423
5715000 -47.6482
5722500 -50.5109
5730000 59.246
5737500 68.6856
5745000 30.4653
5752500 -14.354
5760000 107.149
5767500 -85.2383
5775000 -73.4386
5782500 142.077
5790000 168.911
5797500 -133.15
5805000 -65.6028
5812500 33.3642
5820000 238.765
5827500 278.774
5835000 148.315
5842500 287.004
5850000 245.533
5857500 163.549
5865000 89.3556
5872500 -3.90147
5880000 116.295
5887500 102.883
5895000 100.086
5902500 95.5145
5910000 46.8933
5917500 -20.0506
5925000 27.2277
5932500 93.1205
5940000 129.454
5947500 250.712
5955000 164.702
5962500 -5.56418
5970000 129.07
5977500 -20.2861
5985000 123.359
5992500 130.888
6000000 158.694
6007500 41.3251
6015000 -111.417
6022500 -48.3848
6030000 -179.282
6037500 -92.1133
6045000 -21.4506
6052500 -20.7952
6060000 -43.1776
6067500 38.355
6075000 -210.041
6082500 -113.145
6090000 -190.597
6097500 -156.996
6105000 -88.7771
6112500 -232.14
6120000 -56.5246
6127500 106.883
6135000 -106.538
6142500 -20.5504
6150000 -47.4184
6157500 -214.15
6165000 -164.262
6172500 -291.062
6180000 -241.842
6187500 -190.408
6195000 -116.753
6202500 62.1143
6210000 -69.3883
6217500 -95.3734
6225000 -29.661
6232500 -49.8177
6240000 36.8779
6247500 -12.4558
6255000 -154.793
6262500 -147.187
6270000 -1.38017
6277500 79.0096
6285000 165.816
6292500 97.7698
6300000 -89.6093
6307500 -15.0699
6315000 -125.335
6322500 111.954
6330000 -24.385
6337500 -145.077
6345000 -223.843
6352500 -104.29
6360000 -103.52
6367500 1.17704
6375000 43.2637
6382500 131.812
6390000 28.0387
6397500 39.7758
6405000 131.924
6412500 -8.57194
6420000 -67.547
6427500 115.98
6435000 -83.6902
6442500 -34.0949
6450000 46.448
6457500 164.567
6465000 107.168
6472500 -87.9427
6480000 27.7814
6487500 14.7622
6495000 -276.124
6502500 -17.2396
6510000 0.84813
6517500 -15.0795
6525000 17.4223
6532500 -158.786
6540000 120.156
6547500 76.055
6555000 121.781
6562500 300.531
6570000 251.003
6577500 6.14305
6585000 -152.732
6592500 -153.099
6600000 35.1826
6607500 -10.3087
6615000 -15.8584
6622500 82.8424
6630000 -66.2125
6637500 -2.04293
6645000 83.8862
6652500 -94.882
6660000 -62.5853
6667500 -25.7672
6675000 88.9299
6682500 163.335
6690000 -51.611
6697500 -280.019
6705000 -180.767
6712500 -215.823
6720000 -82.3681
6727500 -68.6069
6735000 -134.27
6742500 131.226
6750000 21.6045
6757500 55.3679
6765000 261.998
6772500 102.956
6780000 30.0999
6787500 135.889
6795000 -87.1103
6802500 -43.4118
6810000 145.83
6817500 24.1425
6825000 53.1939
6832500 -129.902
6840000 -62.0999
6847500 128.902
6855000 109.166
6862500 -41.5328
6870000 -11.244
6877500 -164.178
6885000 -129.029
6892500 -15.5498
6900000 -172.001
6907500 45.8143
6915000 194.338
6922500 236.469
6930000 70.1983
6937500 -40.6341
6945000 227.136
6952500 234.984
6960000 106.561
6967500 -57.4549
6975000 -21.0049
6982500 -72.2681
6990000 -69.2101
6997500 -94.3534
7005000 222.237
7012500 44.2339
7020000 129.192
7027500 199.135
7035000 -163.368
7042500 1.89444
7050000 -124.272
7057500 -314.567
7065000 227.191
7072500 67.6728
7080000 -87.5138
7087500 256.136
7095000 300.972
7102500 178.647
7110000 90.8814
7117500 -174.246
7125000 -114.953
7132500 -109.709
7140000 27.0106
7147500 39.0132
7155000 64.0252
7162500 -81.0612
7170000 20.6591
7177500 -67.4477
7185000 -141.45
7192500 -49.7764
7200000 23.653
7207500 -157.106
7215000 -64.4517
7222500 -79.6069
7230000 23.1895
7237500 -34.5683
7245000 -88.2879
7252500 -311.0
7260000 3.69043
7267500 -259.386
7275000 -169.725
7282500 109.799
7290000 184.899
7297500 69.2013
7305000 7.23169
7312500 15.8249
7320000 -74.5097
7327500 82.8102
7335000 304.625
7342500 347.267
7350000 353.258
7357500 100.82
7365000 36.7529
7372500 109.212
7380000 -59.1016
7387500 -88.4602
7395000 -172.068
7402500 111.649
7410000 56.0187
7417500 239.413
7425000 -26.2121
7432500 61.6536
7440000 -263.583
7447500 -150.034
7455000 117.028
7462500 81.7446
7470000 127.826
7477500 57.4426
7485000 155.47
7492500 -65.2296
7500000 -44.508
7507500 1.64836
7515000 -66.699
7522500 202.66
7530000 100.602
7537500 51.2243
7545000 -66.259
7552500 130.532
7560000 170.015
7567500 14.4631
7575000 153.022
7582500 -40.0947
7590000 108.731
7597500 131.629
7605000 180.211
7612500 43.6974
7620000 359.695
7627500 265.09
7635000 150.971
7642500 -171.35
7650000 -143.649
7657500 195.276
7665000 152.456
7672500 104.434
7680000 196.119
7687500 166.826
7695000 114.365
7702500 182.118
7710000 69.491
7717500 30.9108
7725000 125.201
7732500 -41.5218
7740000 -161.28
7747500 109.228
7755000 -86.5977
7762500 38.5964
7770000 -184.41
7777500 34.0173
7785000 -16.2278
7792500 -168.251
7800000 -77.4085
7807500 16.3793
7815000 108.087
7822500 63.6098
7830000 -230.972
7837500 -238.389
7845000 32.326
7852500 -109.483
7860000 34.0249
7867500 158.781
7875000 -191.157
7882500 -190.56
7890000 17.1561
7897500 -65.695
7905000 -130.481
7912500 36.1346
7920000 34.665
7927500 -188.425
7935000 -32.7426
7942500 -112.955
7950000 113.174
7957500 -108.882
7965000 -81.6328
7972500 -28.1232
7980000 -140.544
7987500 -123.112
7995000 55.8871
8002500 84.6589
8010000 69.6246
8017500 46.4885
8025000 -38.8086
8032500 8.94119
8040000 -41.749
8047500 211.534
8055000 -53.5026
8062500 -96.5538
8070000 -130.379
8077500 -94.8063
8085000 130.107
8092500 3.2923
8100000 40.7224
8107500 -17.775
8115000 190.23
8122500 91.2161
8130000 -180.425
8137500 -166.224
8145000 -34.6439
8152500 -121.249
8160000 -101.95
8167500 96.4512
8175000 121.682
8182500 41.2377
8190000 50.2039
8197500 -246.94
8205000 3.30233
8212500 -3.14455
8220000 -9.64235
8227500 72.6364
8235000 47.9348
8242500 0.552896
8250000 -47.3723
8257500 24.8986
8265000 -9.21515
8272500 -57.2291
8280000 224.442
8287500 3.3056
8295000 -96.6616
8302500 -70.2359
8310000 93.5962
8317500 -112.633
8325000 -86.9508
8332500 -89.6465
8340000 -113.517
8347500 -84.2695
8355000 -79.4251
8362500 -93.2585
8370000 -25.7899
8377500 58.659
8385000 -54.4452
8392500 -23.2232
8400000 3.02092
8407500 -38.05
8415000 67.2855
8422500 2.76564
8430000 -128.69
8437500 -11.0079
8445000 -20.1603
8452500 -40.1583
8460000 403.493
8467500 123.56
8475000 -126.512
8482500 -82.6834
8490000 -394.174
8497500 -29.2009
8505000 -187.929
