1005000 698.265
1012500 661.304
1020000 556.734
1027500 603.081
1035000 638.29
1042500 488.619
1050000 498.272
1057500 584.612
1065000 554.221
1072500 541.705
1080000 623.937
1087500 592.85
1095000 536.302
1102500 466.466
1110000 581.269
1117500 556.908
1125000 504.163
1132500 419.847
1140000 559.614
1147500 624.865
1155000 549.392
1162500 453.018
1170000 542.205
1177500 625.31
1185000 394.895
1192500 510.993
1200000 554.372
1207500 495.572
1215000 564.195
1222500 604.846
1230000 513.452
1237500 495.408
1245000 680.726
1252500 361.677
1260000 555.241
1267500 426.108
1275000 466.843
1282500 436.181
1290000 650.692
1297500 455.883
1305000 425.076
1312500 617.51
1320000 522.315
1327500 563.736
1335000 616.743
1342500 677.901
1350000 639.189
1357500 571.989
1365000 605.394
1372500 635.438
1380000 618.959
1387500 429.668
1395000 677.782
1402500 608.717
1410000 644.564
1417500 616.05
1425000 446.539
1432500 588.255
1440000 605.288
1447500 554.953
1455000 499.063
1462500 519.729
1470000 546.572
1477500 611.839
1485000 665.756
1492500 684.74
1500000 556.28
1507500 493.914
1515000 645.117
1522500 542.851
1530000 574.577
1537500 375.153
1545000 635.537
1552500 515.227
1560000 580.234
1567500 588.509
1575000 410.081
1582500 604.722
1590000 480.028
1597500 471.18
1605000 600.326
1612500 558.447
1620000 508.161
1627500 521.785
1635000 499.403
1642500 559.423
1650000 473.343
1657500 584.732
1665000 479.05
1672500 369.581
1680000 335.118
1687500 599.687
1695000 439.751
1702500 383.843
1710000 523.322
1717500 553.722
1725000 499.193
1732500 316.2
1740000 468.333
1747500 415.108
1755000 378.001
1762500 433.226
1770000 431.185
1777500 543.487
1785000 508.767
1792500 446.528
1800000 471.737
1807500 315.904
1815000 339.64
1822500 306.672
1830000 397.287
1837500 336.752
1845000 299.075
1852500 346.313
1860000 399.548
1867500 489.36
1875000 315.087
1882500 187.571
1890000 229.729
1897500 454.988
1905000 353.496
1912500 222.161
1920000 431.482
1927500 194.445
1935000 306.51
1942500 244.88
1950000 382.069
1957500 281.263
1965000 110.496
1972500 287.764
1980000 301.041
1987500 310.76
1995000 319.237
2002500 279.262
2010000 210.282
2017500 241.506
2025000 188.34
2032500 130.476
2040000 141.132
2047500 72.0358
2055000 192.506
2062500 175.36
2070000 92.6564
2077500 242.348
2085000 131.764
2092500 293.788
2100000 225.118
2107500 166.902
2115000 261.845
2122500 136.114
2130000 138.176
2137500 191.961
2145000 213.018
2152500 188.256
2160000 179.11
2167500 241.48
2175000 73.3812
2182500 139.771
2190000 337.994
2197500 217.891
2205000 262.579
2212500 161.901
2220000 150.287
2227500 170.378
2235000 216.933
2242500 327.055
2250000 292.548
2257500 319.446
2265000 272.205
2272500 325.8
2280000 298.432
2287500 147.405
2295000 247.675
2302500 276.609
2310000 159.249
2317500 149.924
2325000 126.34
2332500 116.511
2340000 183.03
2347500 257.379
2355000 402.568
2362500 358.536
2370000 345.082
2377500 308.143
2385000 155.422
2392500 271.237
2400000 354.383
2407500 258.529
2415000 326.723
2422500 275.93
2430000 124.391
2437500 288.08
2445000 270.662
2452500 262.015
2460000 263.691
2467500 348.35
2475000 429.636
2482500 334.083
2490000 358.318
2497500 369.597
2505000 383.391
2512500 366.924
2520000 420.44
2527500 302.203
2535000 250.77
2542500 356.68
2550000 258.212
2557500 402.716
2565000 284.892
2572500 258.506
2580000 131.422
2587500 292.788
2595000 319.209
2602500 323.388
2610000 308.626
2617500 422.093
2625000 455.909
2632500 269.076
2640000 251.207
2647500 136.073
2655000 364.234
2662500 337.234
2670000 244.792
2677500 218.412
2685000 403.755
2692500 284.379
2700000 361.934
2707500 268.029
2715000 398.413
2722500 152.732
2730000 129.285
2737500 138.776
2745000 242.735
2752500 260.415
2760000 37.3341
2767500 32.8852
2775000 108.277
2782500 185.162
2790000 97.3706
2797500 168.604
2805000 26.0469
2812500 54.1016
2820000 148.254
2827500 88.9932
2835000 7.8597
2842500 271.886
2850000 244.259
2857500 304.598
2865000 339.804
2872500 229.172
2880000 134.842
2887500 149.824
2895000 15.4282
2902500 54.7402
2910000 79.1147
2917500 75.7071
2925000 -47.0278
2932500 -25.4108
2940000 -126.282
2947500 172.555
2955000 -2.74713
2962500 12.7573
2970000 -78.7475
2977500 -73.6276
2985000 79.5235
2992500 137.519
3000000 27.9333
3007500 -120.812
3015000 180.222
3022500 146.573
3030000 159.04
3037500 117.776
3045000 276.487
3052500 231.756
3060000 6.39183
3067500 -18.0231
3075000 232.443
3082500 84.3388
3090000 78.284
3097500 -48.2308
3105000 111.23
3112500 184.408
3120000 132.561
3127500 123.699
3135000 120.538
3142500 209.65
3150000 198.897
3157500 20.4045
3165000 27.4313
3172500 111.901
3180000 262.746
3187500 16.539
3195000 98.5051
3202500 41.1606
3210000 180.349
3217500 150.793
3225000 -32.999
3232500 9.79161
3240000 -149.88
3247500 -50.6358
3255000 18.0246
3262500 -116.099
3270000 8.53789
3277500 132.496
3285000 -72.8723
3292500 -13.4361
3300000 -47.9194
3307500 188.512
3315000 112.166
3322500 254.773
3330000 -3.52242
3337500 153.734
3345000 114.116
3352500 -79.6987
3360000 35.2969
3367500 241.69
3375000 226.258
3382500 148.882
3390000 71.5504
3397500 66.8414
3405000 -88.0708
3412500 104.418
3420000 -45.2115
3427500 -286.282
3435000 35.4244
3442500 -133.313
3450000 -8.03151
3457500 37.4449
3465000 -6.33625
3472500 -68.9697
3480000 -45.7363
3487500 -17.6836
3495000 171.402
3502500 -10.6244
3510000 -107.99
3517500 91.8392
3525000 220.455
3532500 177.938
3540000 233.907
3547500 11.6772
3555000 155.321
3562500 169.369
3570000 78.0856
3577500 4.50062
3585000 -172.006
3592500 -130.942
3600000 66.9395
3607500 48.5024
3615000 124.538
3622500 -7.51784
3630000 -61.1591
3637500 -18.3484
3645000 -80.597
3652500 112.377
3660000 62.2857
3667500 -14.6413
3675000 22.7546
3682500 43.3441
3690000 27.928
3697500 147.247
3705000 119.326
3712500 99.5596
3720000 29.5263
3727500 15.7385
3735000 184.685
3742500 177.819
3750000 2.89893
3757500 -91.5984
3765000 -143.489
3772500 -49.2312
3780000 19.0367
3787500 124.164
3795000 104.801
3802500 94.1237
3810000 -33.3942
3817500 -6.94015
3825000 -100.285
3832500 164.714
3840000 26.02
3847500 202.861
3855000 211.881
3862500 11.5987
3870000 144.548
3877500 -101.546
3885000 121.409
3892500 173.256
3900000 147.931
3907500 38.3688
3915000 0.554702
3922500 -46.6194
3930000 54.5248
3937500 51.4091
3945000 -5.89781
3952500 -8.32409
3960000 -59.7049
3967500 -36.5438
3975000 74.3396
3982500 -74.2961
3990000 57.3762
3997500 -178.411
4005000 -122.649
4012500 -7.93937
4020000 -86.1706
4027500 38.504
4035000 -4.92853
4042500 104.709
4050000 24.3569
4057500 228.932
4065000 110.455
4072500 73.0832
4080000 -67.8027
4087500 -11.5177
4095000 -36.348
4102500 11.8131
4110000 -14.7461
4117500 120.975
4125000 57.9883
4132500 -83.212
4140000 123.402
4147500 -79.8801
4155000 -143.443
4162500 -14.4741
4170000 -119.526
4177500 -4.56445
4185000 113.954
4192500 159.669
4200000 313.894
4207500 484.704
4215000 -56.5633
4222500 33.343
4230000 79.1485
4237500 211.41
4245000 -82.4545
4252500 -161.46
4260000 -3.03045
4267500 154.354
4275000 -72.2627
4282500 -55.533
4290000 -5.58806
4297500 16.0601
4305000 55.4715
4312500 -28.9993
4320000 48.2629
4327500 91.1398
4335000 30.1694
4342500 106.275
4350000 -37.4564
4357500 -129.682
4365000 -136.962
4372500 -3.40718
4380000 -51.066
4387500 -152.287
4395000 12.6143
4402500 -46.1746
4410000 89.84
4417500 205.86
4425000 12.8907
4432500 -31.6388
4440000 -39.1371
4447500 42.1783
4455000 -61.277
4462500 114.89
4470000 81.865
4477500 -32.7273
4485000 149.541
4492500 236.291
4500000 78.9128
4507500 13.4515
4515000 37.5459
4522500 5.18921
4530000 86.5653
4537500 -183.049
4545000 311.908
4552500 73.9925
4560000 10.6283
4567500 175.957
4575000 141.539
4582500 148.129
4590000 295.729
4597500 100.447
4605000 -10.686
4612500 191.882
4620000 176.165
4627500 88.8702
4635000 -27.5326
4642500 -95.9305
4650000 -81.5563
4657500 108.933
4665000 368.003
4672500 243.404
4680000 -127.201
4687500 47.3133
4695000 180.408
4702500 120.197
4710000 23.2881
4717500 16.1166
4725000 -109.561
4732500 31.6526
4740000 -93.058
4747500 -70.545
4755000 142.909
4762500 -50.0975
4770000 59.0989
4777500 73.9933
4785000 -65.7478
4792500 76.0272
4800000 47.8716
4807500 224.613
4815000 4.41592
4822500 22.5174
4830000 148.334
4837500 50.2591
4845000 -84.4814
4852500 -11.0607
4860000 82.7328
4867500 -17.7247
4875000 -55.048
4882500 112.574
4890000 -19.9332
4897500 -71.7868
4905000 157.218
4912500 65.3699
4920000 154.999
4927500 32.3324
4935000 51.5529
4942500 53.0608
4950000 100.942
4957500 -52.4495
4965000 -9.93157
4972500 40.5852
4980000 96.2557
4987500 -37.0131
4995000 48.8743
5002500 31.7535
5010000 28.1617
5017500 -70.0674
5025000 79.5215
5032500 111.934
5040000 -60.9403
5047500 -64.4208
5055000 -175.053
5062500 -80.3733
5070000 -84.3447
5077500 -100.53
5085000 196.868
5092500 62.1474
5100000 49.6052
5107500 149.744
5115000 -4.59301
5122500 8.17002
5130000 -22.4746
5137500 183.234
5145000 30.7372
5152500 -210.379
5160000 118.818
5167500 -2.66449
5175000 -24.4934
5182500 144.236
5190000 12.0464
5197500 29.4241
5205000 133.661
5212500 -119.646
5220000 -6.52826
5227500 148.057
5235000 -236.224
5242500 -27.772
5250000 12.3692
5257500 -39.9922
5265000 63.8357
5272500 -9.65945
5280000 -53.5125
5287500 -81.7932
5295000 13.7257
5302500 43.4889
5310000 -59.1833
5317500 101.701
5325000 66.9759
5332500 -40.853
5340000 34.3252
5347500 -126.932
5355000 135.633
5362500 12.2626
5370000 -109.395
5377500 -59.5423
5385000 -38.7068
5392500 -184.132
5400000 -83.57
5407500 142.741
5415000 11.7667
5422500 35.122
5430000 -250.675
5437500 -171.85
5445000 -178.051
5452500 -86.2414
5460000 -107.401
5467500 -70.1666
5475000 -134.555
5482500 -121.135
5490000 58.5651
5497500 -90.9191
5505000 -151.545
5512500 -247.845
5520000 -275.935
5527500 -103.274
5535000 144.702
5542500 31.8369
5550000 -114.223
5557500 3.91818
5565000 -187.376
5572500 -117.403
5580000 -37.5121
5587500 23.6463
5595000 -201.595
5602500 -138.792
5610000 -50.6686
5617500 -169.775
5625000 30.6905
5632500 -87.3851
5640000 -61.9227
5647500 45.6419
5655000 -201.44
5662500 -247.272
5670000 -29.6753
5677500 -77.7495
5685000 -44.5639
5692500 79.1433
5700000 232.556
5707500 -2.62444
5715000 107.8
5722500 172.146
5730000 -1.59552
5737500 179.364
5745000 23.9491
5752500 -204.874
5760000 -132.022
5767500 -22.9993
5775000 -163.783
5782500 -88.8524
5790000 26.3439
5797500 -76.3554
5805000 131.864
5812500 93.1384
5820000 214.203
5827500 -53.1903
5835000 21.2643
5842500 14.0822
5850000 -70.421
5857500 -40.8144
5865000 29.0024
5872500 -142.362
5880000 -158.704
5887500 92.9201
5895000 -184.282
5902500 -107.96
5910000 -122.431
5917500 -91.8737
5925000 -134.329
5932500 -93.4647
5940000 -119.549
5947500 -5.07716
5955000 2.25678
5962500 72.1951
5970000 -118.615
5977500 -252.53
5985000 -199.7
5992500 -265.434
6000000 -29.3467
6007500 -48.2086
6015000 -184.251
6022500 -301.081
6030000 -220.36
6037500 -179.562
6045000 -2.19833
6052500 -123.021
6060000 -161.091
6067500 -212.711
6075000 -287.538
6082500 -176.118
6090000 -279.0
6097500 -175.555
6105000 -116.349
6112500 -86.6041
6120000 139.619
6127500 85.5999
6135000 57.8784
6142500 83.717
6150000 84.791
6157500 -163.503
6165000 -56.6904
6172500 -72.9741
6180000 -119.6
6187500 7.27361
6195000 -191.562
6202500 -178.621
6210000 87.2099
6217500 48.5085
6225000 -2.03058
6232500 -2.79977
6240000 120.529
6247500 -52.5373
6255000 -65.8217
6262500 -126.254
6270000 42.4424
6277500 -120.755
6285000 -136.605
6292500 -48.4643
6300000 -30.5737
6307500 170.665
6315000 67.2043
6322500 -194.603
6330000 58.3388
6337500 -75.4991
6345000 162.88
6352500 210.949
6360000 -0.810353
6367500 -65.7995
6375000 -150.599
6382500 -28.3584
6390000 -93.9776
6397500 28.1406
6405000 8.8797
6412500 -60.8676
6420000 23.3896
6427500 149.25
6435000 73.1327
6442500 343.936
6450000 361.21
6457500 54.9909
6465000 -1.85793
6472500 310.256
6480000 24.9979
6487500 43.7284
6495000 53.5895
6502500 4.50242
6510000 87.2599
6517500 251.212
6525000 221.788
6532500 206.479
6540000 10.3191
6547500 0.0851579
6555000 186.883
6562500 69.4883
6570000 178.694
6577500 139.539
6585000 143.14
6592500 79.9721
6600000 -135.395
6607500 -51.4082
6615000 116.772
6622500 240.824
6630000 83.402
6637500 143.504
6645000 -88.6435
6652500 -55.288
6660000 3.00756
6667500 151.178
6675000 114.691
6682500 -213.407
6690000 23.4622
6697500 -139.273
6705000 -140.415
6712500 38.3224
6720000 91.6775
6727500 -54.2637
6735000 99.3475
6742500 108.596
6750000 -80.0274
6757500 -25.9667
6765000 85.3344
6772500 -93.7147
6780000 -179.019
6787500 15.2358
6795000 128.225
6802500 -23.5208
6810000 116.465
6817500 -126.387
6825000 -175.595
6832500 -52.8847
6840000 -246.983
6847500 -95.9414
6855000 101.384
6862500 37.3726
6870000 55.0557
6877500 186.075
6885000 108.073
6892500 58.8496
6900000 34.5529
6907500 -0.21787
6915000 42.1299
6922500 290.658
6930000 242.506
6937500 159.675
6945000 346.145
6952500 277.138
6960000 246.777
6967500 246.816
6975000 136.851
6982500 175.311
6990000 -14.0405
6997500 -71.4971
7005000 52.8849
7012500 -16.0756
7020000 -21.8063
7027500 0.666382
7035000 121.34
7042500 73.9555
7050000 236.754
7057500 -50.4337
7065000 -36.9187
7072500 6.85137
7080000 -15.5921
7087500 -105.129
7095000 -78.575
7102500 -58.1122
7110000 -126.762
7117500 -77.0454
7125000 -201.178
7132500 155.495
7140000 116.005
7147500 34.7289
7155000 -11.4786
7162500 20.4982
7170000 -74.6857
7177500 -77.1223
7185000 33.9403
7192500 -34.8876
7200000 63.8133
7207500 -94.1302
7215000 -17.0762
7222500 -67.5934
7230000 -170.142
7237500 20.8608
7245000 -73.7261
7252500 -43.2027
7260000 -235.349
7267500 -229.167
7275000 -183.656
7282500 -314.052
7290000 -112.842
7297500 -139.993
7305000 -93.8369
7312500 -139.444
7320000 -229.968
7327500 -271.969
7335000 -34.887
7342500 16.9718
7350000 -109.863
7357500 -18.083
7365000 -11.8808
7372500 -111.348
7380000 -84.7998
7387500 53.6004
7395000 211.904
7402500 178.404
7410000 -132.222
7417500 -149.681
7425000 -191.284
7432500 -83.2969
7440000 -11.7818
7447500 125.707
7455000 22.7043
7462500 0.797019
7470000 -188.845
7477500 -140.656
7485000 121.811
7492500 81.9917
7500000 -21.4574
7507500 -59.0757
7515000 97.9184
7522500 29.52
7530000 31.2874
7537500 -25.0966
7545000 128.16
7552500 -88.8205
7560000 18.1148
7567500 204.615
7575000 212.296
7582500 345.038
7590000 129.369
7597500 69.6269
7605000 55.291
7612500 103.023
7620000 0.11276
7627500 -258.719
7635000 60.5197
7642500 -44.2966
7650000 -17.3395
7657500 26.7774
7665000 190.461
7672500 -7.85795
7680000 3.1272
7687500 -78.3274
7695000 -2.73993
7702500 63.3023
7710000 -103.559
7717500 -14.3494
7725000 6.78995
7732500 53.0134
7740000 320.54
7747500 164.268
7755000 27.7987
7762500 2.87024
7770000 9.20033
7777500 68.8384
7785000 100.727
7792500 213.043
7800000 -33.6852
7807500 113.054
7815000 347.273
7822500 12.5647
7830000 -75.7637
7837500 74.5256
7845000 100.117
7852500 11.4721
7860000 244.666
7867500 25.6912
7875000 154.93
7882500 -91.1379
7890000 -158.265
7897500 -25.0397
7905000 29.7277
7912500 44.2909
7920000 78.5568
7927500 -28.7814
7935000 -208.431
7942500 -52.1113
7950000 188.79
7957500 -90.3155
7965000 86.7452
7972500 320.924
7980000 -4.61513
7987500 -174.565
7995000 -1.42506
8002500 77.5001
8010000 166.582
8017500 238.812
8025000 -14.7244
8032500 64.1615
8040000 94.0536
8047500 188.63
8055000 119.19
8062500 171.034
8070000 -93.2891
8077500 -50.7061
8085000 -46.0457
8092500 -46.002
8100000 208.152
8107500 -88.2941
8115000 0.89709
8122500 236.178
8130000 228.144
8137500 -62.256
8145000 -43.0529
8152500 -7.54455
8160000 -119.628
8167500 -69.1889
8175000 -156.557
8182500 -140.006
8190000 -36.6873
8197500 -98.7806
8205000 -9.6194
8212500 -54.5284
8220000 -316.788
8227500 30.3829
8235000 -194.579
8242500 -57.0882
8250000 -14.852
8257500 64.6484
8265000 16.624
8272500 30.7294
8280000 81.9066
8287500 41.154
8295000 117.539
8302500 51.8459
8310000 20.6743
8317500 -66.3259
8325000 -26.655
8332500 -95.4838
8340000 -154.091
8347500 -203.771
8355000 -197.781
8362500 28.4479
8370000 -13.5498
8377500 40.6289
8385000 19.2754
8392500 62.8296
8400000 171.141
8407500 -0.642891
8415000 115.254
8422500 62.692
8430000 67.291
8437500 13.5046
8445000 2.98725
8452500 5.82277
8460000 -132.17
8467500 -111.846
8475000 36.7561
8482500 -24.3274
8490000 90.5211
8497500 44.1412
8505000 115.103
