1005000 698.263
1012500 589.256
1020000 458.881
1027500 519.759
1035000 519.795
1042500 653.357
1050000 590.857
1057500 518.189
1065000 620.637
1072500 570.816
1080000 642.899
1087500 445.744
1095000 529.815
1102500 470.413
1110000 560.431
1117500 488.547
1125000 517.333
1132500 484.916
1140000 498.826
1147500 555.378
1155000 483.436
1162500 466.17
1170000 598.968
1177500 548.141
1185000 618.831
1192500 591.821
1200000 626.391
1207500 540.591
1215000 370.292
1222500 467.918
1230000 486.631
1237500 616.955
1245000 562.43
1252500 652.605
1260000 544.71
1267500 578.34
1275000 537.605
1282500 535.148
1290000 616.606
1297500 531.51
1305000 528.472
1312500 516.331
1320000 550.769
1327500 570.435
1335000 541.429
1342500 512.864
1350000 444.637
1357500 688.794
1365000 481.443
1372500 530.381
1380000 581.616
1387500 594.439
1395000 483.584
1402500 441.969
1410000 544.609
1417500 541.051
1425000 557.116
1432500 453.055
1440000 491.252
1447500 420.866
1455000 516.122
1462500 425.572
1470000 517.109
1477500 523.704
1485000 457.451
1492500 407.534
1500000 313.939
1507500 527.211
1515000 285.519
1522500 584.81
1530000 422.222
1537500 521.025
1545000 542.787
1552500 430.841
1560000 330.136
1567500 425.865
1575000 477.256
1582500 641.217
1590000 661.686
1597500 501.945
1605000 626.762
1612500 566.517
1620000 634.625
1627500 605.006
1635000 587.051
1642500 661.239
1650000 572.075
1657500 606.238
1665000 674.185
1672500 647.111
1680000 639.37
1687500 683.275
1695000 600.525
1702500 482.547
1710000 482.019
1717500 558.838
1725000 590.58
1732500 701.356
1740000 655.414
1747500 523.712
1755000 560.416
1762500 689.554
1770000 665.968
1777500 658.732
1785000 466.951
1792500 540.878
1800000 464.633
1807500 578.71
1815000 535.855
1822500 485.474
1830000 539.224
1837500 532.125
1845000 564.201
1852500 579.547
1860000 444.58
1867500 483.468
1875000 549.914
1882500 502.218
1890000 589.653
1897500 522.287
1905000 495.388
1912500 374.766
1920000 540.444
1927500 573.52
1935000 804.371
1942500 667.633
1950000 582.062
1957500 586.159
1965000 582.393
1972500 662.122
1980000 592.209
1987500 786.621
1995000 682.399
2002500 588.034
2010000 701.993
2017500 620.731
2025000 694.35
2032500 632.375
2040000 581.435
2047500 630.818
2055000 571.237
2062500 514.698
2070000 493.948
2077500 539.144
2085000 542.276
2092500 660.863
2100000 585.18
2107500 461.05
2115000 533.626
2122500 587.095
2130000 467.058
2137500 614.933
2145000 644.716
2152500 541.018
2160000 545.184
2167500 611.808
2175000 675.366
2182500 651.08
2190000 579.515
2197500 647.097
2205000 534.605
2212500 639.007
2220000 626.273
2227500 637.378
2235000 778.772
2242500 673.646
2250000 655.218
2257500 545.915
2265000 728.535
2272500 713.502
2280000 600.731
2287500 841.452
2295000 883.517
2302500 769.742
2310000 774.516
2317500 690.38
2325000 763.257
2332500 753.454
2340000 818.284
2347500 832.526
2355000 732.077
2362500 687.199
2370000 681.649
2377500 796.429
2385000 825.849
2392500 667.644
2400000 708.083
2407500 663.953
2415000 858.242
2422500 855.19
2430000 896.302
2437500 829.761
2445000 792.636
2452500 718.839
2460000 902.501
2467500 907.956
2475000 851.461
2482500 950.09
2490000 957.797
2497500 785.218
2505000 797.851
2512500 797.608
2520000 808.885
2527500 772.268
2535000 809.159
2542500 736.513
2550000 742.5
2557500 760.894
2565000 618.62
2572500 660.298
2580000 857.293
2587500 757.197
2595000 650.763
2602500 776.713
2610000 824.7
2617500 1006.52
2625000 931.71
2632500 737.514
2640000 850.367
2647500 972.998
2655000 795.895
2662500 895.116
2670000 936.17
2677500 953.43
2685000 772.032
2692500 817.932
2700000 824.66
2707500 844.166
2715000 870.758
2722500 844.082
2730000 612.873
2737500 663.281
2745000 609.162
2752500 676.791
2760000 622.106
2767500 632.774
2775000 445.234
2782500 534.365
2790000 470.734
2797500 424.661
2805000 195.744
2812500 299.633
2820000 436.928
2827500 353.185
2835000 425.528
2842500 523.928
2850000 354.511
2857500 556.65
2865000 335.937
2872500 194.644
2880000 343.823
2887500 131.105
2895000 248.061
2902500 237.278
2910000 310.268
2917500 162.726
2925000 420.74
2932500 275.192
2940000 134.588
2947500 123.991
2955000 -51.7941
2962500 20.7519
2970000 -20.1533
2977500 99.3577
2985000 -16.9322
2992500 157.596
3000000 206.342
3007500 146.008
3015000 61.3638
3022500 168.105
3030000 92.9195
3037500 296.888
3045000 280.589
3052500 149.029
3060000 93.5186
3067500 136.173
3075000 232.346
3082500 118.913
3090000 167.876
3097500 219.274
3105000 43.0384
3112500 172.464
3120000 221.225
3127500 294.368
3135000 229.2
3142500 134.631
3150000 234.753
3157500 340.478
3165000 127.792
3172500 140.311
3180000 4.81151
3187500 231.883
3195000 119.477
3202500 278.756
3210000 54.0989
3217500 198.318
3225000 220.381
3232500 282.735
3240000 283.458
3247500 204.972
3255000 246.163
3262500 165.517
3270000 151.273
3277500 117.692
3285000 63.8705
3292500 219.679
3300000 141.195
3307500 138.201
3315000 187.152
3322500 250.181
3330000 30.0872
3337500 -12.3879
3345000 62.862
3352500 127.02
3360000 306.809
3367500 323.643
3375000 173.312
3382500 135.392
3390000 176.252
3397500 113.32
3405000 144.549
3412500 95.5088
3420000 219.847
3427500 172.416
3435000 102.629
3442500 165.4
3450000 53.1212
3457500 122.984
3465000 110.406
3472500 56.4324
3480000 -21.4593
3487500 217.009
3495000 209.288
3502500 206.524
3510000 237.572
3517500 125.555
3525000 12.5987
3532500 153.423
3540000 152.378
3547500 29.4053
3555000 127.578
3562500 193.279
3570000 25.3807
3577500 268.937
3585000 143.591
3592500 168.7
3600000 112.004
3607500 61.0359
3615000 99.4751
3622500 125.923
3630000 66.229
3637500 69.2133
3645000 160.083
3652500 209.555
3660000 166.56
3667500 160.767
3675000 223.649
3682500 81.6935
3690000 324.271
3697500 179.302
3705000 92.3026
3712500 -23.9662
3720000 167.479
3727500 33.2205
3735000 191.183
3742500 204.467
3750000 131.733
3757500 13.3851
3765000 262.075
3772500 74.7168
3780000 145.049
3787500 22.0333
3795000 -89.8375
3802500 83.5976
3810000 -92.1133
3817500 -166.505
3825000 3.97182
3832500 144.395
3840000 112.881
3847500 147.995
3855000 236.119
3862500 72.8979
3870000 103.874
3877500 -19.3554
3885000 -292.457
3892500 160.162
3900000 -102.109
3907500 41.3392
3915000 89.8689
3922500 -3.25288
3930000 -122.436
3937500 -175.348
3945000 -122.826
3952500 -97.979
3960000 -80.6451
3967500 -41.7192
3975000 185.343
3982500 8.92143
3990000 142.882
3997500 173.47
4005000 -71.2251
4012500 -199.51
4020000 -97.3988
4027500 37.791
4035000 17.7522
4042500 -52.5577
4050000 167.169
4057500 141.769
4065000 155.847
4072500 24.4069
4080000 34.9401
4087500 31.8639
4095000 22.9067
4102500 271.963
4110000 325.259
4117500 45.3137
4125000 214.157
4132500 -151.376
4140000 -34.7909
4147500 -7.35152
4155000 97.4352
4162500 -32.6995
4170000 68.8573
4177500 97.2928
4185000 115.86
4192500 188.08
4200000 118.703
4207500 167.277
4215000 236.243
4222500 32.184
4230000 148.333
4237500 97.9939
4245000 8.99582
4252500 -104.662
4260000 140.917
4267500 -60.3739
4275000 211.002
4282500 -2.97913
4290000 -54.0726
4297500 144.066
4305000 -141.886
4312500 -244.754
4320000 36.0565
4327500 169.349
4335000 147.207
4342500 132.48
4350000 219.048
4357500 109.38
4365000 125.187
4372500 287.21
4380000 272.214
4387500 273.322
4395000 185.914
4402500 122.616
4410000 157.817
4417500 157.611
4425000 26.7549
4432500 148.765
4440000 236.582
4447500 8.73412
4455000 95.9165
4462500 51.689
4470000 126.527
4477500 82.8772
4485000 91.4004
4492500 177.729
4500000 -75.8085
4507500 -226.642
4515000 -92.5032
4522500 106.728
4530000 75.7723
4537500 -145.844
4545000 -204.728
4552500 63.8816
4560000 -77.5137
4567500 43.2738
4575000 -32.1905
4582500 54.5895
4590000 82.8657
4597500 135.982
4605000 -55.5893
4612500 -118.013
4620000 -136.9
4627500 -264.472
4635000 -180.072
4642500 -110.566
4650000 -5.1288
4657500 -175.664
4665000 -3.72652
4672500 -71.5242
4680000 109.527
4687500 21.0762
4695000 -123.048
4702500 -120.62
4710000 -70.5904
4717500 16.9026
4725000 -22.6624
4732500 -89.4746
4740000 -59.7895
4747500 -51.9522
4755000 132.954
4762500 -93.1189
4770000 12.3033
4777500 62.4266
4785000 -22.1977
4792500 -209.121
4800000 -117.372
4807500 -117.912
4815000 19.9862
4822500 -9.57196
4830000 88.6017
4837500 48.1944
4845000 199.217
4852500 89.2109
4860000 155.51
4867500 30.905
4875000 -101.856
4882500 -91.5279
4890000 -145.694
4897500 -124.016
4905000 21.2068
4912500 2.41669
4920000 215.529
4927500 -70.0557
4935000 102.665
4942500 240.653
4950000 49.5392
4957500 75.2689
4965000 35.8872
4972500 -28.7248
4980000 85.6147
4987500 -78.8808
4995000 4.87145
5002500 7.59962
5010000 -6.95047
5017500 -17.4115
5025000 -61.9901
5032500 167.787
5040000 151.48
5047500 178.237
5055000 74.6365
5062500 67.7445
5070000 53.7319
5077500 214.022
5085000 122.844
5092500 -121.027
5100000 60.5028
5107500 118.584
5115000 214.495
5122500 149.669
5130000 227.632
5137500 182.656
5145000 221.57
5152500 161.572
5160000 68.7815
5167500 22.5626
5175000 -192.048
5182500 -141.579
5190000 -7.57101
5197500 -17.2334
5205000 41.6726
5212500 10.8268
5220000 128.397
5227500 48.7597
5235000 -58.8718
5242500 21.178
5250000 -156.515
5257500 -177.767
5265000 -76.353
5272500 65.0029
5280000 -41.4937
5287500 -36.3534
5295000 139.417
5302500 26.908
5310000 107.606
5317500 74.7524
5325000 284.683
5332500 272.252
5340000 94.8981
5347500 150.836
5355000 287.357
5362500 139.681
5370000 81.7944
5377500 72.5006
5385000 -9.31343
5392500 -152.051
5400000 -8.04652
5407500 -175.601
5415000 -110.265
5422500 2.59768
5430000 101.252
5437500 -12.376
5445000 -65.7695
5452500 -42.0763
5460000 -70.127
5467500 -59.9729
5475000 -25.2394
5482500 131.13
5490000 167.483
5497500 271.089
5505000 0.323294
5512500 48.4936
5520000 -107.816
5527500 -15.9984
5535000 53.7967
5542500 176.863
5550000 113.618
5557500 -26.4823
5565000 -148.813
5572500 -77.9027
5580000 -75.7026
5587500 -148.26
5595000 -19.4224
5602500 -36.5736
5610000 37.5197
5617500 99.9199
5625000 -14.149
5632500 82.2365
5640000 -68.8595
5647500 -57.2182
5655000 128.185
5662500 209.38
5670000 72.0131
5677500 -276.266
5685000 -14.7401
5692500 -136.133
5700000 -61.9769
5707500 -28.5435
5715000 -262.14
5722500 -101.049
5730000 -63.425
5737500 -118.393
5745000 -195.849
5752500 -203.32
5760000 -47.7706
5767500 -27.3696
5775000 -164.678
5782500 -68.6856
5790000 -69.0047
5797500 7.64072
5805000 14.0349
5812500 31.1453
5820000 -78.4608
5827500 -248.396
5835000 -66.3179
5842500 -99.295
5850000 279.96
5857500 288.579
5865000 82.3806
5872500 185.645
5880000 114.611
5887500 89.9461
5895000 9.21744
5902500 -110.958
5910000 -176.903
5917500 -133.428
5925000 -425.872
5932500 -151.967
5940000 -158.869
5947500 -199.981
5955000 -42.4106
5962500 -149.4
5970000 -214.099
5977500 -103.341
5985000 -81.3078
5992500 -55.3081
6000000 -185.156
6007500 -3.48977
6015000 -67.535
6022500 114.676
6030000 126.546
6037500 1.8826
6045000 36.9986
6052500 168.036
6060000 159.63
6067500 -137.494
6075000 -84.2211
6082500 -21.3699
6090000 -77.508
6097500 -21.838
6105000 -26.0969
6112500 -34.4252
6120000 -152.701
6127500 -114.85
6135000 98.7356
6142500 91.7281
6150000 140.877
6157500 -101.446
6165000 30.4981
6172500 -48.7439
6180000 69.2469
6187500 -39.6325
6195000 -56.0142
6202500 -207.774
6210000 -76.9881
6217500 1.46216
6225000 -123.85
6232500 162.14
6240000 -40.6456
6247500 52.8054
6255000 90.5151
6262500 -87.3269
6270000 -223.382
6277500 -199.041
6285000 -14.5562
6292500 66.6546
6300000 -112.84
6307500 -30.6756
6315000 105.604
6322500 -123.644
6330000 -283.836
6337500 -124.295
6345000 -2.29258
6352500 -170.663
6360000 -136.903
6367500 -42.119
6375000 -80.7387
6382500 100.898
6390000 -149.645
6397500 -117.869
6405000 -245.998
6412500 57.306
6420000 -117.68
6427500 -24.4133
6435000 205.661
6442500 -98.4184
6450000 -89.6288
6457500 -74.4426
6465000 -79.8192
6472500 56.236
6480000 -71.2122
6487500 -11.6955
6495000 -106.137
6502500 -30.7203
6510000 -100.822
6517500 -56.4354
6525000 -170.448
6532500 -113.791
6540000 -230.392
6547500 -265.93
6555000 -243.54
6562500 -90.4105
6570000 -172.186
6577500 -210.145
6585000 42.9705
6592500 -224.069
6600000 -17.8755
6607500 -270.479
6615000 -99.8964
6622500 -52.2389
6630000 -91.5598
6637500 1.20361
6645000 196.712
6652500 15.3456
6660000 62.687
6667500 56.7981
6675000 -201.92
6682500 -74.6908
6690000 13.6681
6697500 -8.12558
6705000 -162.418
6712500 -269.516
6720000 208.234
6727500 -1.7864
6735000 -175.793
6742500 89.8008
6750000 -30.1796
6757500 140.539
6765000 165.925
6772500 -14.3852
6780000 140.16
6787500 67.3991
6795000 64.7387
6802500 -24.6893
6810000 28.1716
6817500 50.3854
6825000 -41.739
6832500 85.3369
6840000 15.8227
6847500 -86.5413
6855000 -22.3386
6862500 188.988
6870000 186.061
6877500 59.9162
6885000 116.173
6892500 -39.7327
6900000 35.3575
6907500 71.0943
6915000 242.777
6922500 238.332
6930000 151.935
6937500 159.379
6945000 64.6195
6952500 214.631
6960000 116.131
6967500 80.0212
6975000 -39.4809
6982500 133.593
6990000 104.557
6997500 -336.649
7005000 -150.971
7012500 -39.0655
7020000 -69.4704
7027500 -218.717
7035000 -157.71
7042500 -98.3186
7050000 -157.824
7057500 91.0627
7065000 25.2193
7072500 -89.0324
7080000 -30.389
7087500 25.4788
7095000 127.501
7102500 27.5111
7110000 40.0794
7117500 122.797
7125000 -135.781
7132500 139.337
7140000 44.3333
7147500 22.306
7155000 115.51
7162500 269.67
7170000 -27.2196
7177500 -99.7022
7185000 62.1125
7192500 157.454
7200000 186.365
7207500 230.32
7215000 183.117
7222500 227.373
7230000 240.241
7237500 214.464
7245000 -130.999
7252500 57.6469
7260000 -77.6399
7267500 9.06623
7275000 -58.5943
7282500 116.281
7290000 -119.422
7297500 -10.4422
7305000 -86.0289
7312500 -15.4803
7320000 -18.4969
7327500 102.083
7335000 17.4273
7342500 151.463
7350000 -24.9486
7357500 2.10744
7365000 -99.9228
7372500 91.399
7380000 -5.52636
7387500 111.544
7395000 243.547
7402500 226.745
7410000 20.7942
7417500 40.572
7425000 44.4303
7432500 98.9041
7440000 219.382
7447500 260.124
7455000 183.247
7462500 -10.2806
7470000 -114.314
7477500 58.8168
7485000 -148.313
7492500 -38.5308
7500000 -144.434
7507500 18.7783
7515000 93.0988
7522500 158.175
7530000 256.933
7537500 64.8006
7545000 -208.974
7552500 -143.118
7560000 -108.553
7567500 -170.733
7575000 -50.1304
7582500 40.2709
7590000 -1.46448
7597500 191.734
7605000 -124.45
7612500 31.7396
7620000 -60.2059
7627500 -160.549
7635000 -340.371
7642500 -359.073
7650000 -110.926
7657500 -153.843
7665000 -69.42
7672500 -42.0075
7680000 -39.3566
7687500 -31.7152
7695000 130.829
7702500 -9.92342
7710000 -266.978
7717500 -62.1212
7725000 168.766
7732500 82.1991
7740000 -50.3394
7747500 108.001
7755000 -2.39602
7762500 -59.3609
7770000 -105.705
7777500 -124.116
7785000 70.4251
7792500 -211.783
7800000 -93.5103
7807500 -128.3
7815000 111.467
7822500 37.6158
7830000 -41.3182
7837500 -195.577
7845000 -76.9928
7852500 76.6442
7860000 -98.9872
7867500 -2.03212
7875000 -142.977
7882500 -186.818
7890000 -218.65
7897500 -200.968
7905000 -130.62
7912500 -30.3725
7920000 -25.2582
7927500 -68.1296
7935000 -16.6692
7942500 152.864
7950000 -126.242
7957500 -83.0928
7965000 89.5707
7972500 16.0213
7980000 -34.3146
7987500 -91.2976
7995000 114.583
8002500 -61.54
8010000 -40.3225
8017500 -76.5341
8025000 111.077
8032500 -96.8714
8040000 -118.134
8047500 -157.745
8055000 -93.666
8062500 -306.541
8070000 -40.6635
8077500 -137.51
8085000 -78.3673
8092500 -136.475
8100000 -29.8316
8107500 56.333
8115000 176.15
8122500 91.239
8130000 -33.2226
8137500 -109.165
8145000 12.2015
8152500 -56.216
8160000 -221.411
8167500 -3.34316
8175000 169.002
8182500 -11.6808
8190000 -50.9429
8197500 57.9903
8205000 33.3924
8212500 108.363
8220000 180.752
8227500 -43.9019
8235000 -115.098
8242500 -179.844
8250000 -2.35626
8257500 -47.4458
8265000 169.769
8272500 -98.1354
8280000 -166.855
8287500 -157.99
8295000 -89.1705
8302500 148.26
8310000 38.8749
8317500 -41.7031
8325000 52.6773
8332500 157.169
8340000 -165.003
8347500 -94.9729
8355000 -12.0018
8362500 -121.76
8370000 -146.366
8377500 -184.893
8385000 -144.316
8392500 -13.7966
8400000 38.9956
8407500 166.689
8415000 66.6866
8422500 216.944
8430000 -83.3038
8437500 -142.553
8445000 -24.5019
8452500 57.1594
8460000 -138.621
8467500 -117.077
8475000 -10.8009
8482500 41.2416
8490000 -24.7331
8497500 -50.6786
8505000 -29.6631
