1005000 698.264
1012500 511.958
1020000 402.991
1027500 519.47
1035000 586.507
1042500 504.83
1050000 453.392
1057500 334.309
1065000 425.75
1072500 548.329
1080000 431.327
1087500 483.182
1095000 581.643
1102500 545.538
1110000 591.628
1117500 599.198
1125000 495.96
1132500 560.591
1140000 495.279
1147500 521.692
1155000 402.554
1162500 599.428
1170000 489.869
1177500 305.099
1185000 444.169
1192500 369.897
1200000 440.177
1207500 465.892
1215000 570.534
1222500 574.048
1230000 575.477
1237500 587.481
1245000 710.454
1252500 556.617
1260000 422.476
1267500 620.345
1275000 534.701
1282500 590.674
1290000 453.406
1297500 560.812
1305000 502.497
1312500 397.424
1320000 489.957
1327500 613.325
1335000 519.919
1342500 733.157
1350000 467.268
1357500 618.795
1365000 567.435
1372500 509.294
1380000 588.498
1387500 593.095
1395000 592.246
1402500 682.108
1410000 532.612
1417500 591.792
1425000 674.71
1432500 661.538
1440000 672.361
1447500 766.173
1455000 583.032
1462500 636.31
1470000 580.089
1477500 645.083
1485000 636.94
1492500 536.372
1500000 578.019
1507500 551.859
1515000 687.82
1522500 705.548
1530000 627.326
1537500 617.544
1545000 561.236
1552500 590.753
1560000 542.805
1567500 387.999
1575000 437.224
1582500 463.982
1590000 543.049
1597500 536.741
1605000 645.626
1612500 576.213
1620000 582.312
1627500 630.094
1635000 720.999
1642500 717.209
1650000 765.124
1657500 697.461
1665000 696.02
1672500 650.917
1680000 599.643
1687500 699.874
1695000 701.76
1702500 711.238
1710000 705.915
1717500 783.039
1725000 722.029
1732500 760.773
1740000 793.476
1747500 688.739
1755000 789.672
1762500 808.592
1770000 808.674
1777500 856.926
1785000 880.581
1792500 753.451
1800000 710.319
1807500 691.725
1815000 646.278
1822500 746.436
1830000 652.375
1837500 590.432
1845000 660.282
1852500 727.205
1860000 608.527
1867500 672.002
1875000 671.951
1882500 693.891
1890000 604.856
1897500 564.776
1905000 750.295
1912500 749.318
1920000 696.442
1927500 850.09
1935000 813.808
1942500 796.131
1950000 768.097
1957500 746.714
1965000 862.743
1972500 847.308
1980000 737.134
1987500 713.867
1995000 764.922
2002500 785.818
2010000 698.151
2017500 697.364
2025000 827.406
2032500 819.679
2040000 611.12
2047500 714.162
2055000 606.787
2062500 889.789
2070000 857.775
2077500 806.726
2085000 625.813
2092500 664.255
2100000 720.07
2107500 690.643
2115000 768.705
2122500 862.915
2130000 741.547
2137500 945.434
2145000 900.336
2152500 918.957
2160000 904.139
2167500 894.831
2175000 828.867
2182500 807.562
2190000 805.128
2197500 895.568
2205000 878.328
2212500 1049.9
2220000 925.148
2227500 846.875
2235000 955.22
2242500 938.969
2250000 913.903
2257500 950.274
2265000 938.548
2272500 819.874
2280000 744.895
2287500 863.239
2295000 750.204
2302500 864.455
2310000 976.065
2317500 825.873
2325000 802.085
2332500 987.767
2340000 948.561
2347500 944.0
2355000 1023.06
2362500 858.595
2370000 894.63
2377500 910.167
2385000 901.017
2392500 832.311
2400000 985.339
2407500 1084.06
2415000 975.187
2422500 869.132
2430000 897.922
2437500 1004.55
2445000 858.879
2452500 959.402
2460000 953.505
2467500 907.688
2475000 1079.81
2482500 885.924
2490000 948.593
2497500 803.593
2505000 879.999
2512500 848.296
2520000 732.306
2527500 770.602
2535000 651.241
2542500 679.306
2550000 617.725
2557500 591.429
2565000 699.493
2572500 670.88
2580000 624.715
2587500 519.633
2595000 458.568
2602500 460.247
2610000 612.361
2617500 455.585
2625000 507.346
2632500 620.968
2640000 679.725
2647500 452.215
2655000 523.321
2662500 445.812
2670000 442.012
2677500 472.693
2685000 454.696
2692500 423.365
2700000 246.353
2707500 213.266
2715000 230.05
2722500 182.127
2730000 251.423
2737500 226.503
2745000 245.277
2752500 253.543
2760000 223.878
2767500 288.878
2775000 278.718
2782500 455.955
2790000 264.919
2797500 261.254
2805000 305.92
2812500 431.545
2820000 397.896
2827500 376.188
2835000 224.034
2842500 129.497
2850000 296.651
2857500 79.3356
2865000 -86.1038
2872500 -111.101
2880000 -43.42
2887500 -51.8796
2895000 -154.565
2902500 -68.3627
2910000 31.555
2917500 30.2283
2925000 53.4509
2932500 -3.14256
2940000 -32.8775
2947500 -171.666
2955000 -141.505
2962500 57.8412
2970000 40.9152
2977500 -231.781
2985000 -151.926
2992500 -208.812
3000000 -29.5911
3007500 0.882683
3015000 117.916
3022500 186.32
3030000 16.4178
3037500 115.839
3045000 146.501
3052500 -64.5673
3060000 63.4991
3067500 126.169
3075000 -28.0673
3082500 -14.845
3090000 -98.0798
3097500 39.0995
3105000 8.76233
3112500 -19.7985
3120000 -89.9095
3127500 -46.2456
3135000 78.7024
3142500 70.3459
3150000 45.9858
3157500 55.6463
3165000 66.943
3172500 76.361
3180000 86.1489
3187500 80.0288
3195000 180.353
3202500 35.3454
3210000 106.848
3217500 -33.9639
3225000 -18.9685
3232500 19.6031
3240000 72.646
3247500 98.9454
3255000 153.58
3262500 206.485
3270000 295.784
3277500 50.3983
3285000 285.705
3292500 -95.5642
3300000 96.7744
3307500 80.9874
3315000 238.575
3322500 250.325
3330000 206.654
3337500 154.688
3345000 219.812
3352500 162.408
3360000 145.612
3367500 257.931
3375000 220.583
3382500 134.168
3390000 184.266
3397500 298.448
3405000 301.83
3412500 278.608
3420000 180.041
3427500 288.333
3435000 115.393
3442500 275.801
3450000 241.193
3457500 240.242
3465000 143.717
3472500 111.255
3480000 261.801
3487500 160.174
3495000 273.752
3502500 391.92
3510000 338.306
3517500 244.729
3525000 79.3038
3532500 41.9016
3540000 14.1618
3547500 58.6298
3555000 50.6014
3562500 235.597
3570000 143.504
3577500 319.217
3585000 74.6517
3592500 42.7708
3600000 68.8622
3607500 107.845
3615000 111.115
3622500 -52.5946
3630000 -115.926
3637500 -16.0945
3645000 130.603
3652500 -58.8284
3660000 142.346
3667500 176.255
3675000 130.592
3682500 76.6482
3690000 -134.972
3697500 66.6524
3705000 68.0295
3712500 205.31
3720000 53.0073
3727500 75.0188
3735000 129.204
3742500 100.511
3750000 162.282
3757500 125.422
3765000 240.053
3772500 108.733
3780000 261.456
3787500 173.384
3795000 209.568
3802500 29.1205
3810000 276.855
3817500 336.4
3825000 169.889
3832500 186.493
3840000 178.093
3847500 404.145
3855000 376.072
3862500 201.335
3870000 295.469
3877500 200.653
3885000 223.922
3892500 223.011
3900000 152.472
3907500 400.634
3915000 260.807
3922500 318.168
3930000 432.908
3937500 409.429
3945000 239.782
3952500 250.062
3960000 314.776
3967500 217.58
3975000 313.119
3982500 141.99
3990000 222.559
3997500 398.948
4005000 457.261
4012500 285.829
4020000 271.186
4027500 213.609
4035000 -29.94
4042500 165.871
4050000 292.188
4057500 252.845
4065000 269.422
4072500 197.951
4080000 203.897
4087500 238.686
4095000 237.918
4102500 291.454
4110000 154.229
4117500 115.212
4125000 206.344
4132500 302.26
4140000 132.26
4147500 122.933
4155000 213.519
4162500 33.9184
4170000 -141.978
4177500 -126.004
4185000 32.3589
4192500 13.7778
4200000 -36.6433
4207500 94.3172
4215000 95.0032
4222500 249.717
4230000 243.89
4237500 95.8237
4245000 -25.7047
4252500 101.667
4260000 235.848
4267500 137.282
4275000 117.632
4282500 -19.5364
4290000 -6.0925
4297500 -22.6682
4305000 44.154
4312500 209.382
4320000 -53.1651
4327500 145.263
4335000 -86.5285
4342500 62.2729
4350000 96.976
4357500 203.854
4365000 241.588
4372500 330.73
4380000 215.651
4387500 61.296
4395000 201.907
4402500 153.105
4410000 310.567
4417500 366.09
4425000 112.01
4432500 71.0349
4440000 30.7909
4447500 27.2286
4455000 228.851
4462500 229.66
4470000 123.822
4477500 69.2746
4485000 314.248
4492500 348.199
4500000 56.9442
4507500 128.509
4515000 151.441
4522500 76.1192
4530000 226.272
4537500 11.5158
4545000 41.9477
4552500 -10.1989
4560000 -55.1691
4567500 -6.69647
4575000 97.3045
4582500 -113.493
4590000 -96.9794
4597500 -26.7368
4605000 -39.184
4612500 -57.9784
4620000 -61.4211
4627500 182.347
4635000 -0.0574245
4642500 202.109
4650000 257.807
4657500 16.4158
4665000 68.5959
4672500 140.072
4680000 187.0
4687500 -23.0094
4695000 -71.0603
4702500 54.7957
4710000 -0.582845
4717500 71.3697
4725000 -27.3447
4732500 104.189
4740000 68.242
4747500 -199.597
4755000 -171.698
4762500 -199.569
4770000 -89.7656
4777500 -172.101
4785000 -213.085
4792500 129.511
4800000 -149.467
4807500 222.916
4815000 193.568
4822500 336.116
4830000 237.489
4837500 42.0816
4845000 165.488
4852500 191.196
4860000 147.803
4867500 87.5334
4875000 47.7572
4882500 125.324
4890000 205.665
4897500 154.989
4905000 87.4329
4912500 148.989
4920000 12.7985
4927500 168.673
4935000 194.723
4942500 -53.997
4950000 -136.57
4957500 -102.721
4965000 -170.121
4972500 -204.545
4980000 -281.763
4987500 77.0143
4995000 -332.325
5002500 -142.667
5010000 -26.7941
5017500 46.2027
5025000 145.536
5032500 34.0035
5040000 -44.9578
5047500 21.2259
5055000 -150.102
5062500 38.0432
5070000 179.738
5077500 219.898
5085000 -28.5881
5092500 252.089
5100000 169.471
5107500 105.408
5115000 41.2605
5122500 86.088
5130000 166.862
5137500 107.036
5145000 148.581
5152500 225.238
5160000 31.8473
5167500 173.821
5175000 -56.8258
5182500 -177.696
5190000 188.163
5197500 35.2292
5205000 168.277
5212500 256.268
5220000 -8.14484
5227500 8.53437
5235000 18.1656
5242500 328.027
5250000 213.45
5257500 267.35
5265000 293.997
5272500 189.743
5280000 -2.43665
5287500 157.168
5295000 -64.9157
5302500 -20.479
5310000 50.2094
5317500 -146.109
5325000 16.228
5332500 41.5425
5340000 -22.4606
5347500 -69.8125
5355000 -126.076
5362500 68.0322
5370000 43.9938
5377500 -58.2597
5385000 -11.6704
5392500 111.103
5400000 60.1556
5407500 76.5341
5415000 -45.0299
5422500 8.40485
5430000 -112.942
5437500 98.3558
5445000 21.2502
5452500 -131.369
5460000 103.646
5467500 87.1702
5475000 -61.1848
5482500 -41.0378
5490000 -160.282
5497500 3.26544
5505000 -114.63
5512500 114.384
5520000 24.3476
5527500 21.1402
5535000 5.68841
5542500 -123.446
5550000 -287.002
5557500 22.5165
5565000 43.8738
5572500 163.061
5580000 51.4949
5587500 -39.2165
5595000 71.9303
5602500 13.788
5610000 127.875
5617500 108.995
5625000 239.099
5632500 -5.50446
5640000 79.1618
5647500 98.8636
5655000 90.7446
5662500 10.0824
5670000 -111.249
5677500 -41.423
5685000 -36.8381
5692500 43.673
5700000 -52.2546
5707500 -40.3587
5715000 -41.7207
5722500 57.7237
5730000 -76.1767
5737500 55.1697
5745000 -62.2292
5752500 124.692
5760000 76.4174
5767500 128.354
5775000 -63.7272
5782500 27.3365
5790000 0.00586993
5797500 -168.385
5805000 -59.9167
5812500 -114.36
5820000 41.9396
5827500 -165.229
5835000 59.1158
5842500 -5.00147
5850000 112.138
5857500 244.777
5865000 23.5748
5872500 151.925
5880000 30.0881
5887500 59.3289
5895000 10.4891
5902500 75.3943
5910000 248.017
5917500 277.701
5925000 145.665
5932500 61.0086
5940000 -55.7237
5947500 -2.69796
5955000 85.5009
5962500 11.9
5970000 93.1992
5977500 -153.212
5985000 29.0017
5992500 -91.1294
6000000 -147.397
6007500 -119.48
6015000 -14.4453
6022500 109.215
6030000 47.2413
6037500 -154.27
6045000 -165.63
6052500 6.19986
6060000 -29.8963
6067500 -71.681
6075000 -148.217
6082500 -161.556
6090000 -29.5608
6097500 -120.12
6105000 41.187
6112500 -127.219
6120000 7.97044
6127500 109.003
6135000 121.462
6142500 154.02
6150000 1.77144
6157500 -213.382
6165000 -201.837
6172500 69.3826
6180000 29.2035
6187500 -146.12
6195000 -69.4839
6202500 -238.248
6210000 -62.045
6217500 38.8028
6225000 100.882
6232500 67.6202
6240000 87.3152
6247500 -30.3754
6255000 -148.573
6262500 -240.219
6270000 -271.942
6277500 47.3992
6285000 145.83
6292500 140.644
6300000 3.78009
6307500 -60.0545
6315000 -90.8082
6322500 97.4275
6330000 89.1328
6337500 200.493
6345000 126.658
6352500 140.788
6360000 199.247
6367500 70.3734
6375000 134.646
6382500 -163.109
6390000 -116.59
6397500 -5.24379
6405000 -16.6802
6412500 117.293
6420000 33.3688
6427500 125.064
6435000 36.2141
6442500 -14.7003
6450000 55.6561
6457500 -64.9964
6465000 64.7182
6472500 67.5132
6480000 -52.127
6487500 -100.695
6495000 -142.514
6502500 -81.2054
6510000 -15.7961
6517500 199.785
6525000 -11.8381
6532500 214.127
6540000 -160.988
6547500 46.5672
6555000 77.1934
6562500 85.4343
6570000 -250.83
6577500 -199.743
6585000 -106.309
6592500 224.037
6600000 182.575
6607500 75.3412
6615000 109.739
6622500 28.383
6630000 223.433
6637500 -63.1827
6645000 -107.5
6652500 -130.261
6660000 34.3028
6667500 -65.6416
6675000 -199.09
6682500 12.0699
6690000 -34.4252
6697500 -75.6134
6705000 -50.1096
6712500 -156.078
6720000 12.1732
6727500 1.47776
6735000 158.904
6742500 245.037
6750000 -91.6459
6757500 8.48066
6765000 -52.0689
6772500 -21.057
6780000 -241.886
6787500 86.162
6795000 97.9102
6802500 104.722
6810000 -197.891
6817500 -21.7177
6825000 92.5426
6832500 57.9503
6840000 -99.8157
6847500 -176.877
6855000 -109.52
6862500 -5.27462
6870000 -42.469
6877500 -91.6384
6885000 -11.5576
6892500 87.8443
6900000 7.46924
6907500 -45.4326
6915000 -71.8682
6922500 -130.575
6930000 133.432
6937500 264.06
6945000 48.4091
6952500 50.8422
6960000 7.37669
6967500 79.7821
6975000 384.676
6982500 90.5481
6990000 -69.5575
6997500 1.44152
7005000 -118.435
7012500 40.6438
7020000 31.8688
7027500 166.881
7035000 -6.58324
7042500 -29.0555
7050000 -38.9898
7057500 -221.483
7065000 -174.175
7072500 -183.977
7080000 -119.11
7087500 -126.51
7095000 -52.9416
7102500 -33.6084
7110000 59.4207
7117500 -177.533
7125000 -75.5009
7132500 -83.0227
7140000 -185.087
7147500 -148.563
7155000 -135.026
7162500 176.788
7170000 61.0319
7177500 -230.331
7185000 9.84852
7192500 -153.061
7200000 -74.8481
7207500 148.871
7215000 232.616
7222500 164.403
7230000 -6.91742
7237500 80.0386
7245000 88.6172
7252500 -34.0659
7260000 155.216
7267500 131.889
7275000 61.9265
7282500 -127.413
7290000 17.175
7297500 -55.0106
7305000 140.382
7312500 -100.099
7320000 -112.861
7327500 -39.7756
7335000 -82.0111
7342500 75.8593
7350000 4.32007
7357500 84.9691
7365000 -83.8354
7372500 -33.8865
7380000 155.252
7387500 20.0326
7395000 187.483
7402500 226.55
7410000 16.1784
7417500 -124.537
7425000 -39.5855
7432500 10.0179
7440000 183.662
7447500 -167.745
7455000 170.202
7462500 -41.3227
7470000 -32.3441
7477500 -47.2419
7485000 76.8281
7492500 24.4585
7500000 -228.444
7507500 11.7711
7515000 41.0354
7522500 -33.5008
7530000 142.458
7537500 -77.7563
7545000 -178.938
7552500 -11.8707
7560000 27.4374
7567500 72.2437
7575000 113.861
7582500 -199.925
7590000 -265.522
7597500 -76.3301
7605000 61.8916
7612500 202.179
7620000 321.704
7627500 240.9
7635000 106.586
7642500 -12.1863
7650000 111.389
7657500 186.959
7665000 -39.669
7672500 98.154
7680000 -170.777
7687500 -182.406
7695000 -88.9358
7702500 -48.5639
7710000 29.9146
7717500 153.342
7725000 36.4982
7732500 21.7355
7740000 -72.0353
7747500 67.7575
7755000 0.935322
7762500 -86.8567
7770000 -33.1347
7777500 12.9875
7785000 162.697
7792500 94.6461
7800000 35.9179
7807500 195.715
7815000 346.5
7822500 120.4
7830000 51.1196
7837500 18.7238
7845000 -61.8045
7852500 167.445
7860000 -31.8881
7867500 104.744
7875000 55.7888
7882500 -206.289
7890000 -132.705
7897500 -221.472
7905000 -27.4468
7912500 113.035
7920000 293.771
7927500 122.12
7935000 26.4642
7942500 34.3551
7950000 32.3474
7957500 -162.028
7965000 121.238
7972500 146.025
7980000 57.1009
7987500 2.51443
7995000 66.1639
8002500 -76.4006
8010000 -285.841
8017500 -115.425
8025000 48.3485
8032500 126.386
8040000 -37.4409
8047500 -97.3832
8055000 53.5829
8062500 49.4003
8070000 170.345
8077500 -71.699
8085000 -48.4087
8092500 -134.135
8100000 62.4794
8107500 -2.41488
8115000 -16.7648
8122500 297.967
8130000 -68.4552
8137500 -181.028
8145000 -39.4754
8152500 66.1569
8160000 -92.1815
8167500 -145.24
8175000 70.1844
8182500 -62.5316
8190000 -90.5143
8197500 405.583
8205000 -77.7946
8212500 131.627
8220000 -98.6767
8227500 -142.115
8235000 -185.067
8242500 -136.267
8250000 89.2523
8257500 64.3886
8265000 67.2491
8272500 -212.508
8280000 -152.055
8287500 123.963
8295000 151.633
8302500 -129.109
8310000 58.9608
8317500 -211.196
8325000 60.5276
8332500 51.7439
8340000 73.8664
8347500 -102.416
8355000 -250.283
8362500 -100.924
8370000 44.4151
8377500 19.8
8385000 15.2934
8392500 -361.03
8400000 -5.02658
8407500 7.86929
8415000 79.9933
8422500 70.093
8430000 -102.826
8437500 -38.9053
8445000 -11.5027
8452500 136.684
8460000 1.47559
8467500 -103.009
8475000 13.2244
8482500 35.8979
8490000 108.8
8497500 59.7695
8505000 114.952
