0 0.0
1 0.0469993175572
2 -0.108271531678
3 -0.20119119221
4 -0.147623448013
5 0.112100195639
6 0.0781436291534
7 0.16646094177
8 0.133899668977
9 0.102701847467
10 -0.015503435225
11 0.0432839403069
12 0.112297713659
13 -0.0277679649723
14 0.158499688008
15 0.186310743647
16 0.124380594339
17 0.260604691581
18 0.207554153329
19 0.177883224665
20 0.105496300935
21 0.121150268347
22 0.155304230398
23 -0.00978606328604
24 0.11738866879
25 -0.0410591885025
26 0.12821058735
27 -0.124295443576
28 -0.0844607695206
29 0.0889023696341
30 0.120711799777
31 0.103765146983
32 0.124300950604
33 -0.00314321678098
34 0.00691434209978
35 0.148840348177
36 -0.106343411923
37 0.24370580995
38 0.283660562392
39 0.142192206256
40 0.0180587428385
41 0.290226166278
42 0.0707498879578
43 -0.0829171286084
44 -0.2110476842
45 0.0457031086732
46 0.149342144684
47 0.0154895742065
48 -0.113730584977
49 0.162818331558
50 0.177320193798
51 0.0635031035856
52 -0.139154756127
53 -0.0625041317285
54 0.0298119116561
55 0.137444304299
56 0.0763915481783
57 0.255847594846
58 0.292555648042
59 -0.109102242658
60 0.195968769645
61 -0.099470736236
62 0.0936200185816
63 0.083791496041
64 -0.103014956273
65 0.136582920524
66 -0.0559273299442
67 -0.00349061240252
68 -0.0673626097493
69 -0.207820530793
70 -0.0468661936073
71 -0.38815903243
72 -0.369005593429
73 -0.436549377422
74 -0.226583522469
75 0.0215861611398
76 -0.0474908531037
77 -0.194242669658
78 -0.224559542508
79 -0.0663935170774
80 -0.264013760443
81 -0.132582487401
82 -0.109182698443
83 -0.0994990770429
84 0.150164537207
85 0.303578724864
86 0.0745262669399
87 0.00491992647163
88 -0.0727601635115
89 -0.154887654326
90 0.070391368133
91 0.317779849257
92 -0.0310139858782
93 -0.0101440102673
94 0.185642423351
95 0.240681728511
96 0.108750521929
97 0.0172857490002
98 0.0891330345478
99 -0.133245788372
100 -0.0336317162196
101 -0.265877343843
102 0.112749637348
103 -0.23629669804
104 -0.062431981618
105 -0.219481882042
106 -0.0727502669002
107 -0.146889097689
108 0.196360601952
109 0.291569638742
110 0.344526072921
111 0.467437663493
112 0.389689027608
113 0.472272433704
114 0.476690568758
115 0.296619246322
116 0.275420043052
117 0.19796275625
118 0.486527974162
119 0.346964622035
120 0.269595522559
121 0.00044451773692
122 0.209964478473
123 0.0230281514375
124 0.377866697496
125 0.453842216268
126 0.259269472846
127 0.0851317225387
128 0.242820476771
129 0.316153873884
130 0.272868899834
131 0.312182989138
132 0.22887418991
133 0.0589839110013
134 0.564873875041
135 0.221513837284
136 0.460072912897
137 0.00644705414938
138 0.363559660736
139 0.328398613833
140 0.220420898285
141 0.210735169344
142 0.393427311791
143 0.306905687948
144 0.51203996749
145 0.334667013188
146 0.283252608965
147 0.134679088586
148 0.292211971945
149 0.376344353408
150 0.101110808691
151 0.457329788319
152 0.319148404696
153 0.185181751183
154 0.5151616566
155 0.526130620651
156 0.246771448282
157 0.377763652321
158 0.301606419999
159 -0.0164826410056
160 0.0760659392375
161 0.165655109349
162 0.268326981765
163 0.347277795321
164 -0.0140470411568
165 -0.00194268326407
166 0.168230752632
167 0.264329779432
168 -0.00453555016778
169 0.229704259643
170 0.23435275428
171 -0.0277596374067
172 0.32039634115
173 0.199950669274
174 0.254566465705
175 0.292079102071
176 0.300820649846
177 0.430954768424
178 0.412109801788
179 -0.0534082167427
180 0.19853002765
181 0.241872466456
182 0.133102843975
183 0.225260366974
184 0.293426419676
185 0.461280804038
186 0.628344098081
187 0.098847037221
188 0.34799959399
189 0.707798356628
190 0.329290117918
191 0.737905017221
192 0.466501373769
193 0.425344257135
194 0.339342271971
195 0.806419550352
196 0.932636654572
197 1.18350517564
198 0.964930617715
199 1.32636580964
200 1.39974629731
201 1.22922962094
202 1.48787009819
203 1.16658813349
204 1.26507549622
205 0.98884041129
206 1.22361601547
207 1.51226869616
208 1.58919584922
209 1.72445909183
210 1.81659179068
211 1.54178908991
212 1.63834590071
213 1.96773821811
214 1.63153026267
215 1.63223205591
216 2.01042340073
217 1.88811156546
218 2.0353907984
219 1.89946516136
220 1.88453578072
221 1.93825649322
222 2.02573414658
223 1.86511069912
224 1.74160639422
225 1.99681876228
226 2.28397579093
227 2.29582519659
228 2.03188996748
229 2.22823578793
230 2.20543383148
231 2.14369147908
232 1.82825514661
233 2.05930437692
234 2.54694200199
235 2.2048232483
236 2.3538411404
237 2.44598735078
238 2.62101960184
239 2.47856390254
240 2.48711626197
241 2.71190795208
242 2.91454952491
243 2.77069418162
244 3.04438392317
245 3.0587765324
246 3.20140155926
247 3.22246664096
248 3.0384027784
249 2.93557207206
250 2.81540019626
251 3.06633217172
252 3.13996325637
253 3.21113348064
254 3.08541563325
255 3.04416543975
256 3.43513237441
257 3.44715727789
258 3.26609181813
259 3.43270642488
260 3.56249748565
261 3.43370287824
262 3.21098573197
263 3.04389906547
264 3.09097235826
265 3.32002616676
266 3.55222101526
267 3.55738585128
268 3.52230577394
269 3.18116601406
270 3.31296718809
271 3.47436214464
272 3.68345673109
273 3.61750043385
274 3.35670153443
275 3.3338422583
276 3.80421756285
277 3.53746860573
278 3.4043473262
279 3.5530860634
280 3.34566096649
281 3.46820808396
282 3.81864097346
283 4.20276808309
284 3.54964399421
285 4.38608055766
286 4.21430485328
287 3.85284277603
288 4.19762229399
289 4.3516528108
290 4.14593486459
291 4.35822451508
292 4.11514696691
293 4.5512974912
294 4.73162948601
295 4.77774201573
296 4.7206085471
297 4.51347607009
298 4.65514303665
299 4.61305564669
300 4.470848162
301 5.17063783503
302 5.17736180766
303 4.91420886655
304 5.17645401761
305 5.07660038892
306 4.94269240998
307 4.90851853904
308 5.10173469234
309 4.81870592807
310 4.82045246229
311 5.0535985928
312 4.74388310137
313 4.4889296228
314 4.25912697987
315 3.73298817435
316 3.79193026803
317 3.77135945533
318 4.02914124676
319 3.40870592266
320 3.90794756341
321 4.09744658193
322 3.88880647482
323 3.93152935664
324 4.21617269553
325 4.27468113298
326 4.05231450094
327 3.69784187639
328 4.36272835085
329 3.92617724744
330 3.60319274736
331 3.56377898446
332 3.78069055215
333 3.44212279294
334 3.57624527172
335 3.57399052827
336 3.5772585193
337 4.26295484654
338 4.315569762
339 3.78217830762
340 3.54324509554
341 3.55962774384
342 3.40304630637
343 3.64213861162
344 3.3412924187
345 3.69717391
346 3.44530235458
347 3.28999830325
348 3.38991048981
349 3.46623614641
350 2.94106253307
351 2.81704747566
352 2.70728255817
353 2.98068611144
354 2.99090801247
355 3.27481789094
356 3.31720489328
357 3.00418963212
358 3.10050434302
359 2.95942567874
360 3.15502011727
361 3.23782907084
362 3.1355967042
363 3.29127816921
364 3.5147699423
365 3.35247466181
366 3.21841859763
367 3.20037423014
368 3.97991098048
369 3.78501192923
370 3.41699772844
371 3.23607113485
372 3.25709286808
373 3.30316158372
374 3.77356986378
375 3.38351640948
376 3.94722663474
377 3.41490429615
378 3.41457935539
379 3.47726526681
380 3.21098558107
381 3.34625128227
382 3.37348624055
383 3.09006690661
384 3.31575316834
385 3.36848616164
386 3.37154219649
387 3.73770277445
388 3.37783190199
389 3.51119032371
390 3.46961635946
391 3.6577552505
392 3.39802719503
393 3.40762907697
394 3.40623257217
395 3.54353266291
396 3.4504167742
397 3.68283668859
398 3.40741311704
399 3.45182549736
400 3.65312698753
401 3.69786058605
402 3.30774601526
403 3.56948730838
404 3.7056733891
405 4.338913961
406 4.03621695681
407 3.84089442855
408 3.80136981743
409 3.69327641303
410 3.39371568306
411 3.21286142311
412 3.16813715571
413 3.22067548423
414 3.03387980593
415 2.93281763267
416 3.24480639615
417 3.32059705335
418 3.30170759859
419 3.04393473169
420 3.07527531946
421 3.29086230182
422 3.29141284665
423 3.19364540511
424 3.11219924466
425 3.23712213045
426 3.34623595377
427 3.62029079596
428 3.34743597017
429 3.7605126609
430 3.24401656711
431 3.51428875021
432 3.49041970012
433 3.94221390175
434 3.92937532919
435 4.39937236872
436 4.57739775795
437 4.44848050662
438 3.90440895263
439 4.20072310191
440 4.12094771516
441 4.59155729391
442 4.19777698502
443 3.98084281338
444 3.8334193151
445 3.94939580855
446 3.89029702098
447 4.49568773433
448 4.20340177273
449 3.8877533873
450 4.61674952639
451 4.21760706468
452 4.44906784609
453 4.60812618962
454 4.20904924026
455 4.7411499648
456 4.35111050577
457 4.38708930955
458 4.42922470983
459 4.79575887508
460 4.64702157652
461 4.70308509826
462 4.98635669501
463 4.82254912423
464 5.34973997376
465 5.42270976773
466 5.55502547101
467 5.64350205253
468 5.10549054576
469 5.34169233072
470 5.4155030418
471 5.15284154962
472 4.81418472397
473 5.5011409726
474 5.41181911244
475 5.17737475274
476 5.45327559084
477 5.34991411962
478 5.49153479065
479 5.65709295393
480 5.38330113688
481 5.40380846041
482 5.51784404323
483 5.77029621532
484 5.00896657366
485 6.09028676183
486 5.70465402334
487 5.45564788005
488 5.69822587315
489 5.56388251271
490 5.4521211502
491 5.26070039787
492 5.3357561856
493 5.43206198856
494 5.7051512137
495 5.7070021123
496 5.33657650572
497 5.62298003444
498 4.86085995902
499 5.63785363284
500 5.76079673424
501 6.07232631908
502 5.54413099835
503 5.94462947778
504 5.95359829655
505 5.62983535087
506 5.72910101869
507 6.08317035593
508 5.75836201786
509 5.86894549189
510 5.83737515981
511 5.76590532724
512 6.39152056403
513 6.30531547122
514 5.99605797418
515 5.68423363836
516 5.85320614213
517 6.2777473313
518 6.39353387542
519 6.34600285258
520 6.16024303625
521 6.16800422652
522 6.11628692136
523 6.04008989076
524 6.56132633679
525 6.46055314433
526 6.28480296846
527 6.16020317593
528 6.02061124104
529 6.1694744464
530 6.08660797445
531 5.84946734723
532 5.8743784766
533 6.06933585538
534 6.05370824523
535 5.89965056507
536 6.08651631463
537 6.16717101594
538 5.99490841449
539 6.253918154
540 6.30632878774
541 6.26183673176
542 6.74508634741
543 6.52418296953
544 6.66257118376
545 6.88549554484
546 6.83676007367
547 5.9745361426
548 6.50875810358
549 6.37181867536
550 6.5294566835
551 6.37630962137
552 6.77957249481
553 6.60530738279
554 6.80361611352
555 6.67092478922
556 6.55769386624
557 6.51296633893
558 6.85389522179
559 6.21113448843
560 6.54006076023
561 6.1826913523
562 6.21906249812
563 6.67764613043
564 6.38426142442
565 6.44210606578
566 6.4137679757
567 6.94966879996
568 6.85644266725
569 6.87935381293
570 7.3114740024
571 7.17154362682
572 7.07703064705
573 7.29787879909
574 7.14039568699
575 7.1332500815
576 6.96427845497
577 6.58967712572
578 6.7211699331
579 6.87765184168
580 6.93864545877
581 6.94933727267
582 7.20900658166
583 6.83111317039
584 6.97844847792
585 6.70137672891
586 7.02414622531
587 6.74305737317
588 6.34143803597
589 6.23248748048
590 6.0492336054
591 6.30943557862
592 5.90659819151
593 5.93453119427
594 5.18141157163
595 5.5325563374
596 5.66690986911
597 5.50087095792
598 5.44406948115
599 5.67481329763
600 5.79676310627
601 5.65892030142
602 5.91213499232
603 5.97988877907
604 6.30782912239
605 5.79013383687
606 5.88199407046
607 6.08387806474
608 6.2726280308
609 6.11081732132
610 5.8939730781
611 6.17636164822
612 5.55820075003
613 5.65901858691
614 5.84566281071
615 6.23636900008
616 6.03927190412
617 5.94560860647
618 5.97278217816
619 5.72173641995
620 6.0889236196
621 6.54726237822
622 6.18350530043
623 6.70718293122
624 6.32889954089
625 6.43297587696
626 6.18534331813
627 5.89691167435
628 5.97115180435
629 5.50064843311
630 5.56329997107
631 5.85895220224
632 6.01485982906
633 6.04096944987
634 6.51154271774
635 6.2825909793
636 6.38626931664
637 5.94808677192
638 5.94241009679
639 5.67628683074
640 6.05477629552
641 6.41293844703
642 6.41938313039
643 6.23330631634
644 5.85580805802
645 6.132970768
646 5.95915861359
647 5.73439520072
648 6.08177972737
649 6.21034936663
650 6.22795308683
651 6.46275349596
652 6.13629952587
653 6.37867921564
654 6.35911803559
655 6.21937251602
656 5.96720448214
657 6.09329689452
658 6.2714204828
659 6.39984872985
660 5.83302336155
661 5.34612250415
662 5.64118504006
663 5.66461335876
664 5.53862328911
665 5.87532022918
666 5.51236521886
667 6.04188350123
668 5.87767076638
669 5.58926510899
670 5.82853703076
671 5.51168241438
672 5.5329746668
673 5.27544363884
674 5.72089909206
675 6.14639458405
676 6.08777321385
677 6.27821413142
678 6.21414317574
679 6.20840524149
680 6.48325453799
681 6.18442928257
682 6.74738235435
683 6.98791609339
684 6.63886058575
685 6.47971772637
686 6.04815747974
687 6.13591843613
688 6.40356371233
689 6.26767353645
690 6.49533737331
691 6.38244680595
692 6.27331191723
693 6.11935824815
694 6.68058568445
695 6.81450064508
696 6.813887011
697 6.60294126039
698 6.61824539481
699 7.2918154294
700 7.49371104734
701 7.62082513646
702 7.61174512163
703 7.26469595148
704 6.84842321495
705 7.06179763124
706 7.20835143504
707 6.86809132008
708 7.34410340453
709 7.22253638664
710 7.24079740437
711 7.10626533949
712 7.1214882425
713 7.47985993958
714 7.67206857526
715 7.27186703643
716 6.91719866465
717 6.78451120044
718 7.0614674991
719 6.98739043332
720 7.10025529011
721 6.93577686828
722 7.21153489132
723 7.76837320464
724 7.71122317741
725 7.15212011371
726 6.98403155279
727 7.26791626079
728 7.21796364745
729 7.32693481566
730 7.05585785529
731 6.87067729928
732 6.90442914131
733 7.27839496276
734 7.38999573551
735 7.00125300211
736 7.56354532426
737 7.20273063563
738 7.56390730387
739 7.64633456422
740 7.8768792374
741 7.92739060082
742 7.4520183692
743 7.81571781525
744 7.89316210307
745 7.82134406226
746 7.56948540235
747 7.63319724391
748 7.53206993241
749 7.79657661681
750 7.90713297695
751 8.29041760189
752 8.33919869833
753 7.96963946829
754 7.88151899054
755 7.96959197948
756 8.2363560128
757 8.14580577547
758 7.9595816227
759 8.16301972421
760 8.04693610722
761 7.7472209293
762 7.51637832905
763 7.91291879426
764 7.8512525651
765 7.76236972824
766 7.75616372507
767 7.69730389307
768 8.10552067282
769 7.596530144
770 7.53086106996
771 7.41849460326
772 7.15897521722
773 7.5844207647
774 7.64608908673
775 7.56371843474
776 7.45484555951
777 7.23071688871
778 7.59210457689
779 7.54775213066
780 7.49042080518
781 7.37482272997
782 7.137730553
783 7.39228045622
784 7.71528681016
785 7.37296087176
786 7.54728746456
787 7.5440986417
788 7.46481345239
789 7.61239860404
790 7.48656509236
791 7.90902244995
792 7.60439143709
793 7.86031516836
794 7.65403465066
795 7.64355028094
796 7.45190067918
797 7.45346354078
798 7.75191720272
799 7.65396115934
800 7.83937824312
801 7.60868498841
802 7.4462649606
803 7.56646191263
804 7.91154067529
805 7.56295211357
806 7.72455921427
807 7.99488419273
808 7.94482704992
809 7.79998060602
810 7.80094197828
811 8.14951264561
812 8.29578366455
813 7.98703538639
814 8.17735411714
815 7.84375988718
816 7.89150412766
817 7.70280958247
818 7.50119685761
819 7.82574799823
820 7.91984827169
821 8.25404124955
822 8.28914475223
823 8.40064128467
824 8.23280016769
825 8.77289823333
826 9.09839862337
827 8.75788838519
828 8.86657933354
829 8.60650706745
830 8.56009625617
831 8.47056704664
832 8.16825931712
833 8.28820268579
834 8.56484621952
835 8.50602294063
836 8.80141858223
837 8.48706500772
838 8.09587346403
839 8.54933373599
840 7.97598378566
841 8.09889050077
842 8.18031660937
843 8.36351877397
844 7.92424844609
845 8.23175902554
846 8.2425624436
847 8.41229327096
848 8.4012343036
849 8.17337110176
850 8.75625705467
851 8.74208074357
852 8.69798564348
853 8.33622933898
854 8.95628384121
855 9.03940247152
856 9.02028365747
857 9.23501421185
858 8.97799564459
859 8.52193673384
860 8.86880277305
861 8.64344533739
862 8.32304615583
863 9.03791977079
864 9.500072601
865 9.42076121626
866 9.22093074585
867 8.8844511921
868 8.62060529827
869 8.58695272151
870 9.02565402732
871 9.2130239045
872 9.50597275162
873 9.24044359614
874 9.24641800668
875 8.96143221603
876 9.1042531155
877 8.96698123624
878 9.14998164854
879 9.30253937909
880 8.7956181503
881 9.28020214979
882 9.11493714406
883 9.06898022256
884 9.07640477574
885 9.43341703723
886 9.16507412182
887 9.11491274862
888 9.22888967904
889 9.54650439967
890 9.62630213346
891 9.56961970586
892 9.21616397865
893 9.386271009
894 9.53828229311
895 9.31963688201
896 9.1006404461
897 9.304937443
898 9.25873267725
899 8.91662200468
900 9.5182291293
901 9.71790841074
902 9.47459564394
903 9.9499935559
904 9.81071413925
905 9.70908231975
906 9.61004359536
907 9.43240015578
908 9.49816128863
909 9.33562388611
910 9.2169515995
911 9.41924521444
912 9.36832498279
913 9.88180844
914 9.82940362667
915 9.91887494006
916 9.8302855536
917 9.98806399626
918 10.3589755643
919 9.9283579708
920 9.70406076541
921 9.84622076394
922 10.004558916
923 10.1587661332
924 9.84420708248
925 9.90799343931
926 9.97794220319
927 9.60535331639
928 9.85337060793
929 9.5569540225
930 9.30305867496
931 10.022900691
932 9.96722056137
933 10.0766114402
934 9.8785566124
935 10.3495214707
936 10.6096191462
937 10.2268700334
938 10.1799999514
939 10.0771462733
940 10.6089922539
941 10.6108673894
942 10.8250745356
943 11.0955684578
944 10.5236461194
945 10.0953419908
946 10.1792872917
947 10.1972630647
948 10.1329899651
949 10.4049207267
950 10.0396304157
951 10.4621026372
952 10.2772613821
953 10.2993253114
954 10.0195496892
955 10.5120888695
956 10.3798202772
957 10.272826673
958 10.3337392971
959 10.587088014
960 10.7148091732
961 10.5063733918
962 10.6251383332
963 10.2295616644
964 10.430708329
965 11.0563635861
966 10.6980897824
967 10.9153989116
968 11.1025973242
969 10.8454187906
970 10.9203532983
971 11.0947747712
972 11.3091951565
973 10.7393799417
974 10.9817082332
975 11.046356524
976 10.9203151011
977 10.6054311851
978 10.4005373235
979 10.3320671678
980 10.7144853256
981 10.4741418598
982 10.4712225375
983 10.413234311
984 10.2678122531
985 10.1553464836
986 10.6623200644
987 10.7934891952
988 10.9531470974
989 10.7192672319
990 10.3129743198
991 10.1650673015
992 9.89507372937
993 10.1352277587
994 9.94286479061
995 9.93108018509
996 10.0546148881
997 10.2793866345
998 9.81306458068
999 9.8368085824
