0 0.0
1 0.0066871232344
2 0.158461415587
3 -0.178710672269
4 -0.00313795043691
5 0.00595082977102
6 -0.012097959291
7 0.340298314248
8 0.333992877426
9 -0.013732994073
10 0.160608465951
11 0.290468215632
12 0.23562865635
13 0.204399257701
14 0.265250608617
15 0.737168595554
16 0.746187094612
17 0.693621348219
18 0.551389886459
19 0.739934248999
20 0.666752928411
21 0.737632555328
22 0.27603866056
23 0.494104156194
24 0.812799855146
25 0.582426380834
26 0.292253633541
27 0.542367469903
28 0.438296356664
29 0.572832484484
30 0.397819379481
31 0.452989756066
32 0.22710449042
33 0.367759514851
34 0.460107510936
35 0.585755578173
36 0.469622002372
37 0.362670860861
38 0.420426371334
39 0.681688487511
40 0.377523231025
41 0.239213172794
42 0.637132852413
43 0.528913316871
44 0.641324550783
45 0.656438345074
46 0.176956835046
47 0.377396730161
48 0.407909323105
49 0.517715875535
50 0.64492784283
51 0.489799680467
52 0.555546703572
53 0.389418859807
54 0.497840789642
55 0.502774201346
56 0.546531270486
57 0.558020672182
58 0.51249285785
59 0.596394134702
60 0.399797221969
61 0.373369373977
62 0.623602054621
63 0.600497001476
64 0.897319826075
65 0.960991862617
66 1.28033597713
67 0.990279735092
68 0.584342773729
69 0.7950929712
70 0.583884337109
71 0.52112698787
72 0.650821271349
73 0.697340548104
74 0.621761470412
75 0.754536509838
76 0.675053827496
77 0.673962724139
78 0.84154098886
79 0.812598514865
80 1.02282716622
81 0.951494060965
82 0.834861958176
83 1.26382867346
84 1.07604966305
85 0.779924917796
86 0.963712374989
87 1.18652753351
88 0.992963660888
89 1.4171776885
90 1.247129825
91 1.30224522717
92 1.53694191548
93 1.58910916848
94 1.09963337013
95 1.3810157682
96 1.30421984216
97 1.31767760925
98 1.31124036827
99 1.22453608321
100 1.28585494443
101 1.50861043088
102 1.42264680112
103 1.5880739586
104 1.17691807288
105 1.28849026643
106 1.48646760605
107 1.35681983252
108 1.43290029911
109 1.34745193131
110 1.22094776709
111 1.56228756005
112 1.09990129371
113 1.31420055489
114 0.968168326723
115 1.22982083902
116 1.17190121316
117 1.17717451116
118 1.49780988234
119 1.73223443976
120 1.51307562044
121 1.71156652858
122 1.61459756705
123 1.71410240411
124 1.55716331718
125 1.52609194413
126 1.45435404078
127 1.6296471591
128 1.92634781526
129 1.86644369337
130 1.86936469906
131 2.36025998898
132 2.37390176883
133 2.25264075583
134 2.22949330837
135 2.15609431988
136 2.05840483597
137 1.99563058261
138 2.19138972541
139 2.30254789356
140 2.04274549476
141 1.78864202695
142 2.13125955232
143 1.83554296196
144 1.92563895425
145 2.07603595023
146 2.21544791375
147 2.14977686905
148 2.25226208364
149 2.09448090204
150 1.92724521198
151 1.96628776499
152 2.13470953068
153 1.92848258901
154 1.96597544552
155 2.30701582264
156 1.87943052874
157 2.10939469438
158 2.15732269351
159 2.01960334514
160 1.89694082684
161 2.2975166584
162 2.07013213876
163 2.15340487168
164 2.35256679464
165 2.27823542794
166 2.64804372133
167 2.22196860308
168 2.26124347677
169 1.79191990364
170 1.43735603935
171 1.16267293464
172 1.44370256261
173 1.18106034077
174 1.09173342519
175 1.21382953195
176 1.07560384303
177 1.25968913906
178 1.08266825239
179 1.02024133982
180 1.31085914849
181 1.29010031235
182 1.03308408977
183 1.04611158369
184 1.21748860668
185 0.916010796766
186 1.28813189879
187 1.28209735938
188 1.36554016633
189 1.24713013715
190 1.71388964442
191 1.56054821316
192 1.36191533703
193 1.39213516376
194 1.14551686237
195 0.813969588535
196 1.17807131866
197 1.25587095981
198 1.3259374458
199 1.20379286155
200 1.2686232133
201 1.21208586752
202 1.45674674901
203 1.4032573563
204 1.5327954567
205 1.80687998771
206 1.30042388685
207 1.71475079553
208 1.47752225851
209 1.61010717239
210 1.29749942422
211 1.67938062051
212 1.17939983135
213 1.54593560878
214 1.12868692274
215 1.34594538749
216 1.68047425856
217 1.54895356866
218 1.16196600851
219 1.36139911255
220 1.05673621999
221 1.18852614976
222 1.2675949077
223 1.43650838562
224 1.22771719229
225 0.935184055093
226 1.48603306518
227 1.38716422294
228 1.12977189973
229 0.959554762346
230 1.12060149764
231 0.990565335996
232 0.939812592786
233 1.05497861833
234 0.799425964074
235 0.794356557122
236 0.682937196333
237 0.526405968862
238 0.474344293642
239 0.414774581635
240 0.535234493994
241 0.748380303905
242 0.603966804437
243 0.718302242864
244 0.983783441846
245 0.815917401136
246 0.916126236313
247 1.0920440048
248 1.08008384198
249 0.926100881357
250 1.44879570188
251 1.0879141594
252 1.0635046054
253 0.984941159099
254 1.19903976718
255 0.720160373408
256 0.908534366994
257 1.06133741088
258 1.1070854869
259 0.767088592001
260 0.959919004987
261 0.992798205685
262 1.07444280017
263 1.27472026876
264 1.10745991684
265 1.27040729812
266 1.0130134112
267 1.16927064614
268 1.14901021929
269 1.62808998977
270 1.41557423606
271 1.72332976886
272 1.72353845884
273 1.63286706763
274 1.90129009845
275 1.78722313694
276 1.71993617521
277 1.73284635363
278 1.67821363234
279 1.51097636145
280 1.65027193713
281 1.5578403564
282 2.00248828949
283 1.7399105811
284 1.77806051598
285 2.08405450725
286 1.99677698131
287 1.71538123394
288 1.95759487162
289 1.68281140551
290 2.16122543999
291 2.09196912131
292 1.72878732316
293 2.03307580191
294 1.95665022632
295 1.93944434994
296 2.02686467587
297 2.11022256459
298 2.06216685822
299 1.8787713111
300 2.05597748253
301 2.46128531198
302 1.9296532464
303 2.20587772647
304 2.21238922364
305 2.06027894675
306 2.09122072927
307 2.34993051186
308 1.91894744226
309 2.40518932794
310 2.05535146661
311 1.89721044052
312 2.18065404382
313 1.88313755181
314 2.01565830093
315 2.36124882382
316 2.02051284949
317 1.8973987921
318 2.00229556174
319 2.34187251328
320 1.94776540569
321 2.02977834327
322 2.10432314471
323 2.03296689182
324 1.92561333051
325 2.02853806374
326 1.95914732801
327 1.75727712158
328 1.86555484988
329 2.09213843696
330 1.99776804535
331 2.31186336009
332 2.10519713173
333 1.9343299867
334 1.91889818853
335 2.08275445551
336 1.74693853068
337 2.01881686346
338 1.89068303733
339 1.63558505977
340 1.82458678737
341 2.4795040964
342 2.48607487531
343 2.24024759327
344 2.09842660341
345 1.77417746483
346 1.96772200602
347 2.23929366424
348 2.33712051337
349 2.68885443855
350 2.2376274572
351 2.28344650768
352 2.30129799941
353 2.6335414348
354 2.57265022276
355 2.36632333572
356 2.47821560387
357 2.33459779141
358 2.1969275899
359 2.19936294942
360 2.17982447912
361 2.52806444035
362 2.67526915606
363 2.48408538132
364 2.32080016479
365 2.31476354315
366 2.44878108199
367 2.23295460758
368 2.4870727201
369 2.76376225893
370 2.47167466523
371 2.54209535641
372 2.20979355055
373 2.32269212691
374 2.12387503419
375 1.96817896536
376 1.83393302256
377 1.99673433922
378 2.10524870392
379 2.14416997323
380 2.03208333114
381 2.04858571279
382 1.82441526735
383 1.93554347005
384 2.19433011109
385 2.46804999781
386 1.88955842926
387 2.04069644841
388 2.09715545895
389 1.79635726879
390 1.93636193653
391 2.27921929725
392 2.00218698964
393 2.12391471929
394 2.0711225814
395 1.87379632237
396 1.96748399648
397 2.58113057949
398 2.28986814375
399 2.21038077422
400 2.12160973452
401 1.87064230899
402 2.3032653288
403 1.95545654024
404 2.34578512755
405 2.16090777417
406 2.44210425722
407 2.2763751712
408 2.43535580978
409 2.08846584053
410 2.1424833114
411 2.72952464961
412 2.88681409748
413 3.00118538875
414 3.00482022428
415 3.34272243527
416 3.6965672183
417 3.75959193815
418 3.56256773426
419 3.22560333718
420 3.25046919308
421 3.3613715538
422 3.37492542423
423 3.42303178378
424 3.30667308262
425 3.2821867121
426 3.68624809733
427 3.20938282533
428 3.32004795506
429 3.47711143802
430 3.28313581838
431 2.85090954328
432 3.49618394174
433 3.47017607957
434 3.51839896318
435 4.24013653559
436 4.01794779707
437 4.21697945679
438 4.176335581
439 4.0364907663
440 4.39182039052
441 4.44797570939
442 4.09837467736
443 4.48248159672
444 4.67296870107
445 4.21394323523
446 4.49433097931
447 4.59540503528
448 4.56260889422
449 4.32506929484
450 4.50408728572
451 3.92086920267
452 3.98518347664
453 3.860160024
454 3.79367321986
455 4.10242910484
456 4.21413774633
457 3.62310126091
458 3.37584019211
459 3.44017138345
460 3.48614651137
461 4.21131529564
462 3.77015242016
463 3.54670443839
464 3.85656923403
465 3.88921065731
466 3.71308348317
467 3.57444328798
468 3.52543749293
469 3.66383564048
470 3.45513254926
471 2.9988757933
472 2.75794562251
473 2.93880580824
474 3.23646921254
475 3.18031031232
476 3.3893287554
477 2.96042354732
478 3.4605142543
479 3.51158641035
480 3.71077858851
481 3.43704336375
482 3.40760902538
483 3.01422834454
484 3.45529285368
485 3.65812758375
486 3.99388439987
487 3.47673686233
488 3.94430979392
489 4.42005184644
490 4.76326865009
491 4.29920731853
492 4.60398995244
493 4.61994695907
494 4.68705717692
495 4.99994834439
496 5.48253927544
497 5.74322145884
498 5.62090846745
499 5.78133194188
500 5.99065066362
501 5.89665893186
502 5.85908220956
503 6.07934924533
504 6.39293624736
505 7.10520917993
506 7.41606919518
507 6.97099404211
508 7.48887532099
509 7.02759407763
510 7.42762138827
511 7.57450086635
512 7.59343269133
513 6.97716169669
514 7.26138656886
515 6.99221814396
516 6.94966970177
517 7.03980707007
518 7.06004595708
519 7.2571598821
520 7.07804195739
521 6.78704674446
522 6.55537978472
523 6.70355155902
524 7.03881446545
525 6.58345185321
526 6.6776714828
527 6.9179455324
528 6.64510197912
529 7.29001950738
530 7.03533425765
531 7.13802283174
532 7.32752600475
533 7.28088414673
534 7.6825615536
535 7.12618081354
536 6.9162248365
537 6.83528631821
538 6.98020766262
539 6.87297013261
540 7.29283496894
541 7.55174213127
542 7.26800356356
543 7.51118570317
544 7.57642072277
545 7.44203755271
546 7.76429264086
547 7.82344302076
548 7.19879852957
549 7.76419920662
550 7.91401323014
551 8.23371698056
552 7.98225248668
553 8.17647140694
554 7.94429101731
555 8.21478348058
556 7.738781806
557 7.77602107965
558 7.87734432707
559 7.37490579472
560 7.53581916079
561 7.15434201037
562 6.82117079243
563 6.74674881547
564 6.86689934067
565 6.83022540479
566 6.46043607247
567 6.35132560087
568 6.70704281488
569 6.64577850505
570 7.1622795682
571 6.68422183343
572 6.66591283053
573 7.15776024369
574 7.40495783516
575 7.81641983725
576 7.91756247931
577 7.69648086536
578 8.51127111012
579 8.75772885832
580 8.80376451437
581 9.00276084038
582 9.28792179304
583 8.96879836667
584 8.70782411542
585 8.8492016818
586 9.04703873687
587 9.76647927507
588 9.68018569286
589 9.81394883039
590 9.90311199416
591 9.49045444555
592 9.18976877811
593 9.09430842001
594 8.37699877356
595 7.86090996925
596 7.59803612608
597 7.53511796906
598 7.87855748192
599 8.28374223949
600 8.61787967204
601 9.23446567288
602 9.47824768605
603 9.33304666494
604 8.99306432772
605 9.31670609474
606 9.56875074557
607 9.58540852534
608 9.61851260698
609 9.52027940077
610 9.43068347589
611 9.03535782229
612 8.87297154906
613 8.80690216884
614 9.08078961712
615 9.00731924576
616 9.37330431184
617 9.51899100841
618 9.46546933008
619 9.29016020477
620 9.00977428936
621 9.49187677747
622 10.1361669572
623 9.75847157266
624 9.986714774
625 9.9382350303
626 9.96163269995
627 10.6383781159
628 9.95938093487
629 9.84804713214
630 9.66049301676
631 9.56250016229
632 9.68720886281
633 9.56973882896
634 9.64228321585
635 9.63529186763
636 9.86742640719
637 9.86004442375
638 9.11224590512
639 9.10227379782
640 9.45058176373
641 9.37166337373
642 9.15309398798
643 9.25949877282
644 8.87670184641
645 9.27831788195
646 9.18331071289
647 9.26362927584
648 10.064450918
649 10.0611488665
650 9.86931203314
651 9.48630462124
652 9.52890517376
653 9.17898413964
654 9.32081174693
655 9.86157087054
656 9.65144751127
657 9.74957030472
658 9.46569104422
659 9.51684277444
660 9.50015577891
661 9.70641105915
662 9.41921596383
663 9.519560196
664 9.87554764707
665 9.86119931141
666 10.0707985324
667 9.85741596854
668 9.56598624665
669 10.1616254525
670 10.2002447082
671 10.0871580401
672 10.196630425
673 9.74673292307
674 10.2678650152
675 10.5098574561
676 10.6292144548
677 10.2927923768
678 10.4314074394
679 10.5002472718
680 10.8668670078
681 10.5461360115
682 10.5897172951
683 10.2805794507
684 10.471999812
685 11.1076090453
686 10.6617377247
687 10.1927773165
688 10.304525848
689 10.6400491451
690 11.0363153335
691 11.5016499349
692 15.0641979986
693 15.4065633388
694 14.6840064278
695 14.7670839248
696 14.9970070024
697 14.4470523911
698 14.4388183535
699 14.4898817032
700 14.8215659403
701 10.9763558906
702 11.3329113437
703 10.6329076086
704 10.7501922361
705 10.7754947718
706 10.6015613485
707 10.6795429427
708 10.2730200479
709 9.85659979976
710 9.79957892846
711 9.32070807257
712 9.12134500121
713 9.01240414724
714 8.72335558688
715 8.90670261897
716 8.92277972128
717 8.77728729089
718 9.16296805789
719 8.96939551531
720 8.85097041008
721 8.85445120456
722 8.38850004505
723 9.07037094229
724 14.2431210939
725 14.3275483245
726 14.7966946069
727 14.2623358888
728 9.54846548775
729 9.1136924347
730 8.97643265012
731 9.26623486937
732 8.95731361623
733 9.162934626
734 8.45278458976
735 8.06413362397
736 8.22152732644
737 7.85487769765
738 7.81760441092
739 8.15139903484
740 8.24891746629
741 8.46107354468
742 8.79591784132
743 8.3647020369
744 7.58191566523
745 7.72422086701
746 7.22652895464
747 7.5575171465
748 7.38940447211
749 7.23871840212
750 7.53568301994
751 7.72817938232
752 7.58100135707
753 8.16180076741
754 7.26688855394
755 7.81467667242
756 8.50263908671
757 8.13615124409
758 7.57520688167
759 7.98648123081
760 7.9671437644
761 8.00840152944
762 7.76515320038
763 7.61418315644
764 8.34785073857
765 7.80902491188
766 7.76679572169
767 7.34113607027
768 7.9069353173
769 8.57739187401
770 8.75204571961
771 9.25837954932
772 8.73056145031
773 8.50615060593
774 8.27167198066
775 8.95616537451
776 9.1933436556
777 14.4354762094
778 14.6080401157
779 15.1875003854
780 14.7751500512
781 14.5690927753
782 14.2939701738
783 14.2272904684
784 13.9512584419
785 14.6117595272
786 15.0981501668
787 15.2297127916
788 10.3471991991
789 10.3592509682
790 10.2165157331
791 10.1354407458
792 9.9367010381
793 11.0134247485
794 11.1164553767
795 10.8590886389
796 10.3963759658
797 10.4900727823
798 10.7561929681
799 11.1261954196
800 10.5226322507
801 10.9140867032
802 11.2101324636
803 10.9744252499
804 11.3111669754
805 11.8096876511
806 11.1698771964
807 11.7948693145
808 11.8275981251
809 11.5926504226
810 11.7282847829
811 11.1643894416
812 11.1938955318
813 11.3344800476
814 11.5564944339
815 11.8378191206
816 11.8059746823
817 11.2499670217
818 11.3247349139
819 11.0889311423
820 10.2393015671
821 10.3001879345
822 10.3500207225
823 10.1217336745
824 10.214743104
825 10.3000946026
826 10.6080582122
827 9.92801083008
828 9.52963441011
829 9.42295489043
830 8.93997127753
831 9.08353176354
832 9.62197980861
833 9.76271448324
834 9.25047856124
835 9.18963100557
836 9.62282285317
837 9.60744928156
838 9.85103222329
839 9.29410235569
840 9.04570309838
841 8.81724332117
842 8.99225479715
843 9.29942892339
844 9.12561634356
845 9.22746926499
846 9.29232300764
847 8.61528513101
848 8.30859617528
849 8.06801110692
850 7.99258224311
851 8.42058626157
852 8.42013716283
853 8.45289133976
854 8.33203947845
855 8.78240763274
856 8.36075603405
857 8.23471063972
858 13.8528682732
859 13.9767267199
860 13.9910660648
861 13.9632490076
862 14.5016565205
863 14.182477417
864 14.1908752117
865 13.6879198227
866 13.7138055595
867 14.5804835079
868 14.4147978331
869 8.3027764994
870 7.76382756249
871 8.08135948298
872 14.2318022753
873 14.1067584305
874 14.0136447035
875 13.5350928747
876 13.6743313326
877 13.8741569156
878 13.8809010285
879 13.7730541986
880 13.6575579587
881 13.4810723797
882 13.5165217025
883 13.2565177152
884 13.0917102866
885 13.4546437502
886 13.4909388382
887 13.6174393102
888 13.9046978167
889 13.9280001662
890 13.9566667689
891 13.7854884449
892 14.1447573563
893 14.3742989583
894 13.8770890989
895 13.5330406126
896 13.5330348376
897 14.0240797299
898 14.5051472859
899 14.9508458336
900 9.85404413717
901 9.34365477517
902 9.12608362535
903 9.16296939759
904 8.79048008638
905 8.36936952456
906 8.19164713637
907 8.54998641003
908 8.7596250865
909 9.13356562385
910 8.66083505104
911 9.41052836932
912 14.9061793651
913 14.576813337
914 13.864750842
915 14.0252506478
916 14.2068749643
917 13.5997215843
918 14.207181489
919 14.0407197431
920 13.8054157817
921 14.1680228515
922 14.9159238063
923 15.232679785
924 15.2741863648
925 9.37361932551
926 9.3438970009
927 9.14536639923
928 8.76605829303
929 8.48727703791
930 8.44397878261
931 8.72028808043
932 9.01825203619
933 8.85662777935
934 9.02059369171
935 9.36161992891
936 8.91938581612
937 9.17253040019
938 8.59764285186
939 8.88291339322
940 8.70210253083
941 8.50882073081
942 8.85241554342
943 8.99139797877
944 8.74818127463
945 8.9041321797
946 9.10488408989
947 8.82060606993
948 8.6784270409
949 8.54271630227
950 8.60997362274
951 8.33987264014
952 8.89424091239
953 8.44716010796
954 14.6275472905
955 14.5806969412
956 14.4112753613
957 14.6447050963
958 9.06313687499
959 9.13960503454
960 8.75374092816
961 8.85258756599
962 8.68918978485
963 8.85817521621
964 9.14485048859
965 9.33505263508
966 8.9592295036
967 9.05652600176
968 9.36405044516
969 8.9222231382
970 9.48681873248
971 9.4811336826
972 9.59778155992
973 9.87287510333
974 9.57860892871
975 10.1862858449
976 10.2154906386
977 9.70206954961
978 9.71806617415
979 9.72189188698
980 10.1352111428
981 10.0675719215
982 10.3292992391
983 16.097524768
984 15.5800949216
985 15.6496133395
986 10.3081924731
987 10.2977470407
988 10.3683401312
989 10.2679278664
990 10.2843361791
991 10.1788486351
992 10.4719286179
993 10.0438940885
994 9.29151962001
995 9.31233628169
996 9.46508169136
997 9.80257694487
998 10.0214304866
999 10.015839715
