0 0.0
1 0.0809236924455
2 -0.0149793137377
3 0.0108851738582
4 0.0356454366744
5 0.0471421995335
6 0.107437304731
7 0.0539473591819
8 0.0336708933991
9 -0.26913098702
10 -0.263710572671
11 -0.2707109537
12 -0.2688557426
13 -0.322554605429
14 -0.114020508901
15 0.151548243561
16 0.109742193101
17 0.303845038765
18 -0.167405391376
19 0.173450665746
20 0.0434890892121
21 -0.0470750489601
22 0.0469636199735
23 0.0165189979754
24 0.118938227658
25 -0.103714706987
26 -0.00921442989566
27 0.0603227271391
28 0.221751938805
29 0.235024779933
30 0.313870218276
31 0.103828463386
32 0.0628585835034
33 0.0597639932299
34 0.111927746671
35 -0.151738477536
36 0.0646701619655
37 0.134194755939
38 -0.167959653633
39 -0.213912175915
40 0.0270386236292
41 0.0225260620541
42 -0.114066454902
43 0.189267746596
44 -0.0946261293151
45 -0.111760934182
46 0.0207158120573
47 -0.0508377465155
48 0.000875359659506
49 -0.107679969098
50 0.075053395732
51 0.0683794956387
52 -0.131347546513
53 -0.164447836951
54 -0.343814846263
55 -0.0475842411018
56 -0.159705814321
57 -0.237016542693
58 -0.237143906198
59 -0.257159160515
60 -0.027742182671
61 0.0324786416553
62 0.0327615932265
63 -0.278055075686
64 -0.137086989922
65 -0.220753267725
66 -0.0123547084502
67 -0.186767193927
68 -0.108438455643
69 0.0619719162816
70 -0.0331364395566
71 0.365822921547
72 -0.0487810808211
73 -0.0289348101082
74 -0.084659269854
75 -0.019837925849
76 -0.189407816609
77 -0.1791472107
78 -0.184155591168
79 0.0869796019338
80 0.074882863893
81 -0.216687728982
82 -0.0879228601917
83 -0.331849486667
84 -0.492979549076
85 -0.348532433459
86 -0.2290941075
87 -0.426135258919
88 -0.317725076335
89 -0.280971806984
90 -0.663386561819
91 -0.590039333747
92 -0.328034978171
93 -0.164958608312
94 -0.376973708618
95 -0.306869817233
96 -0.206995271431
97 -0.192981366978
98 -0.179992974812
99 -0.168585442981
100 -0.24483661873
101 -0.23670243207
102 -0.192868307549
103 -0.286573045574
104 -0.19577733231
105 -0.462892756528
106 -0.25865629889
107 -0.261177947723
108 -0.363353867727
109 -0.421897758504
110 -0.204636989267
111 -0.194219050037
112 -0.280978005332
113 -0.473817041851
114 -0.484040797263
115 -0.499396436442
116 -0.395395401991
117 -0.516913628037
118 -0.29888982669
119 -0.53452992174
120 -0.356899849219
121 -0.0568938839026
122 -0.0670744826165
123 -0.539166262716
124 -0.237372410571
125 0.052048923079
126 -0.278295596736
127 -0.190189211545
128 0.0800794170828
129 -0.118070501092
130 -0.275532749025
131 -0.143600391362
132 -0.223697246967
133 -0.148150555916
134 -0.195346017964
135 0.064868400814
136 -0.261595790246
137 -0.102158890042
138 -0.640546315139
139 -0.143452444111
140 -0.0552159587922
141 -0.213031335099
142 -0.280638125625
143 -0.271571163904
144 -0.181879640144
145 -0.0113650223387
146 -0.107148970618
147 -0.231251151642
148 -0.0647674715058
149 -0.250571766781
150 -0.342195965101
151 -0.420153173568
152 -0.495808731005
153 -0.179184104965
154 -0.294996095766
155 0.0396185936001
156 -0.0175440570113
157 -0.200414239666
158 -0.0596793307224
159 0.0715811610371
160 -0.129262504283
161 -0.106448523984
162 -0.152166818575
163 -0.166727187451
164 0.0298388343755
165 -0.253250377819
166 0.0245478110269
167 0.122393827146
168 0.210807428657
169 -0.0073500870641
170 0.0748765768961
171 0.296310489051
172 0.348711831041
173 0.229412679819
174 0.31136730116
175 0.168765296551
176 0.330485738084
177 0.280860068272
178 0.371958321439
179 0.214311851586
180 0.445717939491
181 0.470664057044
182 0.492066455759
183 0.213627007104
184 0.534673996754
185 0.455906838796
186 0.627291215455
187 0.497840403177
188 0.737374582409
189 0.657549951206
190 0.449131778374
191 0.557518929777
192 0.642572327303
193 0.725512348352
194 0.842915931789
195 0.788977710848
196 0.925192972467
197 1.05133539539
198 1.08130010255
199 1.31430242575
200 1.28703322628
201 1.30676129189
202 1.41607111981
203 1.36441210906
204 1.23191447891
205 1.40911059448
206 1.59976543835
207 1.41626600928
208 1.06924088535
209 1.64753988082
210 1.48212011825
211 1.27004110085
212 1.23594785477
213 1.62238770285
214 1.82152305851
215 1.56348566021
216 1.96134304425
217 1.86798214907
218 1.52985944645
219 1.81537564429
220 1.68042412065
221 1.54933453727
222 1.80176121569
223 1.99547980134
224 2.27847402149
225 2.27411396838
226 2.21543825552
227 2.20447128075
228 2.37136794944
229 2.47383388859
230 2.54160527349
231 2.75942547361
232 2.59718518621
233 2.42922119485
234 2.5444669881
235 2.55984369241
236 2.21971808969
237 2.62777594614
238 2.37788996276
239 2.10387059094
240 2.45884234137
241 2.61944709751
242 2.73065527576
243 3.2259253088
244 2.89751741228
245 2.92774332719
246 2.77481666667
247 2.59367279689
248 2.66826253497
249 2.58291061861
250 2.67454070962
251 2.2606335007
252 2.53701277431
253 2.10283917593
254 2.03698037497
255 2.10514846139
256 2.1809939033
257 2.25210602148
258 2.70112369777
259 2.48691505477
260 2.54028998385
261 2.64752111043
262 2.50246944721
263 2.34740276461
264 2.23421242136
265 2.55412175999
266 2.13864517655
267 2.55302757021
268 2.3942808436
269 2.45935319148
270 2.07915224872
271 2.39038764934
272 2.47649630435
273 2.1295803023
274 2.15292902981
275 2.23770563049
276 2.48912109265
277 2.09874752388
278 2.42631595122
279 2.49409100216
280 2.3981277756
281 2.64083976443
282 2.07581483773
283 1.99005650288
284 2.33679408226
285 2.51390484627
286 2.40694960283
287 2.4613769317
288 2.30782470189
289 2.23968982837
290 2.37998892198
291 2.26774796747
292 2.37002314136
293 2.34257837478
294 2.55938424195
295 2.79107491061
296 2.72041201016
297 2.47071546548
298 2.53134191208
299 2.67370968272
300 2.57350754642
301 2.98544571799
302 2.60794362951
303 2.58728610586
304 2.26206230668
305 2.32163982399
306 2.22424545523
307 2.5675967969
308 2.35531597715
309 2.49007644762
310 2.35041905602
311 2.29787966633
312 2.41350829849
313 2.50221391164
314 2.89688218973
315 2.92134679144
316 3.0789733116
317 2.84497011206
318 2.69307859649
319 2.48227176567
320 3.1067277785
321 2.85998920283
322 2.97318774671
323 3.27768111846
324 2.78573886116
325 2.9442571031
326 3.20418532741
327 3.0040340095
328 2.85613628532
329 2.53754255132
330 2.64692933336
331 2.79940184582
332 2.59793546843
333 2.35887475032
334 2.45591765797
335 2.80215769108
336 2.84567707127
337 2.91800024705
338 3.16185481252
339 2.94389481685
340 2.76038421359
341 2.89135949686
342 2.76832253668
343 2.87455811082
344 2.60610018193
345 2.6639713771
346 3.08122082634
347 3.16083849917
348 3.20100924401
349 2.859991308
350 2.76796794885
351 2.82667148429
352 2.66540481318
353 2.54422739066
354 2.76106148681
355 2.8835706996
356 2.51291055135
357 2.50555292017
358 2.67054376514
359 2.65034821218
360 2.55236971375
361 2.52219543903
362 2.39975530334
363 2.43196620575
364 2.43038980304
365 2.73341855972
366 2.7617967029
367 2.88350853061
368 2.87825942574
369 2.71625893369
370 2.60846217335
371 2.59137325798
372 2.36383762158
373 3.0216855978
374 2.33924566672
375 2.60638558374
376 2.90348625475
377 3.18001092651
378 2.82590874284
379 2.63699802381
380 2.71927275421
381 2.8104230115
382 2.49492378808
383 2.51870964533
384 3.37569679234
385 2.96657760535
386 2.58287855609
387 2.90142380164
388 2.92024815562
389 2.99981823336
390 2.83682572425
391 2.80754326959
392 2.82987855731
393 3.14431127574
394 2.68763573665
395 3.011610841
396 3.30998316044
397 3.23373459784
398 2.96527470186
399 3.12552885085
400 2.79810105351
401 2.99583158628
402 3.47053852618
403 3.26944464092
404 3.16766043736
405 2.90070821679
406 3.12185197091
407 2.86740565757
408 2.91065866122
409 3.07008732996
410 3.23704844687
411 3.37252069205
412 3.16778539847
413 3.22283814724
414 2.97185113298
415 3.18672092639
416 3.31929193617
417 3.25066007503
418 2.93175701682
419 2.8256956322
420 3.02120653664
421 2.70887558854
422 3.12382469996
423 2.77392247486
424 2.72900907066
425 2.6395375638
426 2.90964902301
427 2.68839194099
428 2.53982358462
429 2.78785058648
430 2.80124589627
431 2.8938558962
432 2.52970120041
433 2.38148081098
434 2.72820177704
435 2.93407527735
436 2.99080586174
437 3.04253711439
438 2.70811467716
439 2.61736896208
440 2.90897907356
441 3.2468353857
442 3.23522902913
443 3.00880690615
444 3.12727953642
445 2.76411890549
446 2.69547498034
447 2.65321107603
448 2.52503690605
449 2.31390593349
450 2.33612015279
451 2.43367665387
452 2.45462780314
453 2.53506585737
454 2.17439790566
455 2.69047728133
456 2.93731898977
457 2.94844753435
458 2.89480833483
459 2.72747877099
460 3.0766154404
461 3.09463136058
462 2.69814103706
463 2.97940600067
464 2.6011611065
465 2.79844234249
466 2.96203867214
467 2.99150450639
468 3.06540035787
469 2.97148398906
470 2.89799038427
471 2.7364811322
472 2.70394854471
473 3.35735556288
474 3.16072467768
475 3.32790445259
476 3.63147611855
477 3.67295193682
478 4.13445408891
479 4.45588734752
480 4.05602955421
481 3.7396417927
482 4.05828445836
483 4.07167725849
484 4.42495199825
485 4.19189214652
486 4.25473184236
487 4.13390556448
488 4.39657768839
489 3.84972888852
490 4.50214401833
491 4.75801076699
492 5.04183722858
493 5.19834713373
494 4.62409376942
495 4.86899697282
496 5.18151132592
497 4.60124000145
498 4.88833173609
499 4.87230525938
500 5.00477176163
501 4.99090619038
502 5.06430535118
503 4.52765314977
504 4.41132597606
505 4.92755893017
506 4.84430336841
507 4.79087096985
508 5.23236222851
509 5.42550996966
510 5.46861166502
511 5.23157558404
512 5.42033197533
513 5.23703883753
514 5.35580058641
515 5.04890465004
516 5.09316170989
517 5.360806721
518 5.16937742208
519 5.39573544889
520 5.76623677856
521 5.44171738583
522 5.52890331051
523 5.04534755918
524 5.10024926758
525 5.0769470305
526 5.17012405372
527 5.15722766106
528 4.54040991575
529 5.20581489988
530 5.12519120921
531 5.03282623949
532 5.52766060842
533 5.633592486
534 5.71482914403
535 4.89071709321
536 5.29116325377
537 5.69939184944
538 5.61503940783
539 5.56938748146
540 5.74123471682
541 5.80819041662
542 5.42619367808
543 5.22116980404
544 5.50673192676
545 5.33668724419
546 5.76148043346
547 6.12329188402
548 6.14288221541
549 5.84899306782
550 6.55163172974
551 6.68000550134
552 6.49685689207
553 6.61650337292
554 6.79565798579
555 6.3868466085
556 6.45985537497
557 6.49566840733
558 6.4170640418
559 6.63406026713
560 6.91245512479
561 6.0980446435
562 5.68816952652
563 6.27350833717
564 5.81826682568
565 6.02125578807
566 5.83397790577
567 5.85612188615
568 5.76195455052
569 5.8119778768
570 6.26041471648
571 5.92530233399
572 5.81836566867
573 5.92529212579
574 5.53821361115
575 5.6806995985
576 5.56863504888
577 5.96833947256
578 5.84502329503
579 5.84544624007
580 5.32951247332
581 5.31306844995
582 4.5153897079
583 4.71426614046
584 4.90348587119
585 4.80037871476
586 4.55773428322
587 4.50857941788
588 4.87839609446
589 4.46179360019
590 4.58046437252
591 4.75080458983
592 4.96045966744
593 4.68439384275
594 5.10316817153
595 4.81768399117
596 5.34713184418
597 5.79562232085
598 5.37528308404
599 5.33643401818
600 5.41524491756
601 5.08478531616
602 4.98875097896
603 5.19313817446
604 4.77340840242
605 4.62116422266
606 4.47030868768
607 4.2561772087
608 4.06112855714
609 3.96578220977
610 4.04709276679
611 3.80746089066
612 4.40969293683
613 4.51577711639
614 4.66161562345
615 4.74034225966
616 4.8656993729
617 4.78717128011
618 5.11482883811
619 5.6572552215
620 5.43234607143
621 5.09871089828
622 5.3348362058
623 5.36915391343
624 5.37156676864
625 5.08934332183
626 5.21244909029
627 5.37832012138
628 5.29463798592
629 5.48353717593
630 5.5601209188
631 5.37340214504
632 5.10226630423
633 5.76015784494
634 5.50236266104
635 6.21951835192
636 6.09426108301
637 6.06002423938
638 5.95610397682
639 6.03852337908
640 6.12547576542
641 6.26292839658
642 6.4688538828
643 6.32052199694
644 6.18143806114
645 6.18303610187
646 5.97225346744
647 5.86098240952
648 6.15328317282
649 6.05723371969
650 6.2717209168
651 6.096980421
652 6.12458478934
653 6.06453000756
654 6.01723081281
655 5.79668415758
656 6.19678640287
657 6.37354929616
658 6.49619215468
659 6.73530531565
660 7.12334198392
661 7.12292894886
662 6.93960202801
663 7.1919237804
664 7.48724632303
665 6.56132783895
666 6.32375642992
667 6.14164277614
668 5.99344178252
669 5.98799488036
670 6.2407847305
671 6.6501515168
672 6.37840624173
673 6.58217742916
674 6.40935897975
675 5.95331167485
676 6.38715352652
677 6.86675125573
678 6.60468238019
679 6.32004854763
680 6.22052472051
681 6.22037313177
682 6.37460731431
683 6.86424883873
684 6.78123374924
685 6.72655146929
686 6.70584158872
687 6.61324773042
688 6.82360510369
689 6.78928440003
690 6.62158531734
691 6.55685439498
692 6.46782211823
693 6.61774759219
694 6.67489112942
695 6.88980026764
696 6.30663083554
697 6.74708414499
698 6.94697911221
699 7.03226788839
700 6.62393245748
701 6.56356569366
702 6.75798532855
703 6.3749264648
704 6.16431028303
705 6.13550552522
706 6.39047013917
707 5.88123776775
708 6.31977327846
709 6.07777948592
710 6.256141669
711 5.6860711904
712 6.30503389729
713 6.24528659422
714 5.86917756737
715 6.3223017158
716 6.19703578168
717 6.56474064974
718 6.77028063945
719 6.55715693763
720 7.56624070592
721 7.36007772797
722 7.57548903129
723 6.97789844445
724 6.70672074481
725 6.62092652678
726 6.74270157939
727 6.7455893418
728 7.00772821221
729 7.07113560035
730 7.52278134964
731 6.97916164783
732 7.06138357072
733 6.49519971515
734 6.03575869724
735 6.52354346974
736 6.55103145396
737 6.678564759
738 6.57084080646
739 6.57669069983
740 6.6297909316
741 6.66392457863
742 6.64486182374
743 6.6052588512
744 5.98777096573
745 5.46880979806
746 5.27224790116
747 5.09502853583
748 5.4464545637
749 6.13846990968
750 5.92036178002
751 6.00324695669
752 6.0818125821
753 6.35718391116
754 5.71482024284
755 5.53414822321
756 5.62993147665
757 5.52341665582
758 5.01469573789
759 5.6375555645
760 5.20843526389
761 5.18804444973
762 5.22193385852
763 5.41088799182
764 5.08195846724
765 5.59482709012
766 5.9610946372
767 6.25839378137
768 6.88381129355
769 7.01139453616
770 7.099884609
771 7.07351352006
772 6.96519421737
773 6.94704920507
774 7.00458262433
775 7.51010352634
776 7.86553314922
777 8.05224063157
778 8.20677158648
779 8.74397632744
780 8.83619935022
781 12.7930907178
782 13.4293638857
783 13.477185634
784 13.77421278
785 13.8636473046
786 14.1569683588
787 13.9658481101
788 13.4017860603
789 14.4551952396
790 14.7684449407
791 9.75568470876
792 9.4720965699
793 9.17680676965
794 9.74110404103
795 9.84032679612
796 9.5276266331
797 9.7945922506
798 13.7206864729
799 13.8671703909
800 13.9197805515
801 14.366460641
802 14.292028928
803 13.8896715605
804 14.2547665118
805 9.84613439794
806 9.22777507299
807 9.39869578539
808 9.50106768155
809 9.44415966708
810 9.21924134862
811 9.37069144075
812 9.66345744606
813 14.0810468303
814 14.0313626278
815 9.8144920221
816 14.1609211938
817 14.1307613264
818 14.3414994028
819 14.4463180988
820 14.0606337002
821 14.4960931408
822 11.201905076
823 10.4749183521
824 10.8952926222
825 10.9602135207
826 11.5524757489
827 15.734655504
828 15.0061253013
829 15.5522202351
830 15.6790075915
831 15.5012742117
832 15.7240552066
833 16.1953499885
834 12.4140438691
835 12.345141752
836 12.3432224943
837 12.0057053448
838 12.0535091841
839 12.4780304225
840 12.7114766168
841 13.2449005419
842 12.9903343543
843 13.0400419444
844 12.4820476347
845 12.4398954672
846 12.4719311122
847 12.0237127697
848 12.0357309617
849 12.2539039016
850 11.9928335464
851 12.2172492786
852 11.5905231649
853 11.9489235729
854 12.2642755357
855 12.2916936642
856 12.0182316324
857 11.8431121471
858 12.379239052
859 12.4178338306
860 12.5138369668
861 12.563612522
862 12.3370827031
863 12.5269093496
864 12.2658394929
865 12.5211965034
866 12.0647746365
867 11.9195038531
868 11.9636481738
869 12.1747078693
870 12.4364400505
871 12.3581065543
872 12.5191306609
873 11.9810868861
874 11.7745734704
875 11.6452991552
876 11.7723889392
877 12.3769204233
878 11.7197113208
879 11.7906585069
880 11.3104485601
881 11.4412137725
882 11.3056513321
883 11.8611127138
884 11.737999467
885 11.3970543642
886 11.5933032915
887 11.4828323594
888 11.503350573
889 11.4230126387
890 11.7273867882
891 11.8194814391
892 11.8604821156
893 11.3775392066
894 11.6969608053
895 11.9380065941
896 11.8870808159
897 12.0191574043
898 12.0434717274
899 12.0785988403
900 12.4033496559
901 12.5825083577
902 13.0001105625
903 12.8901524281
904 12.8670116122
905 13.1110283516
906 13.0609388123
907 13.6204180784
908 13.2175940989
909 13.4577814835
910 13.4135947947
911 13.7586660378
912 12.7150521595
913 12.9394112724
914 12.6577424947
915 12.4487362113
916 13.2841739444
917 12.6041938378
918 12.7913984395
919 13.0870861772
920 12.3004026731
921 12.6923755501
922 12.7982065082
923 12.8220979707
924 12.8152933081
925 12.6411730027
926 12.5307378496
927 12.4852117098
928 12.4961093894
929 12.5516485598
930 12.2688220701
931 12.2932910143
932 12.4596149939
933 12.6535206672
934 12.6877876182
935 12.245213075
936 12.6428781431
937 12.5754346898
938 12.759761715
939 12.2583418074
940 12.5074442254
941 12.4118589868
942 12.7813068984
943 13.082488291
944 12.3951555186
945 12.7666386645
946 12.8912351374
947 12.618300339
948 12.780068595
949 13.0557785262
950 12.7496723299
951 13.2534154047
952 13.6684143631
953 13.3289155244
954 13.4726391224
955 13.5038345255
956 12.907348708
957 13.1111834376
958 12.7613805178
959 13.0009545602
960 14.1046636908
961 13.7720705334
962 14.195576842
963 13.8101160775
964 13.6195080426
965 13.4498028152
966 13.5398689745
967 13.4652124349
968 13.0620160072
969 13.8551078238
970 14.04644474
971 14.5234471411
972 14.8389707263
973 14.5412350064
974 13.963475786
975 14.2981095759
976 14.058795001
977 14.4311800972
978 13.8234846569
979 13.8884766908
980 13.3320936387
981 13.9921189853
982 14.0804907818
983 13.9113965528
984 14.2293000104
985 14.2433745965
986 14.3536077588
987 14.8689190434
988 15.2028338842
989 15.6865808472
990 16.3820307677
991 15.7390254354
992 16.4270550737
993 16.1789735281
994 16.18293638
995 15.4309822278
996 15.8702866182
997 16.2453823155
998 16.1580869567
999 16.5534398587
