0 0.0
1 -0.102330270431
2 -0.114405262455
3 -0.0899221440987
4 -0.0152803742521
5 0.122559687517
6 -0.115569881028
7 0.0310245430631
8 -0.121627139331
9 -0.0784544768591
10 0.00667222466769
11 0.0057248468562
12 0.143817454884
13 0.123503732814
14 0.109005549415
15 -0.135023868803
16 0.115236150708
17 -0.0143783792814
18 0.0597182069217
19 -0.144751243661
20 -0.134263637864
21 -0.0299178544413
22 -0.0872687830323
23 -0.120537626956
24 0.0420300125165
25 0.0278869292187
26 -0.123923861526
27 0.130986270402
28 0.0245969767546
29 -0.0680495729521
30 -0.251398477462
31 0.023346768052
32 0.0318741028085
33 0.0544466884872
34 -0.0584847305248
35 -0.104636230637
36 0.247107154277
37 -0.148277557552
38 -0.177219921232
39 -0.154830596355
40 -0.113527146194
41 0.204710261147
42 0.0212963637119
43 -0.135162885125
44 -0.211694750947
45 -0.113442303006
46 0.00446108114094
47 0.0968592707835
48 0.191082022727
49 0.0421408147097
50 -0.0788064937881
51 -0.0714508312231
52 0.0892291096965
53 0.143333958724
54 0.159829980483
55 -0.0807080433033
56 -0.14685796289
57 -0.0178521852487
58 0.150291878909
59 0.226508932018
60 0.0786205050714
61 0.0356003036365
62 0.195380811374
63 0.1649876523
64 -0.0227236575133
65 0.0665754628418
66 0.176406810664
67 -0.102085089741
68 0.0591228013885
69 0.220612362017
70 -0.157693586307
71 -0.0505815892838
72 0.172763231503
73 0.0985337564677
74 -0.166706370739
75 -0.147293478772
76 0.0933094113352
77 0.171899453872
78 -0.276414085028
79 0.215682636334
80 -0.150071514548
81 0.0545941145555
82 0.0816761826144
83 0.0440695694806
84 0.181907613167
85 0.00204533840177
86 -0.165276063641
87 -0.0391276419501
88 0.130319581602
89 -0.187285182014
90 -0.187772961197
91 0.41185328163
92 0.271919814937
93 0.0814130825451
94 0.395495799928
95 0.183997646839
96 0.291509766798
97 0.44960556696
98 0.0777042022249
99 0.186910767654
100 0.160337906205
101 0.26199337432
102 0.24258192423
103 0.208971015808
104 0.15586833509
105 0.268820631687
106 0.306815060875
107 0.390185558948
108 0.497033389401
109 0.432931764624
110 0.127620421139
111 0.104554679993
112 0.224418410571
113 0.15332837911
114 0.203359887078
115 0.377416253143
116 0.272983180668
117 0.295503977946
118 0.552473849493
119 0.55565196424
120 0.34632455495
121 0.402219851609
122 0.525602012887
123 0.339724612016
124 0.124006058952
125 0.0756661620844
126 0.108692905767
127 -0.0386056129057
128 -0.00305292260141
129 -0.0979278497353
130 0.180698143225
131 0.0392429549004
132 0.299455261881
133 0.174631179514
134 0.458429568093
135 0.29913827973
136 0.343799898391
137 0.194462259294
138 0.26209917287
139 0.249026288012
140 0.204773066753
141 0.132659081187
142 0.390223277975
143 0.140698695088
144 -0.0226718053971
145 -0.0229758456931
146 0.165875578912
147 0.330210312242
148 0.27673730017
149 0.0997871887975
150 0.365503030033
151 0.251535697061
152 -0.0450770008771
153 0.202031671321
154 0.51751268116
155 -0.0103813340299
156 0.402682116308
157 0.0885103634582
158 0.463070684481
159 0.543201622566
160 0.097579911833
161 0.122739500003
162 0.307548084459
163 0.239531496014
164 0.411449438793
165 0.233157344496
166 0.134394965518
167 0.0693161721209
168 0.0488520798227
169 0.168490192426
170 0.352206562457
171 0.183640900522
172 0.307129924363
173 0.311456330542
174 0.141771175518
175 0.0168988962754
176 0.119037712206
177 0.0883290298067
178 0.528349055915
179 0.343604627432
180 0.202974277191
181 0.321458081011
182 0.360900691503
183 0.329497837831
184 0.164229297391
185 0.419317822365
186 0.242341379245
187 0.230530180656
188 0.0503723224326
189 0.0747871040117
190 0.0629698398855
191 -0.0601052824577
192 0.114627879391
193 -0.0744677292359
194 0.124009736908
195 0.278042817802
196 0.108587262721
197 0.237072501253
198 0.0582847140422
199 0.299000647389
200 0.123081830833
201 -0.0513895186842
202 0.0289268827786
203 0.215493285471
204 -0.12227881989
205 -0.0322747543476
206 0.158170061949
207 0.196217539657
208 0.365109001277
209 0.534743549028
210 0.443298842943
211 0.437330181771
212 0.249914762219
213 0.567931926424
214 0.370251017921
215 0.470423012038
216 0.494211602235
217 0.438573452443
218 0.525118995932
219 0.726181545407
220 0.413084571903
221 0.442608712107
222 0.428668852172
223 0.208074200999
224 0.394863015967
225 0.09283493399
226 0.229974373569
227 0.197314628168
228 0.460088631317
229 0.278323841237
230 0.572837520455
231 0.808445215527
232 0.406521560123
233 0.372760254184
234 0.305565394096
235 0.422783588972
236 0.869285083036
237 0.658535143462
238 0.643140288265
239 0.458630001505
240 0.515986215245
241 0.336781358021
242 0.297949085053
243 0.298636828801
244 0.407776603553
245 0.774254762251
246 0.705002363581
247 0.746641401233
248 0.473868278212
249 0.648685967999
250 0.603882047509
251 1.00379133833
252 0.810547216382
253 0.692421938964
254 0.556065352793
255 0.659557832543
256 0.534949553351
257 0.636472887234
258 0.451397263816
259 0.694153886881
260 0.674766514726
261 0.402906322406
262 0.516138625821
263 0.115818034465
264 0.572896753573
265 0.460170535362
266 0.539204492398
267 0.621461870214
268 0.77897472537
269 0.725718396242
270 0.849119339856
271 0.645218164011
272 0.818425425577
273 1.02939509088
274 1.07777637638
275 1.16223338039
276 1.30648874279
277 1.29577804537
278 1.35354462955
279 1.63299949888
280 1.99973691988
281 2.0960184827
282 2.02036089914
283 2.00612432791
284 2.08695921185
285 2.34974254649
286 2.62016280306
287 2.57091482528
288 2.69770930013
289 2.23293442617
290 2.39948062573
291 2.72198725291
292 2.99824183504
293 2.85742777248
294 2.72274890288
295 2.76455820953
296 2.66746958532
297 2.57172119997
298 2.77206118915
299 3.3780275034
300 3.64953303024
301 3.4931354874
302 3.50715376394
303 3.92938114039
304 3.3173897065
305 3.30981569293
306 3.60583670088
307 3.71252423292
308 3.81258579005
309 4.09528010897
310 3.87227159315
311 3.84468115373
312 4.322011819
313 4.13704289729
314 3.97268614258
315 4.18086882248
316 4.12897327504
317 4.00098275942
318 4.35731868646
319 4.4591281807
320 4.44502092177
321 4.56148251683
322 5.13461996247
323 4.71297403887
324 4.53485115982
325 4.50144883453
326 4.46012270878
327 4.63687178047
328 5.01711220047
329 4.7857403824
330 4.23131163058
331 4.39153807329
332 4.71018276854
333 4.58510191364
334 4.71609943172
335 4.62895931565
336 4.59657221531
337 4.74182298759
338 4.63966987594
339 4.77370434875
340 4.90471350014
341 4.60908284258
342 4.63547819547
343 4.6977432032
344 4.6995449253
345 4.93743460518
346 5.10135817691
347 5.31349432384
348 5.05314501407
349 4.94411411267
350 5.11054643696
351 5.13931961335
352 5.06214569106
353 5.33308105609
354 5.4875536981
355 5.17051110695
356 5.38527851162
357 5.05649696498
358 5.12014028852
359 5.09309652084
360 5.57578115897
361 5.47882927104
362 5.60838230177
363 5.45829608027
364 5.2915063276
365 5.16523574037
366 5.37028570037
367 5.02700023214
368 5.34088805379
369 5.17951023938
370 5.35838499725
371 5.39538097516
372 5.37943395178
373 5.63877908421
374 5.64114520189
375 5.96819941379
376 6.14409839664
377 6.33855168865
378 6.08884235759
379 6.09906588797
380 6.0206250655
381 6.42180826168
382 6.45761515513
383 6.60225586175
384 6.85671408
385 6.27311814917
386 6.75313480522
387 6.62663333219
388 6.7336957591
389 7.03249137258
390 6.7313544536
391 6.39253074084
392 6.89004954475
393 6.73850228072
394 6.80046235568
395 6.56380775157
396 6.71774134283
397 6.31238651843
398 6.22377003019
399 6.65118678592
400 6.00845274958
401 5.91278924217
402 6.3087326293
403 5.99433028628
404 5.99650947209
405 6.53760662922
406 6.90132093304
407 6.27846140422
408 6.0160236674
409 6.29650156791
410 6.22926572369
411 5.65875485224
412 5.85812806933
413 6.07820290802
414 6.1887946526
415 6.13564400583
416 6.25186939182
417 6.50002518411
418 6.24680509876
419 6.14606101095
420 6.44208789305
421 6.62022912455
422 6.52528774803
423 6.92844091629
424 6.75976495635
425 6.20480691941
426 6.81410170924
427 6.77610229685
428 7.1796194544
429 6.7799621536
430 7.14648223735
431 7.44499958332
432 6.62002765981
433 6.93146234572
434 7.23756754697
435 7.16211006763
436 6.57342477967
437 6.03816954652
438 6.13225493523
439 5.84574831548
440 5.6674110875
441 5.7941571335
442 6.13820971139
443 6.1943003301
444 6.0216283568
445 6.02248952305
446 5.63047909691
447 5.15706886709
448 5.60742903174
449 5.62137316057
450 5.75357980776
451 5.96074879742
452 6.3302999543
453 6.42759572682
454 6.55496902355
455 6.10828408117
456 5.94154708805
457 6.27341953621
458 6.47235523203
459 6.08795149931
460 6.39462132091
461 6.62389064841
462 6.75381233628
463 6.71961777808
464 6.88274325736
465 7.07499838972
466 6.97182911214
467 7.18764825617
468 6.699330085
469 6.20396894429
470 5.71843723382
471 5.87540679648
472 5.91242696794
473 5.82425411857
474 5.56837192756
475 5.4313660772
476 5.20637587136
477 5.62159179251
478 5.81044858751
479 5.2063409451
480 5.6410247339
481 5.57084811677
482 5.57876454305
483 5.30345841651
484 5.40294216009
485 5.47373990916
486 5.76317085867
487 5.45298986106
488 6.02395287341
489 6.37562928269
490 6.26256605089
491 6.0050477934
492 6.32355183633
493 6.35314173615
494 6.11206827554
495 6.36933284389
496 6.11187701231
497 5.90014709942
498 5.97764852935
499 5.30496394478
500 5.64966628347
501 5.41354964436
502 5.92343833009
503 6.0540918989
504 5.79484309439
505 5.77018367657
506 5.68215096188
507 5.62510851934
508 5.45263142761
509 5.64572093435
510 5.13064154367
511 5.14644448275
512 5.16115081924
513 5.40947681661
514 4.98055175275
515 5.13507713817
516 5.34113228943
517 4.88713334801
518 4.9885988913
519 5.03120950707
520 4.64962930563
521 4.78302729349
522 4.96532302316
523 4.72095266337
524 4.91525301455
525 5.01891533156
526 5.11367963009
527 5.08815005002
528 5.19599437593
529 5.13897150573
530 4.43362079311
531 4.43705694387
532 4.58656005596
533 4.55484101429
534 4.69659852977
535 5.12698343286
536 4.84157692127
537 5.1200179614
538 4.997547827
539 5.38751176204
540 4.83460307172
541 4.25653210079
542 4.14035297736
543 4.19932489924
544 4.06664010813
545 4.30300154024
546 4.50582463358
547 4.19412891749
548 4.62225820876
549 5.05357649411
550 4.87145561527
551 5.18143176268
552 4.77105497645
553 5.03476646273
554 4.82320903039
555 5.27075610101
556 5.50143544582
557 5.79712290454
558 5.80604492564
559 5.32191396081
560 5.45820706401
561 5.49222976573
562 5.54514638958
563 5.88454625173
564 5.97937390122
565 6.30694818619
566 6.52149488494
567 6.33272617972
568 5.99177722632
569 6.06113197208
570 6.50336371757
571 6.65405168011
572 6.28490453086
573 6.35812896077
574 6.3110440293
575 6.29078011553
576 5.6727659523
577 6.39366624815
578 5.92955133527
579 6.30412379802
580 5.71830365283
581 5.92302009047
582 5.42059303152
583 5.66262420982
584 5.6565330313
585 5.84412791368
586 6.17274909858
587 5.82073028275
588 5.99173263394
589 6.11843196342
590 6.07804392904
591 6.05455338332
592 6.21784150875
593 6.36006938303
594 6.28453408092
595 6.58631878406
596 6.21925562613
597 6.11160608543
598 6.37159736584
599 6.22795102602
600 6.65728412539
601 6.31516527961
602 6.15840110456
603 6.28119548736
604 6.35394080856
605 6.59358747182
606 6.39744539115
607 6.29542091657
608 6.95914665272
609 6.61195910906
610 6.7242034173
611 6.76407674768
612 6.87974800002
613 6.56019222566
614 6.83895336751
615 6.94918104764
616 6.985470537
617 7.12639555501
618 7.13506904844
619 7.10534539074
620 7.67649803878
621 7.32046770823
622 7.32353600642
623 7.83469338988
624 8.04694650421
625 8.15868936969
626 7.66051360714
627 7.68099150074
628 7.74345512387
629 7.80559069434
630 7.54572585244
631 7.82892044611
632 7.55125540898
633 7.41223458667
634 7.48716935016
635 7.43862019747
636 7.89169999541
637 8.00163770778
638 7.64949564955
639 7.55488321228
640 7.57647681907
641 7.3207649113
642 7.65443300459
643 7.8840102566
644 7.82514240845
645 8.27316589683
646 8.00756215637
647 7.74876943463
648 7.46384284678
649 7.76948495119
650 7.68599129188
651 7.946225262
652 8.13842743486
653 8.39370711813
654 8.04247418591
655 8.26080773286
656 8.2956343045
657 8.02705454275
658 8.31980538087
659 8.29228513311
660 8.51427361101
661 8.2411489412
662 7.60393426621
663 8.03034464187
664 8.58363767254
665 8.23373434557
666 8.49452097522
667 8.77322460011
668 8.1187284997
669 8.25472315657
670 8.58911125208
671 8.61867413218
672 9.01161281121
673 8.70432868797
674 8.82076385501
675 8.64587072296
676 8.44094071286
677 8.54267975374
678 9.28525550589
679 8.75492207362
680 8.94768043675
681 9.00469564944
682 9.00085977249
683 9.14535056185
684 8.28917897053
685 8.84239244885
686 9.03413580887
687 8.91750923968
688 9.23345600924
689 9.29182380384
690 9.198300062
691 9.19542136743
692 9.34170241902
693 9.26806390908
694 9.71850337136
695 10.0888354544
696 9.83125084153
697 9.72459345783
698 9.69029976048
699 9.72834199056
700 9.46379442442
701 9.57839663482
702 10.0020083673
703 10.0227436515
704 10.5491485701
705 10.4556553498
706 10.3349495858
707 10.1152581096
708 9.78416684318
709 9.89169727203
710 10.3162151182
711 10.0682282749
712 9.755980041
713 10.4765805815
714 10.314395549
715 10.6369118736
716 10.516296583
717 10.2695631941
718 10.2712054079
719 10.7406114575
720 10.7379403568
721 11.2804454287
722 10.9853460547
723 11.3377739835
724 11.3159429836
725 11.2913187084
726 11.5730025388
727 10.7282098672
728 10.7007761382
729 11.3015303082
730 11.3103662069
731 11.4050003723
732 11.498203868
733 11.596572132
734 11.9162803475
735 11.4573462829
736 11.2545310166
737 11.3808797184
738 11.4704858568
739 11.4514418644
740 11.6283554173
741 12.0632862319
742 11.8976343763
743 12.1595158453
744 11.8076446324
745 11.9570357533
746 11.8198345114
747 11.9494173981
748 12.1920182448
749 11.9645616613
750 12.6785479577
751 12.024263469
752 11.8226084243
753 12.2740311871
754 12.1426957262
755 12.3566276201
756 12.3037599186
757 12.7563724211
758 12.5851609386
759 12.5619895701
760 12.5809818013
761 12.621676625
762 12.4041753146
763 12.4125479281
764 12.4531793057
765 11.5829248523
766 11.5781317488
767 11.4858450453
768 11.7298047877
769 11.7265212575
770 11.7301537032
771 12.3588629551
772 12.3649551981
773 12.7491217433
774 12.3515149605
775 12.3781983073
776 12.7520775902
777 13.1241968376
778 12.9206297013
779 12.8804127515
780 13.9201842949
781 14.2434206425
782 12.9303524409
783 12.7188907002
784 12.6880800675
785 12.7349835324
786 14.0654924928
787 13.6761638992
788 13.5992020023
789 13.3974402689
790 14.3043735045
791 13.4934057269
792 14.3493543375
793 12.5659928604
794 12.6735249679
795 13.9252238986
796 13.7716205744
797 13.9428258181
798 14.2722924572
799 12.4981418103
800 14.0343386735
801 13.9111631824
802 12.6700001836
803 13.8927008742
804 14.0085299774
805 14.4944385117
806 12.5362094581
807 12.3841807546
808 12.7444834013
809 12.8246152181
810 12.4847254414
811 12.3836993372
812 11.7709466821
813 11.1196283317
814 11.5861408545
815 11.6276444189
816 12.0077232601
817 11.6372300696
818 11.6807326388
819 11.3952107706
820 11.5156219896
821 11.688136845
822 11.8483981854
823 11.7257873817
824 11.5451446753
825 11.7371156309
826 11.9587539591
827 12.1837099925
828 12.1126804773
829 12.3389969992
830 12.300376318
831 12.3593191584
832 12.1855832384
833 12.4760272383
834 12.2426239562
835 12.109806453
836 12.5847463505
837 12.7154837579
838 12.334452202
839 12.5312399462
840 12.0221453428
841 12.5577903533
842 12.3751060859
843 12.681716757
844 12.5539324884
845 13.1785159075
846 13.1766311518
847 13.2971142054
848 15.6262423588
849 13.533365451
850 12.9170281176
851 13.1534931927
852 13.3990650584
853 13.1095327596
854 14.4504907897
855 14.2788097773
856 13.2360988799
857 13.3786307685
858 13.0210951705
859 13.0089808818
860 12.4653825819
861 11.9805906211
862 12.2365299085
863 12.3606995039
864 12.0996011577
865 12.0063698367
866 11.6773145533
867 11.9653990002
868 11.3033297802
869 11.4871277694
870 11.0862299346
871 11.5436951392
872 11.6177836764
873 11.6002362443
874 11.7642243868
875 11.7560186848
876 11.6058195187
877 12.0156024287
878 12.3512567294
879 12.0632848155
880 11.8854747057
881 11.3435698505
882 11.4954514167
883 11.5766366322
884 11.7022163998
885 11.5031736611
886 11.3516958917
887 11.2152374095
888 11.4931425745
889 11.5952340776
890 11.5424078858
891 11.4800785615
892 11.1356131569
893 11.5823564336
894 11.5838396861
895 11.8340195663
896 12.0911015951
897 12.5168526693
898 12.3110556143
899 12.1134236746
900 11.6477422743
901 11.32363618
902 11.2024285378
903 10.85964957
904 10.7816423921
905 10.7382698608
906 10.7453835214
907 11.0146802074
908 10.5128628419
909 10.1256660611
910 10.2538651705
911 10.7634156224
912 10.8237514693
913 11.0608835385
914 10.746054168
915 10.822385148
916 10.7444109626
917 11.2598710996
918 10.8466184546
919 10.3822572787
920 11.0571279575
921 11.1584741932
922 11.0354775635
923 10.9598293219
924 11.1901221684
925 11.0863841934
926 10.9037107617
927 10.714387337
928 10.3234281014
929 11.3394106554
930 11.3657825441
931 11.775516075
932 12.0028926997
933 11.4703802893
934 11.2654309854
935 11.050765777
936 10.6711971862
937 10.7100416913
938 10.2809714789
939 10.1158317259
940 10.0382295682
941 10.2588666301
942 10.8410729668
943 10.7287741147
944 10.6179830636
945 10.1332504359
946 10.7273561358
947 10.5521159339
948 10.0442691525
949 10.5436236364
950 10.2568175906
951 10.3878424625
952 10.1885981294
953 10.3958649029
954 10.5130914495
955 10.312663195
956 9.94428444201
957 9.48590567398
958 9.71542112588
959 10.3576073734
960 10.2272437763
961 10.7556553935
962 10.4812984555
963 11.1781570304
964 11.3096727312
965 11.3236226868
966 10.7184637997
967 11.0130344433
968 11.010309561
969 10.7881739255
970 10.7113783626
971 10.5173522838
972 10.614051203
973 10.5047296045
974 10.3846417816
975 10.3310644051
976 10.313465683
977 10.6200617122
978 10.7670503727
979 10.4101454998
980 10.3932821867
981 10.4406141411
982 10.2458805172
983 10.5371983076
984 10.4775308246
985 11.2571420804
986 10.8801451075
987 10.7857771922
988 11.0183809292
989 10.58963825
990 10.542922823
991 10.8911092288
992 10.6588891868
993 11.1516475002
994 11.2977905074
995 11.0360003628
996 10.5549946553
997 10.8601411512
998 10.3791694473
999 10.2811061712
