0 0.0
1 -0.0710729913871
2 -0.106722588925
3 -0.132905191772
4 -0.254467884073
5 -0.0772082481644
6 0.0128732430984
7 0.122726839951
8 0.0145785147054
9 -0.207912306225
10 -0.107746626605
11 -0.204380652985
12 -0.0103465084246
13 -0.123623187969
14 -0.183772466938
15 -0.233043681539
16 -0.166232740392
17 0.0147478695862
18 -0.266088491444
19 -0.126944517995
20 -0.128939255401
21 0.0646918238532
22 -0.110590963837
23 0.0561581294072
24 -0.0781842264843
25 0.0405248359066
26 -0.167194174491
27 -0.120423521711
28 -0.0272119450109
29 0.0807054168361
30 0.0061603185094
31 0.0216018744984
32 -0.0344733824536
33 0.149521800787
34 -0.0989271761142
35 -0.0820067375371
36 -0.335219513985
37 0.0522073358887
38 0.0274534160791
39 -0.116869188772
40 0.0249520162603
41 -0.160981784867
42 -0.0914761336579
43 -0.133716299504
44 -0.160602855474
45 -0.110624252582
46 -0.175199318878
47 -0.478087962791
48 -0.207292368315
49 -0.374040598945
50 -0.203669903134
51 -0.25590196451
52 0.0900867798196
53 -0.0801550490879
54 -0.167760467476
55 -0.075160906563
56 -0.131077872367
57 -0.249339983695
58 -0.149252911113
59 0.0431535257472
60 -0.135773130159
61 -0.100589931035
62 -0.280928252489
63 -0.118282247204
64 -0.192548624266
65 -0.213955259903
66 -0.463399451736
67 -0.0891387447235
68 -0.195323892955
69 -0.273326768677
70 0.173880559661
71 -0.152580610478
72 -0.241805166453
73 -0.14004786392
74 0.021260293146
75 -0.139760645182
76 -0.0234553364187
77 -0.188671391798
78 -0.0275408113389
79 -0.00923050397365
80 -0.0247527321174
81 0.0533896054037
82 -0.249266776326
83 0.0969569106078
84 0.161789428953
85 0.126730015211
86 0.161758422946
87 0.20491573432
88 0.193683285508
89 -0.0125836139604
90 -0.237949140334
91 0.0552769248036
92 -0.06600227794
93 0.181809962969
94 0.0772411980779
95 -0.00686473661431
96 -0.0494532437718
97 0.116149922149
98 0.119698577957
99 0.144361874447
100 0.0747539556973
101 -0.0663497282315
102 -0.228316961789
103 -0.183189790808
104 -0.0237378061222
105 0.122930563501
106 0.0518747928435
107 0.189682187195
108 0.0847732536453
109 0.0684203995337
110 0.0187743669064
111 -0.244156557867
112 0.108879255896
113 0.07302021326
114 0.0303444094575
115 0.0585544141707
116 -0.160591630116
117 0.154018129519
118 -0.0781313288494
119 0.177063402489
120 0.0109049149925
121 0.0448991336111
122 0.149445358958
123 -0.126936067283
124 0.0233540713381
125 0.024575552354
126 0.197873597675
127 0.0290035492982
128 0.128645018784
129 0.0519164523233
130 0.0269916666139
131 -0.271745985121
132 -0.0681712441714
133 -0.372753194201
134 0.0354804350118
135 -0.0435818673539
136 -0.0663645533806
137 0.00731068429123
138 -0.210629269656
139 0.0612781937924
140 -0.234595534733
141 0.00630654434632
142 0.00593961393296
143 -0.0908547750211
144 -0.0863008400429
145 0.105296439567
146 -0.0392802400846
147 -0.035427147638
148 0.134400924439
149 -0.0606568154314
150 -0.059034236115
151 -0.200517252193
152 0.0322818462422
153 0.0853418335802
154 0.0693364426934
155 0.0857266108943
156 0.0686832273485
157 0.0588264913798
158 0.00208844480155
159 0.0834297372526
160 -0.168162857081
161 -0.0928724010933
162 -0.27422739589
163 -0.131704781967
164 0.0317169644702
165 -0.190507653987
166 -0.257805550435
167 -0.246950276758
168 -0.178187545777
169 -0.0239915892755
170 -0.193238831806
171 0.165424771278
172 0.02893885361
173 0.0494973109605
174 -0.0291115203043
175 -0.0353980584123
176 0.219877423977
177 -0.120458832516
178 0.0670813577214
179 -0.16983943642
180 0.0805904055248
181 0.18976588026
182 0.414260647903
183 0.262855126213
184 0.588119814481
185 0.326553191413
186 0.175015553208
187 0.187209574772
188 0.556002402745
189 0.269417493345
190 0.213206310306
191 0.0665959247634
192 0.0737372700253
193 0.336147582946
194 0.0530821546395
195 0.212916126032
196 0.00307715903742
197 -0.339212063717
198 0.110949601193
199 0.0409333804149
200 0.155883481794
201 0.309621764704
202 0.494372744627
203 0.146583017034
204 0.48055982065
205 0.420291451409
206 -0.117125406073
207 0.151936443303
208 0.27315342537
209 0.160382379073
210 0.220243720432
211 0.121184476335
212 0.375739519632
213 0.297157773073
214 0.212807411533
215 0.368578159293
216 0.215005911822
217 0.351953572346
218 0.181456341873
219 0.281819549473
220 0.415218812695
221 0.340377402805
222 0.285026279894
223 -0.00251075794201
224 0.127916786427
225 0.236456965675
226 0.0706417714847
227 0.344308758959
228 0.206847067091
229 0.234343853132
230 0.13240321369
231 0.32955572559
232 0.291574071014
233 0.270803049276
234 0.659541246242
235 0.831070831003
236 0.89603061776
237 0.955335141314
238 0.859580391505
239 1.25950497735
240 1.22375451485
241 1.75890866256
242 1.7368921539
243 1.69329849127
244 1.4865468399
245 1.70305273337
246 1.80341106798
247 2.14704562122
248 2.18973006725
249 1.93145724191
250 1.84568682468
251 2.17230237159
252 2.00851375298
253 2.41248705768
254 2.4936455625
255 2.55816262886
256 2.78327422059
257 2.51640704792
258 2.72714051531
259 3.17004129503
260 3.1757530059
261 3.0250972688
262 3.33212723998
263 3.57572036308
264 3.33021524264
265 3.23524444397
266 3.43827747135
267 3.85985725256
268 3.36117446987
269 3.50230783172
270 3.54128650285
271 3.68989257139
272 3.81661204853
273 3.61844522465
274 3.56346221786
275 3.61044490717
276 3.90685871729
277 3.83421093314
278 3.68527674281
279 3.89156688779
280 3.82367050174
281 4.11621803791
282 3.9850168779
283 3.66857743267
284 4.01457720963
285 3.8049978433
286 3.82200721179
287 4.56210332862
288 4.15133630872
289 4.31495100243
290 4.38883144773
291 4.28430601347
292 4.34968686231
293 4.65158111642
294 4.43575569233
295 4.56703669172
296 4.69928945895
297 4.33051085872
298 4.10521094668
299 4.52813829844
300 4.52474571185
301 4.55155238803
302 4.39144336979
303 4.25749350373
304 4.47308942713
305 4.76645328185
306 4.51378723687
307 4.29769315592
308 4.81530863417
309 4.55996856111
310 4.77672182127
311 4.58971997538
312 4.80471178181
313 4.48909677292
314 4.19796839628
315 4.32968834325
316 4.37710065976
317 4.10248382912
318 4.10027249125
319 3.81951037792
320 4.05630739543
321 4.35794943255
322 4.43548844807
323 4.39819815005
324 4.38976743622
325 4.61218288072
326 4.71360321267
327 4.66921564337
328 4.53705711223
329 4.38417149018
330 4.11751124204
331 3.99989770407
332 4.2173283638
333 4.16098753255
334 3.94585871024
335 4.00418096556
336 3.89550469871
337 4.19729577997
338 4.57318820709
339 4.5774833085
340 4.75772455193
341 5.07831600799
342 4.74682528178
343 4.85355547244
344 4.8552210665
345 4.89933262345
346 4.78056894626
347 5.23119747736
348 4.99938819838
349 4.95076386228
350 4.67293687392
351 5.02194048484
352 5.17671446076
353 4.7346683566
354 4.45502248426
355 4.43201307922
356 5.14333759158
357 4.90450135379
358 4.59741476442
359 4.37821621249
360 4.7482705713
361 5.11308109569
362 4.71683338828
363 4.60349402444
364 4.71900507048
365 4.49591058828
366 4.80824307476
367 4.48245806472
368 4.33308882456
369 4.53001389834
370 4.18723430925
371 4.31665844583
372 4.3426141376
373 4.13149174555
374 4.67333752126
375 4.88635549326
376 4.60334842982
377 4.67147853642
378 5.11588267664
379 4.76235944471
380 5.03628083139
381 5.10954305256
382 4.81756072418
383 4.96355153976
384 5.04795492001
385 5.09013385244
386 4.96851100723
387 5.28379942077
388 5.50716950228
389 5.04931610112
390 5.49145331322
391 4.84624273255
392 4.97958843701
393 5.12500682986
394 4.61244697177
395 4.60289718845
396 4.7677998046
397 4.19994117635
398 4.51729572291
399 4.53504750037
400 4.91300580032
401 5.0093734567
402 5.05052443755
403 5.09640703375
404 5.41620177271
405 5.5357491501
406 5.58011617118
407 5.65306028303
408 5.43035438187
409 5.51144427998
410 5.59334174849
411 5.00814887962
412 4.50065459361
413 4.95672766455
414 5.1149930477
415 4.9022210945
416 4.7936096267
417 4.93617376786
418 4.78403350851
419 5.18812113991
420 5.29545706008
421 4.92793418107
422 5.37107190213
423 5.62004076099
424 5.20020177012
425 5.33692245574
426 5.23803678031
427 5.11547166095
428 5.23998926416
429 5.7267350155
430 5.78858982211
431 5.61299535652
432 5.90123280961
433 5.23687842361
434 5.47886073876
435 5.12702295506
436 5.5310878022
437 4.99020127227
438 5.41533953004
439 5.61889839205
440 5.41449429855
441 5.06283325588
442 5.97790216114
443 5.6822838078
444 6.12901179897
445 6.54179752018
446 6.11580487824
447 5.4512806495
448 5.48685738108
449 5.10506122887
450 5.71436532374
451 5.66672311921
452 5.33677367038
453 5.35211923469
454 5.30187312697
455 5.3164586947
456 4.9300552756
457 4.85579831569
458 5.08753733099
459 5.04680312696
460 4.94247295561
461 5.40513089141
462 5.29438251015
463 5.36856873061
464 4.69753670709
465 4.77569968485
466 5.03801676029
467 5.26302109144
468 5.48612958586
469 5.42154251559
470 5.44819919872
471 4.61783839618
472 5.01315795303
473 5.08293790891
474 4.76640988671
475 4.76369128133
476 5.00581743872
477 5.00037070085
478 4.90325014732
479 5.21156482656
480 5.42757146942
481 5.27480186986
482 5.24885022062
483 5.10497377452
484 5.04599674466
485 5.23473432354
486 4.59628384409
487 5.24834829525
488 5.64711614758
489 5.29926142676
490 5.09473553067
491 5.08261258159
492 4.97104441464
493 4.43165340337
494 5.26870094833
495 5.12509776842
496 5.45776321949
497 5.09743167802
498 5.41739073778
499 5.01773006719
500 5.09344471621
501 5.24245708003
502 4.95371771758
503 5.11697592068
504 5.15506468944
505 5.34826551683
506 5.04249324862
507 5.04150846961
508 5.20686459305
509 5.28838594251
510 5.72301539987
511 5.51169917717
512 5.46053785827
513 5.6470984826
514 5.81093141657
515 5.74068599296
516 5.99432541773
517 5.3529272984
518 6.20824933818
519 6.1712441788
520 5.85340403292
521 5.4502003515
522 5.43082379636
523 5.64510731427
524 5.33965539805
525 5.54406419535
526 5.3801561129
527 5.41479058096
528 5.5084379641
529 5.77610862819
530 5.72762584548
531 5.54199440042
532 5.39845357052
533 5.27692980394
534 5.58845288087
535 5.57819411581
536 5.66290190503
537 5.78327292851
538 5.78064024705
539 5.26788862336
540 5.47178421714
541 5.61483705659
542 5.98864272505
543 5.74803639429
544 5.58279205319
545 6.10490442794
546 5.6506346748
547 5.75313637155
548 5.10378571924
549 5.08736314793
550 5.15201126348
551 5.22444052199
552 5.44095453063
553 5.67596852447
554 5.39308061401
555 5.38360737467
556 5.08252060538
557 5.04703318047
558 5.47702601828
559 5.56510183677
560 5.18985057735
561 5.04815706137
562 5.10448548383
563 4.8537717004
564 5.05140436321
565 4.9879860111
566 4.87664574038
567 5.18524989618
568 5.00619263272
569 4.85623013846
570 4.61846327849
571 4.91990612108
572 4.5519658921
573 4.79197854852
574 4.90763313293
575 4.68218691708
576 4.81020722535
577 4.71769212048
578 5.27708456281
579 4.92975864815
580 4.81167070433
581 5.06943833941
582 5.0327653012
583 5.34558917082
584 5.43487852285
585 5.36705463202
586 5.37051760754
587 5.03634739192
588 5.32043065135
589 5.18173811044
590 5.20321137773
591 5.09660339437
592 5.21008297563
593 5.03158270046
594 5.05057937782
595 5.23946311165
596 5.3367398953
597 5.22135948536
598 5.73701399414
599 5.31206470383
600 5.35810873817
601 5.92613272022
602 5.85129879963
603 6.26529504978
604 6.21390783503
605 5.56599681858
606 5.46832752834
607 5.21674311298
608 5.72540623463
609 5.57093669553
610 5.63267488552
611 5.78039243176
612 5.74011784202
613 5.49726902869
614 5.16576182076
615 5.70126529888
616 5.62478122612
617 5.60983010043
618 5.96944524343
619 6.05254933227
620 6.17347606204
621 6.43181391064
622 6.81827570494
623 6.34070724589
624 6.43922513406
625 6.47424315461
626 6.85114280524
627 6.5975769464
628 6.19837385483
629 6.73916508239
630 6.33396966768
631 6.17994381776
632 6.37029130305
633 6.42926542866
634 6.38191946911
635 6.69237724346
636 6.79813295345
637 6.50279588377
638 6.12179723771
639 6.36003384088
640 6.5105650566
641 6.330544057
642 6.94459457158
643 6.68640130468
644 7.20249083237
645 7.11821289494
646 6.94544711207
647 6.61212045117
648 6.7994957096
649 6.56255386277
650 6.68665129625
651 6.73983317396
652 6.27167228446
653 5.91428189697
654 6.31027614607
655 5.983587423
656 5.67554638068
657 5.56336596454
658 5.01599784141
659 5.25559472322
660 5.16450883898
661 5.37236814184
662 5.41012694502
663 5.88066637409
664 5.92071608629
665 5.23555740329
666 5.32174490993
667 5.04326092522
668 4.82976416261
669 5.08264339056
670 4.7735099391
671 5.09394102335
672 5.60271051933
673 5.27865157806
674 5.23809012765
675 5.59665395594
676 5.70922018154
677 5.96287624512
678 5.9271550652
679 5.7806600162
680 6.47360467668
681 6.08659052869
682 5.80134931286
683 6.21574565299
684 6.01874184929
685 6.1018805987
686 6.21233555684
687 6.51012960364
688 6.57520223614
689 6.64903078033
690 6.61580652939
691 6.96130217964
692 6.51998843557
693 6.85283707453
694 7.18470464483
695 7.04435124675
696 7.14204017873
697 7.16980480316
698 7.0959331816
699 7.22801952763
700 6.57515580584
701 6.47006390262
702 6.20839565654
703 6.32988367817
704 6.36227949437
705 6.62462991215
706 6.40073051625
707 6.51545289419
708 7.20258672788
709 7.13659419478
710 7.65547155781
711 7.41985427843
712 7.59600781128
713 7.56251918488
714 7.89407445571
715 7.41917176035
716 7.15032835394
717 7.71259044844
718 7.6199783247
719 7.9917061771
720 8.04691184678
721 7.89818273772
722 8.02357726007
723 8.32386074664
724 8.09084276485
725 8.04529892306
726 7.8900944047
727 8.20168277376
728 8.08562773743
729 8.41196421059
730 8.28397877545
731 8.47807411027
732 8.20117192467
733 8.38746934598
734 8.57276954606
735 8.58550715913
736 8.52009108211
737 8.27743626581
738 8.34122383253
739 8.71350063307
740 8.14812830532
741 8.3305608842
742 8.28889249137
743 8.54712876077
744 8.37631585915
745 8.44877293755
746 8.26480005845
747 8.00540621998
748 8.19081185273
749 8.50233604484
750 8.37374023292
751 8.43030874332
752 7.88437175443
753 8.13101982033
754 8.13224478322
755 8.08275879696
756 8.09969965003
757 8.21313902412
758 8.26559690446
759 8.09098174927
760 8.27183870282
761 8.56734634412
762 8.55503832434
763 8.65257760137
764 8.6153036099
765 8.92901794362
766 8.71874045453
767 8.59139552019
768 8.93572659763
769 8.41200800099
770 8.06812942094
771 8.20983609546
772 8.39847083845
773 8.65357484048
774 8.46620754632
775 8.82176314497
776 8.95059478471
777 9.07567635716
778 9.17962956967
779 9.07752857495
780 9.01765644296
781 8.82404233196
782 8.94662575188
783 9.10821082954
784 8.786420309
785 8.94310719254
786 8.85050701677
787 8.19350291351
788 7.61818414887
789 7.78916030003
790 7.88823609922
791 8.22198711578
792 7.66367682697
793 7.56506721819
794 8.1906987274
795 7.94134947207
796 7.74180064586
797 7.70847258564
798 7.9404782519
799 7.60656651428
800 7.85604697887
801 7.75435540516
802 7.71230189573
803 8.13530657487
804 7.74422403615
805 8.06661852045
806 7.70729185837
807 7.48905230989
808 7.73351498669
809 7.38232391242
810 7.55429359205
811 6.98094011798
812 7.48450682083
813 7.02693339215
814 7.54441599189
815 7.47681291294
816 7.49053193458
817 7.08197882588
818 7.13430574724
819 7.53225903556
820 7.53856330978
821 7.52100237145
822 7.54769330037
823 7.69991500274
824 7.34763814986
825 7.64642808304
826 8.12122067208
827 7.77193210395
828 7.9995399618
829 7.81107392369
830 7.83510140902
831 7.55944235139
832 7.78103587578
833 7.47667359369
834 7.74277131293
835 7.78193245718
836 7.64725985531
837 7.51446278731
838 8.05281790494
839 7.81288391305
840 7.45067356393
841 7.43454073435
842 7.35952100291
843 7.22131487262
844 7.57426875795
845 7.36375899957
846 7.5815012045
847 7.5743310544
848 7.92229029365
849 7.57287829878
850 8.17352074025
851 7.62825600012
852 7.6508604914
853 7.30454749377
854 7.80392468438
855 8.14743616251
856 8.15903579832
857 7.73838217931
858 7.77765502041
859 7.71334957296
860 8.05333948419
861 8.05540395426
862 8.38431848525
863 8.70146230171
864 9.00576256428
865 8.28544042963
866 8.08290075454
867 8.32351561985
868 9.25805426888
869 9.27092574063
870 9.34241726437
871 9.05706448089
872 9.28571507604
873 8.90189094821
874 9.57456584129
875 9.37669985561
876 9.82339578849
877 10.6265616199
878 10.5096034803
879 10.3556722232
880 9.94369636232
881 9.78067599359
882 9.87243013055
883 9.96084120919
884 9.90363394831
885 10.3293830271
886 9.95016453666
887 10.6145313779
888 10.8457082771
889 10.2053179006
890 9.92625720354
891 10.2434728066
892 10.9953145334
893 10.8073622408
894 10.4767102365
895 11.2194090387
896 11.0535553453
897 10.9100509976
898 10.5867007179
899 10.165683926
900 10.5864438562
901 11.0069614912
902 11.5281255253
903 11.4570952505
904 11.2888183931
905 11.2684780482
906 11.0201177647
907 11.4318400657
908 11.6227652388
909 11.3193074768
910 10.9813771444
911 10.864905312
912 10.6661183956
913 10.9996370199
914 11.1367918804
915 11.0871273818
916 11.3149441857
917 11.8166423293
918 11.4269872184
919 11.0176705741
920 11.533975472
921 11.5313405184
922 11.1259185857
923 11.4270450367
924 11.3370653493
925 10.9718327626
926 10.8030895844
927 11.2329344776
928 10.7742732143
929 10.6054843047
930 10.8275728152
931 10.5857417725
932 10.8484276672
933 10.8086835986
934 10.995678466
935 10.5254694912
936 10.2266203548
937 9.77501717853
938 9.89662604409
939 9.87702833845
940 9.99309653617
941 9.82550437636
942 9.77927110139
943 9.77120246392
944 9.72735961084
945 9.99498768227
946 10.0580139653
947 9.38514285532
948 8.8671258456
949 8.70039126136
950 9.11673300529
951 9.19016379226
952 9.89464826064
953 10.0833169395
954 9.61187573522
955 9.34940902027
956 9.76175929759
957 9.46151198729
958 9.38328567367
959 9.99790116372
960 9.68925414426
961 9.92905806912
962 10.2994289917
963 10.9008877942
964 10.7027591745
965 10.6330255713
966 10.2126354256
967 10.4961815958
968 10.85905737
969 10.9955736189
970 10.6587402498
971 11.1104817174
972 10.7532022056
973 10.678508781
974 10.7038830133
975 11.0102608827
976 10.7311613439
977 10.6348660946
978 10.7741466644
979 10.471357154
980 10.4500594603
981 10.1685489685
982 10.4252897519
983 10.6578301002
984 10.6311365249
985 10.6468215022
986 10.9193801612
987 11.4382421924
988 11.095480083
989 11.8157211208
990 11.8223459368
991 11.8662760076
992 11.1637654648
993 10.9113003955
994 11.0958035799
995 10.9637693592
996 10.9108288959
997 11.377766664
998 11.1725405404
999 10.8962723208
