0 0.0
1 -0.177881530042
2 -0.100634151728
3 -0.0969825632917
4 -0.243996553716
5 -0.128260245589
6 0.129349123213
7 0.235336433231
8 -0.0688187062657
9 0.00653865501964
10 -0.141241230336
11 0.160249782267
12 -0.156621777429
13 -0.0461717245913
14 0.00189244486646
15 -0.169641333713
16 -0.305542850642
17 -0.110358249695
18 0.0369513066015
19 -0.233169886985
20 -0.233549780554
21 -0.163926262783
22 -0.190042875076
23 0.107490576523
24 0.0812634249543
25 -0.214268442048
26 -0.215179318604
27 -0.210883952271
28 -0.222766202223
29 -0.20695582945
30 -0.212790356756
31 -0.0381270794659
32 0.191248894376
33 -0.135207793587
34 -0.123198253013
35 0.0292704504439
36 0.170881449837
37 -0.0554077186495
38 0.20793487904
39 0.186781997455
40 0.158720608193
41 0.267370169138
42 0.349368691055
43 0.216546960243
44 0.17173090806
45 0.306470610116
46 0.115759980232
47 0.0530969057864
48 0.366988934815
49 0.37087472428
50 0.352799669619
51 0.255675446231
52 0.339965779543
53 0.206930701734
54 0.406634197534
55 0.562965390658
56 0.30079134516
57 0.331174696495
58 0.126065627298
59 0.090506273596
60 0.145489132619
61 0.115161269121
62 0.116277856464
63 0.0220631214956
64 0.071194880671
65 0.059393714919
66 0.134099277543
67 0.297156764306
68 0.196634479542
69 0.368844567317
70 0.143980065986
71 0.290169687201
72 0.205085948703
73 0.413752378819
74 0.496218556655
75 0.0732722208985
76 0.234639659393
77 0.360170474791
78 0.240178250148
79 0.307646400022
80 -0.00793511064952
81 0.0104432392501
82 0.247166050941
83 0.259758648412
84 0.380089247791
85 0.264487868344
86 0.153587086336
87 0.248979732634
88 0.144793045194
89 0.279490904247
90 0.368900304118
91 0.427833348652
92 0.295461537441
93 0.490032646207
94 0.431731975694
95 0.239801444855
96 0.562623486827
97 0.332639086518
98 0.617202654633
99 0.196861617323
100 0.392506460737
101 0.158781518793
102 0.28601099265
103 0.336423111605
104 0.273686204851
105 0.176136237325
106 0.0878101003984
107 -0.0476384864412
108 0.0765503586316
109 0.32129994072
110 -0.0148071844911
111 0.232443390251
112 0.0361205573126
113 -0.0170439967638
114 -0.120698983639
115 0.0699605507219
116 0.156510468183
117 -0.0856670338509
118 0.0595589278657
119 0.193226260008
120 0.413679121667
121 -0.0365485385462
122 0.145919435084
123 0.191288173319
124 0.0184064570875
125 -0.181419007092
126 0.0625606795385
127 -0.221870682138
128 -0.0115714207936
129 0.0246523103049
130 0.294311292228
131 0.38756889817
132 0.00287374209977
133 0.194256829943
134 0.133152477012
135 -0.291102923462
136 -0.126705046338
137 -0.0818331577682
138 0.137446465061
139 0.0213340381179
140 0.00228078562702
141 -0.134848579945
142 -0.323947774244
143 -0.28538463952
144 -0.17293108282
145 -0.0247707353692
146 -0.113966408048
147 -0.353041559231
148 -0.104882913239
149 -0.11055796026
150 0.0919650319767
151 -0.1065646219
152 -0.256293274998
153 0.144315481734
154 0.0288397983276
155 -0.0633194849565
156 -0.113226233536
157 0.0305215788655
158 -0.135273115537
159 -0.126136256323
160 -0.329508354881
161 -0.175939221012
162 -0.217039281295
163 -0.325541924302
164 0.06938672735
165 -0.159864287639
166 -0.32351305055
167 -0.0739574593752
168 -0.130035833441
169 -0.0787124317547
170 -0.0485122883837
171 0.176778474185
172 -0.241663260107
173 -0.512776043396
174 -0.183729990952
175 -0.281172157385
176 -0.195016701764
177 -0.0616163851936
178 -0.142686861201
179 -0.12386030126
180 -0.273930609939
181 -0.409139249348
182 -0.259102223096
183 -0.158164786975
184 -0.286955120931
185 -0.279641373664
186 0.0709026267975
187 -0.0413287203341
188 0.000293347932804
189 -0.0983644048549
190 -0.385549139747
191 -0.478631182042
192 -0.433419282712
193 -0.287328869746
194 -0.418838415242
195 -0.298188784365
196 -0.286008043787
197 -0.436578560867
198 -0.824285948786
199 -0.199804627205
200 -0.412510015677
201 -0.355028406639
202 -0.562921759846
203 -0.300541900927
204 -0.259627652244
205 -0.389268947199
206 -0.389012529396
207 -0.395066013077
208 -0.258631187544
209 -0.205871814881
210 -0.210274053395
211 -0.0149112470173
212 -0.0394402841755
213 -0.0909726233677
214 -0.0108753057311
215 -0.178493183747
216 0.100394680353
217 0.0805484165165
218 0.148495416814
219 0.0167377755376
220 0.130332910529
221 0.00205859370305
222 0.294005452393
223 0.0636700127085
224 0.465461048726
225 0.626817150997
226 0.499693368171
227 0.362120249457
228 0.552959257852
229 0.3495256013
230 0.251924644842
231 -0.0236294716988
232 -0.198972859274
233 -0.0519639064439
234 0.271322897445
235 -0.102390156077
236 0.379737520042
237 0.300502585399
238 0.338866941493
239 0.331115717933
240 0.255277318873
241 0.45435197126
242 0.515181222247
243 0.950508382021
244 0.954096033095
245 0.861740371634
246 0.187152231436
247 0.416382420509
248 0.794202328312
249 0.41292500111
250 0.331333200084
251 0.320727002012
252 0.324259746041
253 0.27207711629
254 0.445859519844
255 0.552781121815
256 0.485935253239
257 0.443748882244
258 0.294767351067
259 0.343561465028
260 0.518527385403
261 0.514377231525
262 0.469288806236
263 0.743222353829
264 0.863073994715
265 1.27396433344
266 1.0594134089
267 1.30981079673
268 0.934655710109
269 1.53765142968
270 1.29498239247
271 1.10784027477
272 1.19525790775
273 0.867581957594
274 0.772109895886
275 1.15431003083
276 0.93136364921
277 0.529803961502
278 0.49103510715
279 0.93472786739
280 1.22398198945
281 1.00339995623
282 0.952805578357
283 1.54043600052
284 1.10380382285
285 1.27154141654
286 1.13939509476
287 0.927677916598
288 0.598512019824
289 0.220267187162
290 0.525975714495
291 0.932052858568
292 0.891878359473
293 0.927100645134
294 0.731454935623
295 1.1245814711
296 1.04826772415
297 0.828752791318
298 0.840717969953
299 1.00636382929
300 1.27952005877
301 1.34277055798
302 1.28830065392
303 1.30389112408
304 0.919549628741
305 1.4214439792
306 1.62926639935
307 1.44140461185
308 1.46704665302
309 1.80068307981
310 1.54585752484
311 2.07231485436
312 2.07055068152
313 1.59832617402
314 1.64725281756
315 2.01061260047
316 1.84798545978
317 1.39997744483
318 1.62818523737
319 1.82696436142
320 1.49747243854
321 1.48180806941
322 1.89567539185
323 2.0019024169
324 2.68259699573
325 2.21102949949
326 1.97735009927
327 1.6737002183
328 1.88378022778
329 1.63796059883
330 1.78097794741
331 1.59101264756
332 1.73853711391
333 1.8446337477
334 1.91803360875
335 1.75848626811
336 2.41096515685
337 2.49863516951
338 2.29737082543
339 2.16703937381
340 2.12382876544
341 2.24997120825
342 2.90005806339
343 2.62757241183
344 2.66875381935
345 2.08066162441
346 1.85572368671
347 2.16224126837
348 2.38199717785
349 2.08630682267
350 2.36228476304
351 2.43314379772
352 2.16530054854
353 1.99141819247
354 1.98039524192
355 2.10206513198
356 2.31763967245
357 1.86175395885
358 1.87708686488
359 1.95963796058
360 2.18796782492
361 1.8486979918
362 1.97560432005
363 1.81430178606
364 1.75558967326
365 1.50762987105
366 1.50577150018
367 1.66764885583
368 1.61600903832
369 1.26972413107
370 1.33980561545
371 1.94483551544
372 1.70563123296
373 1.76843727856
374 1.57124369576
375 2.21207275382
376 1.54481181139
377 1.61250381449
378 1.64226283751
379 1.55220949686
380 1.02636051491
381 1.293757025
382 1.1265307008
383 1.6016169395
384 1.70518850098
385 1.52499882292
386 1.87387960466
387 1.97799309135
388 1.77256414017
389 1.30922981293
390 1.49965486348
391 1.03793121207
392 1.1936224961
393 1.63242602314
394 1.47030439897
395 1.76065990005
396 1.66519730586
397 2.17858294325
398 1.83472598858
399 2.15559242872
400 2.23901201511
401 1.91483205682
402 1.37742662107
403 1.84048191871
404 1.83810671347
405 1.44021021157
406 1.64883214076
407 2.11347697309
408 2.09882653757
409 1.86655436025
410 1.96690552463
411 2.05275333819
412 2.11442401357
413 1.74645468514
414 1.80764405522
415 1.90200049136
416 1.89996619801
417 2.12385730941
418 1.99381942844
419 2.13344471857
420 2.18151276016
421 1.97364249316
422 2.3082791355
423 1.86475962408
424 1.9213616213
425 2.07020585901
426 1.94728425985
427 1.56514199039
428 1.6135454448
429 1.38035740087
430 1.75191236112
431 0.966525836539
432 0.802388674335
433 1.23725027999
434 1.03043831427
435 0.844418120801
436 0.844010491181
437 0.911837069132
438 0.697670428565
439 0.99908130518
440 0.922249832931
441 0.685882253871
442 0.832959609698
443 0.874589222957
444 1.26862830251
445 1.17768741831
446 1.20948630385
447 0.884799426206
448 0.781133164426
449 1.29738086059
450 1.1738533303
451 1.18603278747
452 1.37393890597
453 1.00255622783
454 1.67961017512
455 1.63237003574
456 1.84595164536
457 1.72711366297
458 1.53938095229
459 2.10295322344
460 1.95725697266
461 1.97440127871
462 2.19341819115
463 1.93874073829
464 1.6666012079
465 1.06288515949
466 1.16307726576
467 1.13020744141
468 1.48511640666
469 1.27802273713
470 0.956670759988
471 1.44632501114
472 2.18933001317
473 1.55224188917
474 1.68072056479
475 1.64888912583
476 2.43728547183
477 1.98750585381
478 1.90058123474
479 2.19010722206
480 1.33451837579
481 1.4867184585
482 1.58349035052
483 1.88203356066
484 2.27798267149
485 2.92173437983
486 2.71286566163
487 1.96875956737
488 2.03188186764
489 2.2983609551
490 1.64875235073
491 2.81358013095
492 2.34093805235
493 2.40816352741
494 2.54946786613
495 2.94144609954
496 3.02061865756
497 2.35949180775
498 2.12834809949
499 2.15334740553
500 2.38308337653
501 2.13011118813
502 2.11601131203
503 2.21880003246
504 2.49589388835
505 2.48421538361
506 2.30969466229
507 1.87138401088
508 2.2997163357
509 2.22531569831
510 1.77270455611
511 1.96727292999
512 1.94610711906
513 1.87416272294
514 1.51942493533
515 1.33196184201
516 2.08527066901
517 1.8343552067
518 1.87771053554
519 2.26037248668
520 2.50524622712
521 2.1312303842
522 1.98823989353
523 2.15600416215
524 2.16600030354
525 2.46699668279
526 2.75377188681
527 3.00029158306
528 2.69427772851
529 3.29118622257
530 3.4831523001
531 2.95638871565
532 3.79004257197
533 3.80378636745
534 3.54644785173
535 3.45434263181
536 3.96870768648
537 3.87102623102
538 3.90940524257
539 3.99429818044
540 3.95284050751
541 4.15123509178
542 4.12434714835
543 4.50601059101
544 5.00078949155
545 5.08912503622
546 5.29425475095
547 5.95295385618
548 6.11089389699
549 6.15445975525
550 5.69690654495
551 5.5380963347
552 5.82823277154
553 6.27808110161
554 6.54368286312
555 6.55863485596
556 7.31382923552
557 7.47764601365
558 7.07459431028
559 6.78560616648
560 5.91053728894
561 6.26304960153
562 5.97331457342
563 5.93454392629
564 5.8583187977
565 5.19851450187
566 4.77767378352
567 4.97810323867
568 5.03989165985
569 4.99587029291
570 4.57051405559
571 4.77601307268
572 4.54378708426
573 4.75639897488
574 4.43430987983
575 4.19314430196
576 4.41776229108
577 4.45902733469
578 4.52587306397
579 4.67194625196
580 4.20146734305
581 3.88084958402
582 3.69273555423
583 3.07255917148
584 3.04969801828
585 3.49652870467
586 4.01496343013
587 3.29730139999
588 3.5714269402
589 3.38908903293
590 3.29178178719
591 2.58279536082
592 2.76914056695
593 2.92297862547
594 2.79290140451
595 1.60438821549
596 0.905319668054
597 1.44903902227
598 1.22073660167
599 1.5128951308
600 2.08855229441
601 1.8890832383
602 1.88752777896
603 2.14662418511
604 1.40744837254
605 1.57992615558
606 2.00733502013
607 2.09973090412
608 1.44047806841
609 1.36543877292
610 1.60688360671
611 1.43364137408
612 1.4354955808
613 1.42951193031
614 1.78800253081
615 1.36788555977
616 1.42169235837
617 1.61944623712
618 2.11721391032
619 1.67046313387
620 1.6735658877
621 0.842403670745
622 1.02462061735
623 0.602163740091
624 0.846188572992
625 0.85069628767
626 0.402238914497
627 1.21094236419
628 1.44392220475
629 1.08968562339
630 1.11967242964
631 0.85200933087
632 1.15100323347
633 0.915876134372
634 0.614159725919
635 0.605750733977
636 0.560199741781
637 0.143279630256
638 1.06931040972
639 0.404822786654
640 0.0667275196833
641 -0.488268771609
642 -0.839474099902
643 -0.66455606913
644 -0.991079899794
645 -0.795067253188
646 -1.16237297397
647 -1.41025891734
648 -1.23699582967
649 -1.39138632265
650 -1.29682787164
651 -1.80430110215
652 -1.33159686061
653 -0.923893252989
654 -1.51303662824
655 -1.05089320962
656 -0.75872951098
657 -0.87478671863
658 -0.906275449399
659 -0.785037931092
660 -1.280475844
661 -1.17555011184
662 -1.42738554846
663 -1.02533822991
664 -0.845467186966
665 -1.0088684714
666 -1.02591222092
667 -0.755349192413
668 -1.20723117623
669 -0.77365283642
670 -0.892409101775
671 -0.606844405463
672 -0.153212716897
673 -0.103746350946
674 0.306019053686
675 0.389361338101
676 0.650855463953
677 1.07343813417
678 1.20923256439
679 0.890311136712
680 0.713837020211
681 0.308175781689
682 1.14672182497
683 0.948989124543
684 0.955041925142
685 1.75781028409
686 1.60810010423
687 2.03999421852
688 2.28550552318
689 2.32960605999
690 2.2334895848
691 2.87664362082
692 3.12691674511
693 3.54504230923
694 3.66132977448
695 4.17891357402
696 3.8279661546
697 3.62430399985
698 3.49281653961
699 3.91086771451
700 4.33414102906
701 4.58656301375
702 4.99722441163
703 4.81183708093
704 4.15091031087
705 4.56095168474
706 5.25690901386
707 5.45714441908
708 6.06221084927
709 6.11052586046
710 5.76094084044
711 5.58946153446
712 5.63486673767
713 5.93695818661
714 5.94880403896
715 6.08636244577
716 5.51065307008
717 5.13211621222
718 3.93653225695
719 3.79014696631
720 3.98283973289
721 3.11965652348
722 3.32185229138
723 4.08129325043
724 3.33243165645
725 3.87084223721
726 3.73097125685
727 3.73104224582
728 3.26968611543
729 2.80801252659
730 2.71276261039
731 2.84693595927
732 3.65304949927
733 3.60945005183
734 3.61481678804
735 3.67242433452
736 3.99416873524
737 3.84933892248
738 3.83920553224
739 4.61988998912
740 4.19687040768
741 4.46565223563
742 5.06228453695
743 5.01213632277
744 4.42933194
745 4.30996996472
746 4.35994619928
747 3.94557111926
748 3.40658828
749 3.59079660506
750 3.66674328782
751 4.01527600322
752 4.05162391686
753 4.05252302429
754 4.4807171055
755 4.20765957754
756 3.53197666987
757 3.50843876054
758 3.80587565339
759 4.30104524911
760 4.92881828865
761 4.8280378978
762 4.71860868259
763 4.86947034892
764 5.66080906658
765 6.26350927481
766 6.20575096563
767 6.24319231092
768 6.3982340494
769 5.10387204486
770 4.85248532118
771 5.27919639435
772 5.9151419209
773 5.66346342709
774 5.89946325178
775 5.86431053416
776 5.66532677284
777 6.19099657421
778 5.38214506671
779 5.90543994245
780 5.46969165488
781 5.38404022551
782 5.33729501231
783 5.52842796089
784 4.46501441403
785 4.34851026644
786 4.32750132987
787 4.46234217198
788 4.89400603995
789 4.38916656007
790 4.27288303995
791 4.18708371131
792 4.52598129365
793 4.53123376133
794 3.98559361
795 3.89100681311
796 4.21158647064
797 4.23250431602
798 3.94075676753
799 4.14394957505
800 4.25948652804
801 4.82457515259
802 4.40632996046
803 3.91313265663
804 3.50287160517
805 4.01250356352
806 4.5152501292
807 5.11770257181
808 5.25527790078
809 4.89844672002
810 4.49059314395
811 4.46418752686
812 5.10755053273
813 5.24397062217
814 4.47147367626
815 3.40414624668
816 3.19847833436
817 3.24922605699
818 3.89090052285
819 3.39322216634
820 2.58801846561
821 2.78916756266
822 2.93434413156
823 2.62834465352
824 3.09447741514
825 3.12639304965
826 3.06807868566
827 2.88233437968
828 2.85508618352
829 2.82224395826
830 3.05334224972
831 2.95752209537
832 2.9018489587
833 3.64313211704
834 2.99644390413
835 2.97035818352
836 3.17028885582
837 3.89657985461
838 4.03536119797
839 3.26829581647
840 3.28847045601
841 3.97838996934
842 4.11129136847
843 3.91201400284
844 3.57336637356
845 3.52706553369
846 3.21737596111
847 3.49017536405
848 3.28463181262
849 3.67295574281
850 3.79821057121
851 3.95912157055
852 4.28523271882
853 4.14641940685
854 3.75872441214
855 3.3522048068
856 3.61573611674
857 3.63183742854
858 3.61722235471
859 3.889092275
860 4.31146928317
861 4.76611817362
862 4.32972872669
863 4.3173723353
864 4.83764173527
865 4.51627199906
866 3.82981174184
867 3.47985586239
868 3.66685595299
869 3.87433417848
870 3.42740835207
871 3.41847942635
872 3.63069784437
873 3.84447637095
874 3.93622438003
875 4.08855156584
876 3.27095180253
877 3.55660636056
878 3.63496291785
879 3.65477132277
880 3.38999480794
881 3.28171999396
882 3.54789364137
883 3.28494810028
884 2.68079957644
885 3.0303561782
886 2.79162271415
887 3.09306661406
888 3.63144134907
889 3.22141235389
890 3.21539792694
891 2.99735638331
892 2.84040298445
893 3.0381637641
894 3.4180701099
895 3.26382129321
896 2.97637543262
897 3.23412107613
898 3.10948151261
899 2.9956367695
900 2.87987880941
901 2.73255225034
902 2.54754422013
903 2.13682981896
904 1.84090216686
905 1.57282717733
906 1.877223435
907 2.16843100113
908 2.41134915032
909 2.73892794823
910 2.84081673156
911 2.84189891013
912 3.0515961039
913 3.1650220836
914 3.48910149137
915 3.15893905112
916 3.58976186927
917 3.19691000962
918 3.92913154279
919 3.96307807838
920 4.21179354947
921 4.02843608206
922 3.37141342381
923 3.21036651213
924 3.24817717995
925 3.93601269732
926 4.20956873574
927 4.84290940213
928 4.55935738629
929 4.4087108909
930 4.66894856014
931 4.48691948929
932 4.42719041824
933 5.05662745668
934 5.32360360528
935 4.77637548239
936 5.27979616078
937 5.6956946548
938 5.547059465
939 5.64651647205
940 5.67027537962
941 5.59933167247
942 5.42362431392
943 6.08348598098
944 6.00225325583
945 6.20714290768
946 6.34680968633
947 6.16436005375
948 6.28713259062
949 5.60432980563
950 5.01597630666
951 4.42294540595
952 4.63541725672
953 4.57719056293
954 4.48530226667
955 4.26673076985
956 4.32144497574
957 4.4191511896
958 4.36297880322
959 4.58836670354
960 4.89140784302
961 4.50592161501
962 4.75369679569
963 4.62718337437
964 4.55582348371
965 5.0261577552
966 4.60614804468
967 5.28257698771
968 5.79231454178
969 5.62986327724
970 5.4698710273
971 5.37284182901
972 5.27930201041
973 5.19683415565
974 5.02178894742
975 5.92383876074
976 6.18318537797
977 6.74125670159
978 6.63782382562
979 6.41191060158
980 6.02385852252
981 5.15716944299
982 5.33346480851
983 4.98945729336
984 5.79431751259
985 5.44531390784
986 5.28733577715
987 5.26635259689
988 5.71084090638
989 5.39420181127
990 5.440592314
991 5.04796105481
992 4.83393940248
993 5.17415526644
994 5.28698622501
995 5.42633141353
996 4.96890584953
997 4.56554772177
998 4.76483953108
999 4.8560791581
