0 0.0
1 0.0096351240909
2 0.207739166722
3 -0.029100954355
4 -0.150894767155
5 -0.182977449412
6 -0.0774801009502
7 0.0651018979962
8 -0.0050096844461
9 -0.0941223501507
10 -0.130957379596
11 0.119393922856
12 0.120775162088
13 0.0147398674099
14 0.1875125949
15 0.239863668346
16 0.29165349454
17 0.0640889455088
18 0.16563648897
19 0.379762733394
20 0.476838092219
21 0.192253330299
22 0.336961768168
23 0.036779404289
24 0.151128170907
25 -0.0186920358328
26 0.133785060482
27 -0.013032700328
28 0.188829054382
29 0.0803586488684
30 -0.0335973672568
31 0.0116203433452
32 0.144247717638
33 0.0988806090352
34 0.271801112567
35 0.280671384827
36 0.20701784584
37 0.36070715257
38 0.208919524697
39 0.353390640338
40 0.270357822943
41 0.292406501504
42 0.212877893144
43 0.323270639058
44 0.0930446674516
45 0.149076743434
46 0.107986493767
47 0.20053117511
48 0.373841506555
49 0.111396625544
50 0.200425287632
51 -0.00515382608303
52 -0.184106052411
53 0.162683976478
54 0.38983606039
55 0.223589364924
56 0.182463259606
57 0.0718756244623
58 -0.0405397530424
59 0.167838300759
60 0.174950982375
61 0.271103799535
62 0.371102094497
63 0.128783161131
64 0.0296976244901
65 0.0806773267423
66 0.318026782468
67 0.3390130818
68 0.0706371899867
69 0.374408437719
70 0.0214110114567
71 -0.0811433211446
72 -0.0403716121247
73 0.313522230083
74 0.531689135053
75 0.112454538163
76 0.131549105937
77 0.217949024962
78 0.331691592496
79 0.00731037875707
80 0.13226988964
81 0.291781633228
82 0.289421828706
83 0.367921336464
84 0.273054825106
85 0.130868881037
86 0.278107386382
87 0.315075444998
88 0.37847593891
89 0.268096622305
90 0.393684250634
91 0.505458386095
92 0.497989236679
93 0.383803720213
94 0.294474351534
95 0.0881633374792
96 0.0994698055122
97 0.184963359096
98 0.552196678444
99 0.351395639358
100 0.496866366201
101 0.767228438634
102 0.539282404116
103 0.318101255243
104 0.53357794178
105 0.562009769592
106 0.162879811744
107 0.680347894875
108 0.433352632672
109 0.490676986472
110 0.48004567417
111 0.324202908011
112 0.44924189952
113 0.495995150968
114 0.391719527013
115 0.451376716093
116 0.430387572519
117 0.286155787783
118 0.67380796941
119 0.545328175967
120 0.354005908344
121 0.091927633569
122 0.48560814868
123 0.39842642022
124 0.506004687303
125 0.284896689132
126 0.480490735921
127 0.507096590174
128 0.454564122901
129 0.608389972549
130 0.272834119328
131 0.467819826059
132 0.469265796714
133 0.644099753
134 0.455636758724
135 0.603035365782
136 0.498680545075
137 0.517765493671
138 0.425086230668
139 0.208577094857
140 0.243944837981
141 0.563807270416
142 0.319563888932
143 0.494028402251
144 0.653077429699
145 0.635171873613
146 0.598751181844
147 0.421312613372
148 0.385017365415
149 0.331251056371
150 0.585552841527
151 0.406533077101
152 0.348880793634
153 0.356178087062
154 0.458515156195
155 0.397842426424
156 0.0766013767588
157 0.256064138596
158 0.155749479026
159 0.302926801648
160 0.380935032654
161 0.283612529508
162 0.242333148204
163 0.469264118068
164 0.370074938915
165 0.593451693074
166 0.556452310568
167 0.248733206912
168 0.507835939749
169 0.0750485075888
170 0.127665295892
171 0.506790562803
172 0.0828402001484
173 0.429970238894
174 0.239440649845
175 0.449600652222
176 0.185358016834
177 0.426057677482
178 0.444988688016
179 0.527134902988
180 0.341675765142
181 0.493392312685
182 0.479282052437
183 0.522793118543
184 0.473016903166
185 0.65357296283
186 0.466003061811
187 0.633949464519
188 0.446777157987
189 0.598346135344
190 0.410427629816
191 0.530000061842
192 0.641087529061
193 0.765577995519
194 0.735245299198
195 0.7393897439
196 0.931829202537
197 0.902354910414
198 1.22992037497
199 1.03986975066
200 0.991163753285
201 0.833181060347
202 1.32466856333
203 1.03780534653
204 1.06038237462
205 1.29402923519
206 1.15172119286
207 1.0365908374
208 1.10744929434
209 1.22757522919
210 1.12559184498
211 1.22812764648
212 1.18347631577
213 1.41815444829
214 1.37704783544
215 1.03745129134
216 0.95844626748
217 1.10539109556
218 1.01595574957
219 0.746224126529
220 1.14099859391
221 1.02465374136
222 1.04380838055
223 1.16077548968
224 1.12836389844
225 1.34928780373
226 1.12632425506
227 0.897725892303
228 1.40607678659
229 1.14799005059
230 1.18989770916
231 1.2947537656
232 1.11660756852
233 1.27811931978
234 0.883969491774
235 0.961815459104
236 1.05137486403
237 1.14339991876
238 1.25901388685
239 1.01993167978
240 0.977599711188
241 0.98705267591
242 1.05020522365
243 0.902420234822
244 0.958651350511
245 1.28527556462
246 1.20024322358
247 0.932964047404
248 0.935042828005
249 1.05440235421
250 0.99880785512
251 1.06297433847
252 1.05258281658
253 1.35190818447
254 1.22559972834
255 1.23643470872
256 1.50470660326
257 1.35765773888
258 1.75703826931
259 2.09013062808
260 2.0519698242
261 1.84291017013
262 1.69568808657
263 1.77398444247
264 2.15558181796
265 1.69635945879
266 1.94875174045
267 2.24297767657
268 2.29376335337
269 1.96474238163
270 2.09457141271
271 2.08688912124
272 2.05467848397
273 2.11313669073
274 2.02807159472
275 2.4245768738
276 2.56344728005
277 2.39100933344
278 2.0933320499
279 2.42718465585
280 2.59635489718
281 2.63204351782
282 2.57976387758
283 2.37492118679
284 2.19459238276
285 2.35532582496
286 2.4742726642
287 2.51861312211
288 2.18347936731
289 2.03447914467
290 2.32235305761
291 2.84112664917
292 2.58083238951
293 2.42232596372
294 2.25865348912
295 3.08519354901
296 2.94985405494
297 3.32733398004
298 3.71673058699
299 3.45471149496
300 3.18023479564
301 3.70214544981
302 3.68688410657
303 3.63775955939
304 4.00276285519
305 4.03500457596
306 3.63052699387
307 3.44017905922
308 3.31019856302
309 3.51959330225
310 3.59940055215
311 3.49065903362
312 3.58781162632
313 3.42078875838
314 3.62570178128
315 3.978126153
316 4.12131416224
317 3.73815127886
318 3.61168436679
319 3.6219655096
320 3.76167396274
321 4.00019837899
322 3.88231338705
323 3.61406004314
324 3.81413755592
325 4.24201471179
326 3.95164184096
327 3.79504743316
328 4.07317477054
329 4.06857750174
330 3.83778410801
331 3.7585711406
332 4.11755192893
333 3.97779146307
334 4.07074464905
335 3.64202113288
336 3.96913848369
337 3.67305864819
338 3.78490439388
339 3.56556139734
340 4.17827281332
341 4.11329402475
342 4.04016052077
343 3.95551938004
344 3.71788928095
345 3.89556720577
346 3.71849479221
347 3.80346277178
348 4.26293342451
349 4.72285458211
350 4.36512302756
351 4.23129542581
352 4.31708046748
353 4.26009173475
354 4.18178513073
355 4.43607903901
356 4.13469982788
357 3.75489487963
358 4.35202108433
359 3.73377146482
360 3.9914813224
361 3.95700536703
362 4.2267810159
363 4.15977292942
364 4.1148344653
365 3.56254398646
366 3.44020390839
367 3.85110516922
368 4.10769106296
369 4.03091073829
370 4.18874202704
371 4.33773305364
372 4.42760228673
373 4.28415102711
374 4.26536726073
375 3.81319501506
376 3.8079710464
377 3.91343251801
378 4.1018519548
379 4.24871653688
380 3.97021242723
381 4.10007115035
382 4.01488990433
383 4.22915929417
384 4.22428263677
385 4.4496505214
386 4.44091674452
387 4.79396118201
388 4.62280232631
389 4.85874363855
390 5.01645040839
391 5.10275715536
392 4.93285548579
393 5.54199450861
394 6.20279251661
395 5.68800945775
396 5.39315520568
397 5.9393551691
398 6.19919709703
399 5.69373583321
400 6.20837866184
401 6.1580718113
402 5.98916520027
403 5.7376208707
404 6.00530008888
405 6.25805187179
406 6.03339949216
407 6.21489711493
408 5.9828629966
409 6.29451639528
410 6.40038302135
411 6.1264026973
412 6.42590061605
413 6.2668488315
414 6.17167561398
415 5.7609250544
416 5.86067279946
417 6.15886289293
418 5.78769063002
419 5.8746523881
420 5.83951126037
421 5.99699048378
422 6.12221405953
423 5.85834165559
424 5.74010954409
425 5.7144664212
426 5.87901330185
427 5.8588932546
428 5.85019772479
429 5.85664494366
430 5.75912734183
431 6.04562484489
432 5.38914469793
433 5.87034235986
434 6.16102126981
435 5.86465164943
436 5.64723307019
437 5.29303036158
438 6.00408421494
439 5.66581506273
440 5.57913926187
441 5.44153927168
442 5.52486276471
443 5.12697040364
444 5.22875124116
445 5.43510160693
446 5.54095715599
447 5.42836979183
448 5.79616278522
449 5.29752037004
450 5.64444632112
451 5.80916000905
452 6.10147422139
453 6.02502570238
454 5.96216113211
455 5.70849919156
456 5.64421738734
457 5.90089553418
458 6.27827606526
459 6.37653045785
460 6.27360061387
461 6.28575074945
462 6.70237267352
463 6.275813447
464 6.34838255084
465 6.47967954835
466 6.38854477045
467 6.11398357008
468 6.48760666147
469 6.26495462914
470 5.91668758106
471 6.00596327664
472 5.69371526365
473 6.06782643888
474 5.95535605914
475 6.53661908464
476 6.44470003966
477 6.14637249548
478 6.24556112185
479 6.70711680633
480 6.6022592791
481 6.54922255458
482 6.79257162672
483 6.37684848438
484 6.63526336338
485 7.16122070523
486 6.37785470502
487 6.29874336082
488 6.92088147521
489 7.22981110939
490 6.47835342626
491 6.78080142527
492 7.55033971709
493 7.15973777297
494 7.14851928702
495 6.98833840556
496 6.28569223118
497 6.22314859716
498 5.88099590478
499 6.26588944696
500 6.22260218921
501 6.53807919629
502 6.16333177651
503 6.10127710225
504 6.4234430961
505 6.77255605801
506 6.60648314966
507 6.35230684327
508 6.07900416014
509 5.96545378809
510 6.35437115058
511 6.41329089238
512 6.55441976559
513 6.81183086683
514 6.89113861326
515 6.78426442427
516 6.33512087345
517 6.68868452726
518 6.5457792499
519 5.91475609335
520 6.30877136936
521 6.22944636677
522 6.18368671499
523 6.42935266661
524 5.97428313732
525 6.27126818408
526 6.3489499517
527 6.31478675766
528 6.35738358979
529 6.41253279887
530 6.1913349516
531 6.10729038033
532 6.59369683959
533 6.42298788266
534 6.5480902033
535 6.66344370075
536 6.82086824784
537 6.752294711
538 7.24726819845
539 7.03240558938
540 7.38883591449
541 7.23866738856
542 7.18180518258
543 7.29929734173
544 7.00936609665
545 7.07040846396
546 7.09900001361
547 7.27955256424
548 7.20923553967
549 7.03631601917
550 7.4765192755
551 7.53933399999
552 7.44688406337
553 6.96876542748
554 6.73197554388
555 6.77829579026
556 6.54384724225
557 6.83085208677
558 6.95524443163
559 7.20264181143
560 7.2912065383
561 6.93941306912
562 6.82142772821
563 6.19329127638
564 7.06111722523
565 6.85117063421
566 6.52992704665
567 6.54905544222
568 6.73810295499
569 7.00570335412
570 6.76165345316
571 6.83711295071
572 6.773927034
573 6.46184419314
574 6.7887283139
575 6.75397169519
576 6.51088483349
577 6.03543289604
578 6.13748747883
579 6.44008189293
580 6.18317354033
581 6.58621682642
582 6.85294199955
583 7.14955257493
584 7.4135877241
585 7.4631876732
586 7.35655262747
587 8.15800333139
588 7.66130975474
589 7.78396906198
590 7.901821713
591 7.71890231592
592 7.94899860552
593 7.74934030892
594 7.56907680102
595 7.82801260048
596 7.70256075856
597 7.49910620284
598 7.23393681567
599 7.27782802451
600 7.42920266798
601 7.48475615385
602 7.44886545079
603 6.69198193515
604 6.71318893466
605 6.86378871477
606 6.94791402936
607 6.68676507508
608 6.8483460542
609 6.66597306778
610 6.72398084549
611 6.11955490617
612 6.535515447
613 6.95723995482
614 6.57921062903
615 6.31325808737
616 6.42060126481
617 6.390115919
618 6.12756834305
619 6.23488552102
620 5.90584651649
621 6.29909470791
622 6.25693526475
623 6.66224004719
624 6.67574636442
625 7.04632310794
626 6.37977677307
627 6.05832583203
628 6.29508473732
629 5.92502616093
630 6.75171157645
631 6.58137324911
632 6.30440982739
633 7.10144624362
634 6.87456515657
635 6.67298754323
636 6.41392065582
637 6.06262982758
638 6.08295771504
639 5.81429072093
640 6.03376233743
641 6.15029781666
642 5.84748963814
643 6.04576821229
644 5.85772068951
645 6.02560446656
646 5.80444401501
647 5.76901058116
648 6.16662618101
649 6.02335395254
650 6.40609015956
651 6.37270202473
652 6.46701643296
653 6.32430744286
654 6.13822854216
655 5.74631134585
656 5.5802374167
657 5.96356526458
658 5.86203385541
659 5.68609609392
660 5.94538750676
661 5.87399948921
662 5.72654715453
663 5.69236186996
664 5.70571545554
665 6.01713553577
666 5.77791730611
667 5.31299297458
668 5.61085371895
669 5.91712836497
670 5.59784823916
671 5.64063691705
672 5.30580643332
673 5.29356414542
674 5.4152146973
675 5.40903858104
676 5.57020586953
677 5.95182673051
678 6.18080682237
679 6.25019098106
680 6.38105721439
681 6.34646469082
682 6.14293483507
683 6.13921509651
684 6.6307513557
685 6.17119610757
686 6.54275846294
687 6.13417863705
688 6.61849443957
689 6.29155196668
690 6.40892961219
691 6.49547535444
692 6.49807494054
693 6.63789692154
694 6.7987680705
695 6.56468956012
696 6.54488536313
697 6.56600905457
698 7.14794966838
699 7.16159449475
700 6.89238499788
701 6.8265282797
702 6.80969893539
703 6.71122172063
704 6.29959686069
705 5.90408371169
706 5.35413275389
707 5.38811763318
708 5.47660033613
709 6.28049431333
710 6.3732595432
711 6.28126877986
712 6.28499973926
713 5.96109240672
714 5.38204873036
715 5.46971996408
716 5.07716409091
717 5.25380575227
718 5.21158657286
719 4.5591057043
720 4.90144145776
721 4.63262816946
722 4.834436289
723 5.00720364638
724 4.77917404512
725 4.71044387815
726 5.11530244332
727 4.40928499362
728 4.37344053462
729 4.59289486983
730 4.87747891764
731 4.69224425268
732 4.40512340762
733 4.76778076656
734 5.08687957033
735 5.22898426155
736 5.32270632396
737 5.04682785573
738 5.85796854274
739 5.91404333514
740 5.52917142543
741 5.49922396534
742 5.7431107309
743 5.89316526866
744 5.83589966382
745 6.00322795427
746 6.37219705445
747 6.29434631118
748 6.60640012639
749 7.03166743892
750 7.20316991424
751 7.45816027773
752 8.00769622261
753 7.45016249212
754 7.2139337199
755 7.88508414914
756 7.4001872094
757 7.38476368985
758 6.96862348299
759 7.34767140086
760 6.93071736791
761 6.62597169997
762 7.11157762761
763 6.79192138893
764 7.14355509485
765 7.18281534996
766 7.28256762528
767 7.17458869611
768 6.89152172594
769 6.95288592035
770 7.06332370483
771 7.54166916083
772 7.73835481843
773 8.24989571998
774 7.91746881361
775 7.83210417664
776 7.92972233832
777 7.7362576944
778 7.59577729189
779 7.44228046444
780 7.61071990871
781 7.66906886637
782 7.44587238657
783 7.39172667333
784 7.94335731959
785 7.93699575277
786 7.57775153357
787 7.48338702389
788 7.02098772726
789 7.28062415083
790 7.21095362935
791 7.12980902488
792 7.15504704161
793 6.86498860984
794 7.20510485112
795 6.98665989617
796 7.44805791871
797 7.39731953671
798 7.45161044894
799 7.39861960237
800 7.80787087071
801 7.22524614053
802 7.76268520165
803 7.60054945371
804 7.63287504419
805 7.77269698205
806 7.92998096721
807 8.05446902495
808 8.64013719682
809 8.05972498444
810 8.00113380521
811 7.83612080231
812 7.88938572017
813 8.14267767151
814 7.77586520633
815 8.14651087544
816 7.94299286953
817 8.35147788285
818 7.96931086253
819 8.45513199591
820 8.18931849903
821 8.63414129737
822 8.06203962212
823 8.07755865287
824 8.46277099907
825 8.33355546884
826 8.60255075545
827 8.54104221062
828 9.01039566598
829 8.59999627852
830 8.71489999372
831 9.17512146451
832 9.19606977666
833 9.51234549408
834 9.66282802774
835 9.590599497
836 10.1314615239
837 10.0413424961
838 9.57462192826
839 10.1102692517
840 10.0254786296
841 9.7258926738
842 9.23735400943
843 9.22071662232
844 9.03460284111
845 9.16814343168
846 9.55569562232
847 9.71572597236
848 10.184986057
849 9.7460672673
850 9.84019359923
851 9.40489069299
852 10.4776967237
853 10.9485477242
854 10.3661565584
855 10.4579679301
856 10.5443615521
857 10.5175309611
858 10.2121097139
859 10.3343801891
860 10.574787424
861 10.2140375242
862 10.2043188346
863 10.4535679335
864 10.2805364849
865 10.5880791696
866 10.1743985232
867 10.0779641203
868 9.81660809075
869 10.1998995214
870 10.0180075641
871 10.2819577531
872 10.6120592603
873 10.8274757394
874 10.4948320302
875 10.9528743902
876 10.9382612027
877 10.8104603893
878 10.6175447105
879 10.3492017107
880 10.4980235537
881 10.5652854478
882 10.4629903187
883 10.7494823106
884 11.2637255697
885 11.3507533965
886 11.9208985061
887 11.6327042449
888 12.013080606
889 12.3379765532
890 11.7091074156
891 11.0762194546
892 11.3118215333
893 11.8293630059
894 12.5200294791
895 11.8993008459
896 12.2085143747
897 11.8371891442
898 11.3151848107
899 11.1721910214
900 11.3742894178
901 10.8506283352
902 10.8539701009
903 10.504294738
904 10.0697408698
905 9.85209947873
906 9.96873063666
907 9.35832165311
908 9.67401314135
909 10.0879326611
910 9.91872569304
911 9.46222321942
912 9.89937929516
913 10.1831104884
914 10.0900414901
915 10.6446912322
916 10.4881788807
917 11.0815334042
918 10.850207674
919 10.7620005857
920 11.2616321951
921 13.3964065527
922 12.9998450772
923 12.8759136309
924 12.594041676
925 12.8500843571
926 12.3734178141
927 12.7842122138
928 12.4883566055
929 12.4749195554
930 12.6566161088
931 12.1237651827
932 11.9268695959
933 12.2010147106
934 12.6041587005
935 12.649245552
936 12.9987604018
937 13.5708071333
938 12.8359245939
939 12.7610724475
940 12.9558631371
941 12.8495921205
942 12.1093073266
943 12.783109725
944 12.6297690586
945 12.1265086253
946 12.0977421631
947 11.9823158051
948 11.9615539211
949 12.0485656377
950 12.3169873983
951 11.952847128
952 12.3280701168
953 12.0420373633
954 12.680107892
955 12.872519976
956 12.3680576054
957 12.4145547008
958 12.3204740073
959 12.7138477274
960 12.3434412401
961 13.1162493747
962 13.7688659439
963 13.6713068053
964 13.7149731517
965 14.0369464104
966 14.2385877869
967 13.9252740235
968 13.5774009341
969 13.7289832656
970 14.1205316011
971 14.4888466319
972 14.6227145805
973 14.4325867578
974 13.6081588861
975 14.2729830264
976 13.722561709
977 13.7332828729
978 14.4352321485
979 14.9882771366
980 15.3380707244
981 15.3407217669
982 14.7574319624
983 14.8414953263
984 14.584624861
985 14.3163207363
986 13.9018434219
987 14.3289398755
988 14.1500795926
989 13.8020402024
990 13.8319968825
991 14.4774606158
992 14.2028237659
993 14.2759281246
994 14.3625379811
995 14.741906874
996 14.5619780315
997 14.2541917296
998 13.6639639541
999 13.9803338817
