0 0.0
1 0.00199238295576
2 0.0152043782624
3 -0.0360086840469
4 0.0251173261394
5 0.000147382739797
6 0.195150329666
7 -0.103123856269
8 -0.26617691769
9 0.19489255898
10 -0.284517895253
11 -0.318617764424
12 -0.0845139687151
13 -0.0763183283405
14 -0.110883106218
15 -0.0344793750892
16 -0.302551121722
17 0.144188984866
18 0.0660337321257
19 -0.0289835905449
20 -0.0735786293032
21 0.0339675821498
22 -0.0708609614622
23 -0.110310039668
24 0.140319116134
25 0.168499960124
26 0.0295462637026
27 -0.161323822377
28 -0.0201904780323
29 0.0870124946145
30 0.0327518371238
31 -0.00747466249179
32 -0.147873578126
33 -0.121546991198
34 -0.123818595875
35 0.0847750181362
36 -0.228247067546
37 -0.122589772659
38 -0.137209616509
39 -0.154692483257
40 -0.183284719716
41 -0.0864691316562
42 -0.297138923379
43 0.285960470484
44 0.0444449455911
45 -0.171198924191
46 0.0122166630308
47 0.0714349860542
48 0.273614132592
49 0.237023452916
50 0.0153837063109
51 -0.05229827357
52 0.12834168437
53 0.0901837237627
54 0.277948671471
55 0.25073072121
56 0.348296649286
57 0.0705619294265
58 0.038703300739
59 0.208066379831
60 0.0926538360305
61 0.161229142678
62 -0.0650649153017
63 -0.127483028947
64 -0.279778787176
65 0.0427544479834
66 -0.312651927064
67 -0.0108927155632
68 -0.0660788569963
69 0.299202019645
70 0.2207796872
71 0.217899352661
72 0.121633060212
73 0.220645619945
74 -0.0498812740218
75 0.0525999591382
76 0.181312467173
77 0.274230194343
78 0.17435691033
79 0.397650316883
80 0.204041589993
81 0.08798907265
82 0.21402981195
83 0.335344548743
84 0.344098628459
85 0.0751065672619
86 0.378545070842
87 0.401761842876
88 0.447278621635
89 0.724312436173
90 0.510853493704
91 0.545043453952
92 0.627284505745
93 0.84017179322
94 1.20958631648
95 1.00255336201
96 0.785615208796
97 1.00939563282
98 0.693734759363
99 0.753835600664
100 1.03898846203
101 0.836191385352
102 0.888190225536
103 0.839886363246
104 1.16219517464
105 0.886922068157
106 1.04466141742
107 0.973616349036
108 1.11236716063
109 1.0058012524
110 0.690282690235
111 1.05511349774
112 1.04135674449
113 0.772765962656
114 0.800997924838
115 1.22843325965
116 0.74338115048
117 1.09886495571
118 0.942694923356
119 0.997589871483
120 0.980646862951
121 0.935192765451
122 1.01071479442
123 0.847631491711
124 1.22003328032
125 0.916259498957
126 1.14631378503
127 1.01246927614
128 1.105981923
129 1.31846552481
130 1.06926881541
131 0.946235095632
132 0.839362262297
133 0.930414614101
134 1.161586192
135 0.511931399182
136 0.78804969948
137 0.819896618283
138 0.7329513108
139 0.719268977627
140 0.770266960189
141 0.59071449373
142 0.757172083539
143 0.700609979149
144 0.779412459431
145 0.672769216536
146 1.08763870113
147 0.948751566475
148 0.999321291438
149 0.854743275015
150 0.922315402593
151 0.930906550856
152 0.995102578221
153 0.681825240598
154 0.794261175653
155 1.11087022909
156 0.738697072909
157 0.751103141582
158 0.661044429528
159 0.718041868013
160 0.69029396927
161 0.591964861992
162 0.965579777781
163 0.778509705497
164 0.730621427303
165 0.677050191495
166 1.00615027292
167 0.878257952205
168 0.798870862745
169 0.830520709878
170 0.78047776724
171 0.82914892802
172 0.947972104298
173 1.25141017478
174 1.19543743312
175 1.05559955583
176 0.918363970384
177 1.0463107498
178 1.12126925427
179 0.904085997419
180 0.921544993139
181 1.16708061806
182 0.896951235854
183 1.01726625738
184 1.04739485846
185 1.06460980157
186 1.00647706664
187 0.813250106777
188 1.10289065047
189 1.01933702247
190 1.01684353078
191 1.17863883904
192 0.848588343273
193 0.998017379969
194 1.11896164473
195 1.20046582578
196 0.920125819913
197 0.897316237497
198 0.851884582902
199 0.96804689553
200 1.02313786602
201 0.875827369602
202 0.99240008187
203 0.849737241761
204 0.874978954932
205 1.13527708998
206 1.09422427369
207 0.965256735981
208 0.930252109488
209 0.86799852557
210 1.1706848466
211 1.25748679656
212 1.06809974676
213 1.26195060393
214 0.916826156625
215 0.915334710999
216 0.907590620191
217 1.04606434348
218 0.871981100103
219 1.12441415445
220 0.936647479296
221 0.969290387684
222 0.988187704689
223 1.01262057225
224 1.21062761421
225 1.25017383481
226 0.985102345446
227 1.38955321987
228 1.3814208502
229 1.35619527442
230 1.58047743347
231 1.34534909087
232 1.44768335965
233 1.27251246783
234 1.10932780895
235 1.07324556359
236 1.18741011165
237 1.20553293224
238 1.11981927915
239 1.44950759343
240 1.34738562431
241 1.54462156317
242 1.28141502939
243 1.38950022782
244 1.7209941599
245 1.55142112153
246 1.75433072646
247 1.47014897379
248 1.5053100971
249 1.64166217169
250 1.94938247422
251 2.0293185763
252 2.01458765352
253 1.96978465578
254 1.77997232196
255 1.74015065939
256 2.36257544051
257 1.81801207844
258 1.81349444741
259 1.94597927194
260 2.00872636723
261 1.72485106201
262 1.90426831266
263 1.68298534857
264 1.88969154064
265 1.89374112895
266 1.94070241625
267 1.89184097386
268 1.60017323324
269 1.88022958035
270 1.87349616052
271 1.87716966701
272 1.88251790144
273 2.28409480266
274 1.87555844228
275 2.24507780235
276 2.41715849752
277 2.51164539708
278 2.41851684823
279 2.33731006893
280 2.43977101978
281 1.99826639885
282 2.24458789814
283 2.51091912919
284 2.64585778364
285 2.61869346065
286 2.88111534834
287 2.46749411061
288 2.61628761058
289 2.61000073449
290 2.70309737255
291 2.53619140633
292 2.88381370214
293 2.89506625582
294 2.60949524949
295 2.55806090659
296 2.57871540262
297 2.53757815729
298 2.89473743338
299 3.27168880895
300 2.94412621601
301 3.26877417606
302 3.0364234243
303 3.1119880187
304 3.22483912988
305 2.8929405418
306 3.14560651883
307 3.36924261268
308 3.34647178803
309 3.40433258783
310 3.34565311414
311 3.52797145444
312 3.57141529476
313 3.78581593184
314 3.93139764418
315 3.56685731172
316 3.09525255833
317 3.46937157078
318 3.59243190495
319 3.54854334879
320 3.44966877557
321 3.31119465837
322 3.73399517261
323 3.3606319303
324 3.75668550388
325 3.59542065109
326 3.51816595242
327 3.81604320131
328 3.5732765278
329 3.46953638219
330 3.6433770343
331 3.68163376887
332 3.90664415957
333 3.86823564142
334 3.54542589658
335 3.50729060634
336 3.49134268728
337 3.53255043282
338 3.41829991508
339 3.29544658739
340 4.15619882523
341 3.67486039247
342 3.89733857537
343 3.73099097684
344 3.61094868971
345 3.79716874421
346 4.05112669473
347 3.70115935457
348 3.41039592506
349 3.4415954245
350 3.69946427587
351 3.59039033012
352 3.82613833792
353 4.20632449866
354 3.8889461875
355 4.31412392228
356 3.83560006764
357 3.80170363799
358 4.08609364176
359 4.70197324583
360 4.88514072012
361 4.85339943986
362 4.87208387559
363 4.2338819434
364 4.38304636856
365 4.91712572958
366 4.78035739667
367 4.85775782532
368 4.36769245641
369 4.62864556564
370 4.90267677365
371 4.78302647477
372 5.23312035031
373 4.98820222122
374 4.83974920225
375 5.15559830459
376 4.81147014959
377 5.18136624804
378 5.24668202917
379 5.54168716185
380 5.140582223
381 5.71763308846
382 5.68825322364
383 5.53058025928
384 5.32282334415
385 6.12389355836
386 6.3226348732
387 5.7898004854
388 5.78226879905
389 6.67386276714
390 6.46691792297
391 6.49615103743
392 6.6327667092
393 6.41875081043
394 5.79066525314
395 6.23494966701
396 6.63164828031
397 6.73086821193
398 6.71511686379
399 6.29191154389
400 6.53335175336
401 6.49490029421
402 6.5144441442
403 6.72567926882
404 6.71924745052
405 6.76906994397
406 6.18968918673
407 6.4720095681
408 6.68448639449
409 6.43546597843
410 6.1483583719
411 6.46885913659
412 6.37299079711
413 6.40998840722
414 6.12154656654
415 6.75838880892
416 6.84468705509
417 6.29957487136
418 6.41183596903
419 6.5486525945
420 6.38336017481
421 6.57168844505
422 6.60468906082
423 6.79573636561
424 6.87934510465
425 7.1874324531
426 7.51583363525
427 7.4590487947
428 7.51871045631
429 7.42563863804
430 7.54132103615
431 7.11608485351
432 7.30623106418
433 7.02295079223
434 7.3001604243
435 7.69223417287
436 7.45633300399
437 7.28152188432
438 7.41128021549
439 7.4465118144
440 7.0340210288
441 7.04686178256
442 7.55210880244
443 7.36504692983
444 7.5814562686
445 7.69833485069
446 7.60416707443
447 7.36009113233
448 7.96704523595
449 8.74077341349
450 8.24352255661
451 8.44983685526
452 8.41343248866
453 8.56242510909
454 7.9936657673
455 7.84449353001
456 7.47926053066
457 7.1250040023
458 7.68898636485
459 7.51858983855
460 7.545252745
461 7.99539483372
462 7.89800668364
463 8.12862834084
464 7.82245585624
465 7.96221185627
466 7.7308962787
467 7.78770829653
468 7.95055385356
469 7.93539415881
470 8.39301139165
471 8.34229626866
472 8.87150773369
473 8.70711526782
474 8.27297995239
475 8.57453193543
476 8.12967387106
477 8.1939303743
478 8.60838198384
479 8.59542779591
480 8.6685690727
481 8.12191895904
482 8.73639433679
483 8.79742824269
484 9.2144467394
485 8.92880205373
486 8.25312803819
487 8.1593029898
488 8.81294584239
489 9.04096214074
490 9.54211342681
491 9.09449479029
492 9.37688756396
493 9.61623338556
494 9.49542362115
495 9.81764619456
496 9.61002469688
497 9.27459091339
498 9.10588784118
499 9.34281355234
500 8.93830106415
501 9.55719177834
502 9.31193009857
503 9.53486096661
504 9.6584903265
505 9.82124914893
506 9.9869486246
507 9.9201439326
508 9.56377532684
509 9.4773391385
510 9.09033466959
511 8.96487753567
512 9.26468501722
513 10.046021053
514 10.2495461339
515 10.3490441202
516 10.3885419153
517 10.2737346674
518 10.1383866961
519 10.1867209831
520 10.620886715
521 10.7444429306
522 10.0716034953
523 10.4814770098
524 10.3918699397
525 10.6353888725
526 10.1901323231
527 10.969129578
528 11.2203573282
529 11.5679929433
530 11.8797337361
531 11.9583599932
532 11.6754803584
533 11.9446046561
534 12.1649994319
535 12.1398683824
536 12.6761978126
537 12.6292576955
538 9.58158308074
539 9.457094309
540 8.94937831606
541 8.49749127479
542 8.51413669341
543 8.45671772073
544 7.80466893915
545 8.32434459084
546 8.56426181578
547 8.77464352164
548 8.18208992397
549 7.99754592343
550 8.11264994752
551 8.2059637739
552 8.08691825608
553 7.9553506814
554 8.41648211741
555 8.40120637806
556 8.9099274123
557 8.55681898137
558 8.40376223625
559 8.77933120382
560 8.52950118565
561 8.21733963986
562 8.2962650819
563 8.2001127808
564 8.32208122496
565 8.68444300894
566 8.89481089732
567 9.09180834001
568 9.38004697643
569 8.82554808799
570 8.84005717545
571 8.59965829412
572 8.61077599312
573 9.58200446199
574 9.68561237056
575 10.463563542
576 10.2121246192
577 10.599151205
578 10.8116989168
579 11.1776150263
580 11.0668181281
581 10.3553811513
582 10.4744995585
583 11.0497228936
584 10.3445535528
585 10.6741899494
586 10.7082719025
587 10.7659202681
588 11.026214559
589 11.4421974294
590 11.4924116516
591 12.1634459031
592 11.9444560847
593 12.0651466825
594 11.6534006181
595 11.6926738469
596 11.9582894207
597 12.7159534018
598 12.7053815537
599 11.9048858403
600 12.2770697393
601 12.6002406771
602 12.1961325634
603 12.3733908532
604 12.8464869942
605 11.7980393426
606 12.2882992095
607 12.9390715872
608 13.2322684774
609 13.3031526927
610 12.9058337752
611 13.1977544098
612 13.3395704897
613 13.2664972226
614 13.5341638877
615 13.7795857893
616 13.2994916596
617 13.0565741963
618 12.5927127261
619 12.0530836748
620 11.5117066177
621 11.6746428397
622 11.1283866095
623 11.503225554
624 11.7515413257
625 11.8796713099
626 12.2054225478
627 12.0673292419
628 11.6430554851
629 11.3263033105
630 11.18212298
631 11.4680367097
632 10.8722418557
633 11.4769055338
634 11.4127052928
635 11.1758738313
636 10.9230170602
637 10.908629736
638 11.225357809
639 10.7481378304
640 11.1420181612
641 10.7503666206
642 10.2040524208
643 10.4469285372
644 9.82269865575
645 9.88632675569
646 10.3390538782
647 10.3300013351
648 10.6599254889
649 10.6797395733
650 11.1319440723
651 11.1120188917
652 10.3919369569
653 10.5927175382
654 10.2256261611
655 10.760078008
656 10.607190952
657 10.5754368712
658 10.7673501562
659 11.3888267035
660 11.0931844852
661 10.7793044933
662 10.8967212862
663 11.1135820274
664 11.0469062098
665 10.7436480635
666 11.1392190169
667 10.8103698398
668 10.2286801274
669 10.7439210205
670 10.2180225265
671 9.96607307692
672 10.1078867198
673 10.3838578309
674 10.1639624685
675 10.197710203
676 9.86164965613
677 9.64276495383
678 10.268485387
679 9.93721225505
680 9.60501841255
681 9.76455340525
682 9.6603197015
683 9.58026582465
684 9.1346967371
685 9.59169056876
686 9.44938325591
687 9.84646163346
688 10.1802089588
689 10.9162045815
690 10.2123749422
691 10.1662440116
692 9.79022378664
693 9.24379765969
694 9.78415043946
695 9.00643253589
696 8.90263113171
697 9.01818324592
698 8.8188205569
699 8.72793498613
700 8.64316436006
701 8.55803616727
702 8.83825387217
703 9.3768013944
704 9.36949789637
705 8.88721464817
706 9.18511748468
707 8.88020893459
708 8.53802786845
709 8.65204458584
710 8.48762418241
711 8.83707200598
712 8.4877856721
713 9.2469990838
714 9.35778678636
715 9.30563341203
716 9.58606476286
717 9.12175660729
718 8.91351408837
719 9.13839741811
720 9.2837354973
721 8.38994396091
722 8.97840439218
723 9.52782521871
724 10.2424935776
725 10.3742826859
726 10.6897930266
727 10.8666503448
728 11.0696843948
729 11.3704248966
730 11.2366581253
731 11.2547791085
732 11.3813114323
733 11.2468801065
734 11.3545873835
735 14.0654664822
736 14.2617228447
737 13.9507280041
738 14.4259606799
739 14.8240443316
740 14.9530610266
741 15.09573256
742 14.3129820234
743 11.6917085608
744 10.8810237948
745 11.3954050827
746 11.0926647701
747 11.0533509217
748 11.3131818033
749 11.2336805139
750 11.1813190631
751 10.9640392322
752 10.4114590635
753 10.2803444798
754 10.6298754725
755 11.5180845096
756 11.8144665359
757 11.1172713979
758 10.775180652
759 11.2482764129
760 11.7538192338
761 11.2174233358
762 11.6582810868
763 12.2621843708
764 11.5743379481
765 11.5254846625
766 12.1290407645
767 12.0531308147
768 12.0010271968
769 11.4272269439
770 11.7765141288
771 11.3724442885
772 12.0100698419
773 13.7300676543
774 14.0776553423
775 14.0307228402
776 13.8388498699
777 13.304397954
778 13.8703841742
779 13.2712739584
780 12.4560572569
781 12.0093616975
782 12.1141678331
783 12.3633817966
784 12.3429964701
785 12.4923137996
786 13.1991590575
787 13.1106035133
788 14.0128490113
789 12.5525155817
790 12.1421151304
791 11.4157568547
792 11.4992682631
793 11.8924799089
794 11.588827934
795 12.026791896
796 12.511711939
797 12.5581238154
798 13.2777351117
799 13.3022598282
800 13.0395504804
801 13.0820434541
802 13.2711946516
803 13.2145370739
804 13.2564604645
805 10.0109946704
806 9.83056936462
807 9.59360219828
808 10.0509945991
809 9.96552288809
810 10.0878259666
811 9.24063266869
812 9.5304886564
813 9.34311186408
814 9.33607587413
815 9.73979914628
816 10.0718743595
817 10.1169767859
818 10.2191373034
819 10.584299256
820 10.6221293999
821 11.2025650772
822 10.787046451
823 11.5221370703
824 11.3146235625
825 11.2195283253
826 11.8748860539
827 12.3488819288
828 11.6205257363
829 11.6016680961
830 10.9349566417
831 10.3763847174
832 9.86502451784
833 10.0490459956
834 9.31125703567
835 8.91427721609
836 9.61666612575
837 9.25318875952
838 8.89236106887
839 9.37075519535
840 9.46344285704
841 10.1989868715
842 10.2342048358
843 10.1432775851
844 9.76050634194
845 9.19088167429
846 9.05982902001
847 8.5417113707
848 7.92601086076
849 8.85019008667
850 9.25609210247
851 8.9899410202
852 8.57319030359
853 9.15674391511
854 9.01864218914
855 8.7754955751
856 8.85391948176
857 8.2542534769
858 8.29582163978
859 8.24645985882
860 8.80354917592
861 8.49449835301
862 8.31149966729
863 8.78293609994
864 9.54601437631
865 9.3982349711
866 9.77585816025
867 10.1418530567
868 10.0972261008
869 10.0149575961
870 10.561620789
871 10.8985586064
872 10.7533451305
873 10.1127798717
874 10.5097009837
875 11.3196316062
876 11.1156686771
877 11.5229186781
878 11.0835778633
879 11.1337278496
880 10.803666973
881 10.7234858263
882 10.7703933514
883 11.2966660448
884 11.0138029803
885 10.7552826192
886 10.6847248732
887 10.8434852982
888 10.2739562106
889 10.8849395669
890 10.4951501243
891 11.152061064
892 11.3127369618
893 11.5246645462
894 11.0657973317
895 9.86912825678
896 10.1019164999
897 10.3586598367
898 10.8439054431
899 10.811129624
900 11.282269667
901 10.954832007
902 10.4070469807
903 10.3767449713
904 10.4719365752
905 10.7951896459
906 10.2168371806
907 10.5600540885
908 10.8616156311
909 15.5015740481
910 15.5884057398
911 11.3853715915
912 10.9613218073
913 15.5067129274
914 15.4455765993
915 15.1771226242
916 15.4163228694
917 15.2600334109
918 15.1087583642
919 14.2821887827
920 13.7797475842
921 14.0775538746
922 14.2020558284
923 14.0276752123
924 14.2326041173
925 14.2734732741
926 14.22800075
927 14.9034436203
928 15.1644529926
929 15.2973303808
930 15.6543859943
931 15.217981587
932 14.8852959162
933 14.0271280493
934 13.9214682912
935 13.5947287713
936 13.7047253297
937 12.6218476437
938 12.5310675924
939 12.9485489185
940 12.5793643343
941 12.4051901716
942 12.8203941898
943 12.6881172765
944 13.0134682776
945 12.9002845727
946 12.0547727777
947 12.0940152194
948 12.1067325401
949 11.9128330887
950 11.4981650228
951 11.5532018602
952 12.4712124005
953 12.1305927239
954 12.1158331781
955 11.8895704776
956 11.928463646
957 11.9655004535
958 11.7497536655
959 11.6400679252
960 11.3911719877
961 11.4633740241
962 11.7622403608
963 12.7573570428
964 12.5864492303
965 12.5558647331
966 12.506614531
967 12.6703545033
968 12.7521872049
969 12.9500376505
970 13.2568557412
971 13.8246687047
972 14.1116979656
973 14.1827513328
974 14.0180272621
975 14.9747197579
976 14.7320723254
977 15.4484799641
978 16.2904629497
979 16.5587035295
980 17.2387426577
981 16.9759662456
982 17.5625860187
983 17.576790401
984 17.7648158207
985 18.2521868891
986 18.2037942759
987 18.0533842805
988 17.7599909634
989 17.4380736985
990 18.1178930647
991 18.5083769088
992 19.0761476769
993 19.0065146574
994 19.5458599948
995 18.8502461718
996 18.6089439349
997 18.8865462058
998 16.4209974329
999 15.659155877
