0 0.0
1 -0.282363716783
2 0.0542579234804
3 -0.0103988017127
4 0.0260366337694
5 -0.00938865570548
6 0.0978088443652
7 -0.23376991059
8 -0.114623832347
9 -0.00134199555468
10 -0.173042235259
11 -0.0859868529422
12 -0.121952254229
13 -0.0808018760638
14 0.0274654367334
15 0.0556694572223
16 0.00721286539233
17 0.0762321452534
18 -8.67825700759e-05
19 0.0416477123484
20 0.15279008002
21 0.0879028988328
22 -0.138017481633
23 -0.157068214381
24 -0.11129459556
25 -0.000134124508332
26 0.234179533055
27 -0.233557713286
28 -0.0911176264805
29 -0.0264836227477
30 -0.0898783082348
31 -0.0345381026833
32 -0.111823613908
33 -0.102365162219
34 0.0512191316024
35 -0.0423857462377
36 0.0564785473757
37 -0.058970365957
38 -0.0389375850195
39 0.135793397278
40 -0.122645025498
41 -0.00373634093371
42 -0.10445348444
43 -0.103129439086
44 0.155907276835
45 0.162867452379
46 -0.202061839936
47 0.104397906483
48 0.244277620278
49 0.456727221173
50 0.0973629090815
51 0.476325974742
52 0.181030666864
53 0.31149863877
54 0.246222229556
55 0.323272996925
56 0.180981198659
57 0.305288922479
58 0.273906309739
59 0.278238653211
60 -0.0260629343378
61 0.53269938706
62 0.327163521568
63 0.226994909684
64 0.128020316516
65 0.247092588281
66 0.0145229764252
67 0.23021712631
68 0.0395990980995
69 0.116397151322
70 0.197154242099
71 -0.0308060740194
72 0.0490195849862
73 -0.0959691497577
74 -0.0766408010697
75 -0.178675487649
76 -0.257097651573
77 -0.225204080746
78 -0.470211290845
79 -0.465585498862
80 -0.386338450662
81 -0.442664875538
82 -0.519043794385
83 -0.568408481472
84 -0.27677019501
85 0.00655427350251
86 -0.433898945691
87 -0.0907025784912
88 -0.0324979469704
89 -0.150544490414
90 -0.114312547356
91 -0.415210547573
92 -0.5065714645
93 -0.249145256437
94 -0.334043788775
95 -0.255126107969
96 -0.102583262598
97 -0.0884460773273
98 0.00880758680928
99 -0.135121310134
100 -0.208985508873
101 -0.121642831486
102 0.0511034539488
103 -0.0246944909619
104 0.0799482555489
105 -0.113984514279
106 -0.0797636802761
107 -0.14130150961
108 -0.131499853344
109 -0.317270299616
110 0.04297859212
111 -0.348173857251
112 -0.0939870191086
113 -0.15384799718
114 -0.218215576632
115 -0.0749460740663
116 0.054055887346
117 0.00249440405132
118 -0.422656164187
119 0.215959895778
120 0.0622064800441
121 0.0288461840809
122 -0.375064341283
123 -0.288056905639
124 -0.298404410025
125 -0.0380040295109
126 -0.0472305393877
127 -0.02259437253
128 0.10960839993
129 0.061313769323
130 0.389183974537
131 0.0312649426822
132 -0.0353418180559
133 -0.0893369997765
134 -0.167960626761
135 0.110389034885
136 0.252524070536
137 -0.0162679467603
138 -0.0158884301719
139 -0.0244540276204
140 0.00717285600803
141 0.188939901696
142 -0.0671024317843
143 -0.0862509609084
144 0.0800133972095
145 0.0501931663545
146 -0.0386667179275
147 -0.153056346834
148 0.07246196877
149 -0.0709345946771
150 0.117880207276
151 0.0858478905517
152 0.0246006363536
153 -0.130449447127
154 -0.0663302757093
155 0.0531687632369
156 0.132081104836
157 -0.0213026209909
158 0.103375042247
159 0.256701730208
160 -0.0205858992416
161 0.21961342041
162 0.185581709376
163 -0.058845499017
164 0.0256556875394
165 0.162018719037
166 -0.000780235941797
167 -0.13705603013
168 -0.0777554179904
169 0.00103900674746
170 -0.0673376447047
171 0.0649034407469
172 -0.133374660159
173 0.108905107495
174 -0.0114627109432
175 -0.0405475111534
176 0.168659688481
177 0.0953897445926
178 0.0799574935306
179 0.199424511215
180 0.0536299529129
181 0.133345741768
182 0.0285163446684
183 0.0762217636001
184 0.247935231079
185 -0.0580024978307
186 0.0497479128129
187 0.207453928913
188 0.128079502326
189 0.423716596983
190 0.345996559203
191 0.156302596813
192 -0.0129475334537
193 0.0391894573754
194 -0.028932869551
195 0.0602876680251
196 0.0252603558512
197 -0.275662308008
198 0.0323872761766
199 0.113978189188
200 0.0794384427006
201 -0.0815785787639
202 0.108047403568
203 -0.0328213742056
204 0.0273687601395
205 -0.102423036555
206 0.203683012702
207 -0.220656860058
208 -0.0557924147603
209 -0.129741810606
210 -0.106790022301
211 0.145578836065
212 0.250158944457
213 0.0144195919022
214 0.124453478994
215 0.362198154595
216 0.123870205234
217 0.259866259498
218 0.0734290681693
219 0.146283492582
220 0.306412418368
221 0.37430195448
222 0.284264826799
223 0.341240020184
224 0.24641243732
225 0.383075739862
226 0.186509412542
227 0.305481202468
228 0.316931784306
229 0.328797047496
230 0.185225335424
231 0.301506367555
232 0.433250227376
233 0.17112015636
234 0.548126681171
235 0.372857702539
236 0.46351814152
237 0.390430338015
238 0.347259876193
239 0.273407547385
240 0.553983396529
241 0.267640398606
242 0.601783598086
243 0.660342945213
244 0.919107561053
245 1.11239809987
246 1.30150242452
247 1.34067660478
248 1.57096673591
249 1.56591016549
250 1.54606460079
251 1.65771708271
252 1.6331499188
253 1.65710905868
254 1.67150220365
255 1.829678208
256 1.99168555779
257 1.88573090767
258 1.93004240224
259 1.5984502639
260 1.6139812003
261 1.79267508779
262 1.74041100892
263 1.5052941059
264 1.83809733593
265 1.59026396463
266 1.40750877177
267 1.48407708903
268 1.46823224167
269 1.5785839494
270 1.47726112665
271 1.38614004899
272 1.46943447772
273 1.7519099731
274 1.73457910642
275 1.45680482233
276 1.67213900509
277 1.65150277009
278 1.60649051467
279 1.83086353974
280 1.58364766626
281 1.64449391423
282 1.8365256269
283 2.14881348705
284 1.75741598041
285 2.01463757061
286 1.90517874007
287 2.31015909815
288 2.69803837095
289 2.18157305695
290 2.48457045387
291 2.29549712062
292 2.4080545709
293 2.4015110961
294 2.36964313197
295 2.41632261671
296 2.58241713589
297 2.58006218732
298 2.59317417505
299 2.55306891148
300 2.42585420071
301 2.61275975278
302 2.54123109016
303 2.71648515765
304 2.71855090336
305 2.31218623681
306 2.11423737221
307 2.3574757414
308 2.28879356728
309 2.24985146115
310 2.1892228907
311 2.14271244813
312 1.91682654162
313 2.43242266971
314 1.88372845327
315 2.44321191491
316 2.96381026063
317 3.02025842024
318 2.94805966652
319 3.23946638039
320 3.59962065672
321 3.62486690406
322 3.30954346261
323 3.35063724812
324 3.18098033586
325 3.18329224786
326 3.35527624212
327 3.1173663955
328 3.12748732957
329 3.17948788758
330 3.17183935816
331 3.47491123297
332 3.35934910869
333 3.28772179323
334 2.90085632162
335 2.7795949513
336 3.30777194669
337 3.1385135898
338 2.91292438765
339 3.1980967383
340 3.71266662504
341 3.75468204881
342 3.51825103642
343 3.69975461792
344 3.42676097317
345 3.97885202824
346 3.70879530861
347 3.22644916115
348 3.42982122625
349 3.45852272139
350 3.43508653872
351 3.88096690178
352 3.42291741331
353 3.85058477203
354 3.54568740024
355 4.1381403189
356 4.39875862312
357 4.22355752058
358 3.86468146477
359 4.2824440559
360 4.40570964903
361 4.24880317728
362 4.31417149079
363 4.30736494837
364 4.55575468366
365 5.07078229547
366 4.6799218466
367 4.71786485419
368 4.60000973762
369 4.50789903304
370 4.87221640631
371 4.46549551028
372 4.19650483383
373 4.3670122648
374 4.34227081386
375 4.83959875593
376 4.94370367048
377 4.60152532218
378 4.60000778636
379 4.69999920241
380 4.49807607387
381 4.54225565114
382 4.66938851852
383 4.87642859368
384 4.96488147836
385 5.25566103439
386 5.15710593365
387 4.68569073873
388 4.97716097064
389 4.42183050054
390 4.13601601271
391 4.62698830983
392 4.61687219653
393 4.41532711422
394 4.54296279908
395 4.77281540887
396 4.72214072331
397 4.77776704243
398 4.794600636
399 5.20402305441
400 5.53223571733
401 5.20191013424
402 5.1976564346
403 4.98294830805
404 4.94067101579
405 4.67784812005
406 4.79368032168
407 4.96284740613
408 4.71442554089
409 4.34207413896
410 4.6641076561
411 4.75729642371
412 4.62961346175
413 4.70263011796
414 4.79504784608
415 4.82099064586
416 4.46065491363
417 4.63615992238
418 4.85209219511
419 4.99928121492
420 4.85328642234
421 4.86819495021
422 4.74090614413
423 4.83903428083
424 4.60782125289
425 4.55323660124
426 4.89140658311
427 5.45100131291
428 5.16923237885
429 4.87436021436
430 4.93243781173
431 5.08283063919
432 4.90248771804
433 4.8062662538
434 4.73260399325
435 4.68820280916
436 4.65302986047
437 4.78192056939
438 4.40873349453
439 5.00502780317
440 4.56274384944
441 5.03494675389
442 5.0398091159
443 5.03234257101
444 5.09241631613
445 5.44850576994
446 5.47440092506
447 5.33079745403
448 5.40495934816
449 5.49081687997
450 5.09288115707
451 5.43583430254
452 4.88875213878
453 4.68487221005
454 5.54568681474
455 5.61166594418
456 5.66968149831
457 5.63359145145
458 5.51123778052
459 5.33114911332
460 5.6831781328
461 5.91302258013
462 5.78224209708
463 5.33069499032
464 5.94069404289
465 6.32662065353
466 6.30167914607
467 5.70156439598
468 5.63668552181
469 5.40695577131
470 5.70803884115
471 5.12698823726
472 5.34337816645
473 5.77314220874
474 5.68601172453
475 5.43542742535
476 5.79928618228
477 5.77175935586
478 5.89027485325
479 5.58518764929
480 5.62317882365
481 5.83655387642
482 6.2655323466
483 6.09245157622
484 5.74047258084
485 6.08854486993
486 6.23203682829
487 6.59607880831
488 6.2210475257
489 6.76554267768
490 6.59356462264
491 6.33397040744
492 6.02083287343
493 6.09948957751
494 5.7804201588
495 5.85846693674
496 6.47709588966
497 6.37482162046
498 6.28842899318
499 5.89141462634
500 6.33418515765
501 6.03512793314
502 6.21164966436
503 6.28802488283
504 6.44634315989
505 6.02365981459
506 6.42457298896
507 6.53122994284
508 6.47836966386
509 6.29725067295
510 6.2223051835
511 6.46398962838
512 6.71111567922
513 7.06299139421
514 7.0200300551
515 7.00802385309
516 6.87383318532
517 6.81404883428
518 6.80292603153
519 6.95230312083
520 7.02390060969
521 7.15323891484
522 6.81410567357
523 6.75569067838
524 7.18164987813
525 6.77851410666
526 6.77245064893
527 7.13928151873
528 6.95608414584
529 7.2314794023
530 6.91183074111
531 7.39134939517
532 7.13203087645
533 7.27297002689
534 7.21071942951
535 7.27058366498
536 7.84698798135
537 7.84097367465
538 7.321335173
539 7.7945572321
540 7.73679453347
541 7.72352162938
542 8.07037829509
543 8.14324475264
544 8.42271226713
545 8.01729527001
546 7.93836059564
547 7.66664629541
548 7.91711022303
549 8.43991470998
550 8.55325955138
551 8.71238426697
552 8.8553589219
553 8.61244291002
554 8.80776510922
555 8.79374948082
556 8.56700663425
557 8.97830135713
558 8.25180166029
559 8.40690205691
560 8.42288652991
561 8.69824861809
562 8.60136474867
563 8.2272042777
564 8.58095087113
565 8.62864327958
566 8.08628260849
567 8.21440079702
568 8.27266497325
569 7.84486682562
570 8.39907121391
571 7.97953708371
572 7.89549643708
573 7.84565504382
574 7.96816584627
575 7.85958872202
576 7.60764790478
577 8.28800408376
578 7.73221350485
579 7.45259699326
580 7.63805640109
581 7.60603807247
582 7.75642917703
583 7.55220543257
584 7.42068908791
585 7.51456818809
586 7.7333099424
587 7.51312270981
588 6.80340101682
589 7.30562082401
590 7.26557492801
591 7.01245396327
592 7.06936774527
593 7.26688504502
594 6.92271146304
595 7.20466254233
596 7.34296734765
597 7.67994793135
598 7.36563330279
599 7.75946853892
600 7.51028196918
601 7.72033645264
602 7.43156898918
603 7.64603225891
604 7.42747517994
605 7.42644357566
606 7.71190306361
607 7.59398899217
608 7.51322127226
609 8.16638079214
610 8.4451095739
611 8.5263462663
612 8.62103047366
613 8.38391837867
614 8.62639301828
615 8.2102166027
616 8.12968748769
617 8.24951221999
618 8.5998612281
619 8.48566417001
620 8.56250481134
621 8.63902543901
622 9.16590125134
623 9.0754108927
624 9.27087327283
625 8.73593853493
626 8.96721692725
627 9.29663486722
628 8.91828010838
629 8.46344249733
630 8.34739993805
631 8.57476934133
632 8.91255073896
633 8.93639791526
634 8.85184850323
635 8.83174199059
636 9.08913921938
637 8.70144240836
638 8.69454021122
639 8.27224713273
640 8.5689899564
641 8.82280744167
642 8.43445839692
643 8.72985465287
644 8.52979072335
645 8.62772343705
646 8.66677905544
647 8.68081707226
648 8.62321780364
649 8.52299673853
650 8.81985228751
651 9.10716516105
652 8.90009370306
653 8.8879462263
654 8.98152057595
655 8.66279194861
656 8.60819768801
657 8.85348330875
658 9.46708413346
659 9.26258045058
660 9.19984344955
661 9.28217155191
662 9.62505116252
663 9.29546857168
664 9.73938525671
665 10.1309523933
666 9.59599730811
667 10.1046103219
668 9.77714067225
669 9.77612102304
670 9.73810554354
671 9.88390456757
672 9.64554601444
673 9.70697279659
674 9.64197335211
675 9.3033383752
676 9.50854999193
677 9.21358150859
678 8.98750605807
679 8.94222676802
680 9.30215892316
681 8.80295703653
682 8.92076285245
683 9.27607849107
684 9.48914309266
685 9.6893623868
686 9.98974857286
687 9.79946654166
688 9.62741719444
689 9.74816456163
690 9.6383948295
691 9.72826482002
692 9.9590215218
693 9.46811134444
694 9.56613854322
695 9.8580342305
696 9.4881164995
697 9.56396708566
698 9.98432801054
699 9.78045234734
700 9.71866312804
701 9.61275087056
702 10.3593317699
703 9.94098792693
704 10.7601382355
705 10.4178712761
706 10.4418498076
707 10.386462289
708 10.5896073495
709 10.6664971396
710 10.6569461347
711 10.3820537945
712 10.860306908
713 11.030891321
714 10.9421948426
715 10.7976480568
716 10.6273006431
717 10.4900142065
718 10.3352648463
719 10.4559559316
720 10.6430724728
721 10.0651566803
722 10.6592870503
723 10.1074446309
724 10.111726082
725 9.97108905667
726 10.2093561545
727 10.0947983067
728 10.296438451
729 10.3046685529
730 10.4968204113
731 9.96214989744
732 9.8850950639
733 9.81945644589
734 10.3040810719
735 9.91529483754
736 10.609095126
737 10.2729992418
738 10.2377453937
739 10.3366149707
740 10.3753063586
741 10.3250973428
742 10.6192213748
743 11.3236495854
744 11.2522867305
745 11.0286338218
746 11.1980953879
747 11.1698348836
748 11.2111959232
749 11.1505243559
750 11.347126422
751 11.338178963
752 10.5782954016
753 10.7586575838
754 10.5660074728
755 10.4278490743
756 10.3739032085
757 10.9278890439
758 10.9746606342
759 10.966658406
760 10.8202337388
761 10.8805994018
762 11.2648708045
763 11.0509023564
764 11.1197620315
765 10.9349171814
766 11.1794683578
767 10.89157816
768 10.9626187439
769 11.1198318707
770 11.0009508145
771 10.6559569898
772 10.5672063012
773 10.9959478125
774 11.0948856074
775 10.6655690778
776 10.9635568454
777 11.1056807163
778 10.6665050701
779 10.9765541401
780 11.2134569004
781 11.161821162
782 11.46667255
783 11.5374906435
784 11.5780131169
785 11.2902312346
786 10.8426576586
787 11.2797214011
788 11.124966415
789 11.3088966466
790 10.8889665456
791 10.8687311305
792 10.8255649959
793 11.193292915
794 10.9254119702
795 11.242013102
796 11.3230452001
797 11.3624440856
798 11.2516423734
799 11.7786269662
800 11.6206183947
801 11.8875113691
802 12.0738061163
803 11.8810815604
804 12.15580272
805 12.0130373974
806 11.838334527
807 11.9627237405
808 12.1055966408
809 11.9687862963
810 11.7419109659
811 11.431529033
812 11.8822673938
813 11.6109901239
814 12.1110059067
815 12.0029468633
816 12.1608870575
817 12.1396512238
818 11.7124483522
819 11.8398207549
820 11.9559969859
821 11.9393227793
822 11.4409400268
823 11.2606912415
824 11.3395055409
825 11.1460601595
826 10.6451614663
827 11.2710765884
828 11.0057505737
829 10.9968091297
830 11.1553258395
831 11.2542289084
832 11.6305775847
833 11.6603544452
834 11.884729956
835 11.5191906879
836 11.6534891794
837 11.7161704679
838 11.3280013351
839 11.6646960078
840 11.6057590893
841 11.3554573994
842 11.846517774
843 11.914773242
844 11.5697589892
845 11.8941300696
846 11.9025086137
847 11.7856318211
848 11.2529475989
849 11.6016116589
850 11.7238927005
851 11.6003125785
852 11.816489373
853 11.5963964368
854 11.6572014461
855 11.7320660533
856 11.5436312639
857 11.8124550903
858 11.5479032549
859 11.5338963601
860 11.6094905943
861 11.6619770639
862 11.3770643319
863 11.3410774947
864 11.6400136361
865 11.9709821073
866 11.7400573232
867 11.760548187
868 11.5933517242
869 11.3209459311
870 11.3710279731
871 11.4262408434
872 11.9650061127
873 11.59721835
874 11.779521655
875 12.0386622414
876 11.7733495068
877 11.7907798833
878 11.791888096
879 11.8769586847
880 11.3557523342
881 11.5829885237
882 11.6244079896
883 11.8563435656
884 11.8936625972
885 11.7073841049
886 11.36075029
887 11.7591424621
888 11.8617790285
889 11.8031307053
890 11.6443965578
891 11.684440617
892 11.8154739079
893 11.8405952351
894 11.9666823634
895 11.9828425744
896 12.4009816163
897 12.6024243642
898 12.6497899241
899 12.3707336936
900 12.775733778
901 12.8262016851
902 12.2845699681
903 12.1148368549
904 11.9264968379
905 12.3058077198
906 12.7368342499
907 13.0067700376
908 12.7741707515
909 12.9803971307
910 13.0678487013
911 12.8376776625
912 12.5252380114
913 12.6355009534
914 12.5109258882
915 12.7981815397
916 12.6846628641
917 13.3994059618
918 12.9331145215
919 13.4514701511
920 13.117367279
921 12.8587142051
922 12.9793643587
923 13.1749741342
924 12.7450024302
925 12.8507417797
926 12.6487394672
927 12.8278079457
928 12.4322955419
929 12.534688157
930 12.6519709218
931 12.620990005
932 12.4346624608
933 12.409395411
934 12.2418265627
935 11.843819249
936 12.0182381441
937 12.2222519502
938 12.3451986402
939 12.5605052805
940 11.7787579027
941 12.1660274716
942 12.3617202284
943 12.0937777386
944 12.1961413088
945 12.6446023212
946 13.1326345411
947 13.392824288
948 13.367221271
949 13.3713886994
950 13.2596281599
951 13.2134496979
952 14.2518580365
953 14.4016744011
954 14.1567931786
955 14.3560135769
956 13.8968641297
957 13.8825997651
958 13.8823168899
959 14.1520793256
960 13.8833723539
961 13.86530558
962 14.3867618877
963 14.2943049461
964 13.9975034315
965 13.8860044198
966 14.1650962079
967 13.7610290494
968 13.3880564614
969 13.7453699776
970 13.3656520055
971 13.6136694803
972 13.3111435198
973 13.7384335753
974 13.7193630277
975 13.3167700655
976 12.6276024432
977 12.6215100745
978 12.8827336716
979 12.7582697364
980 13.1849055036
981 12.5731760576
982 12.7371901358
983 12.5486383469
984 12.8378899732
985 12.1473019937
986 12.0090312674
987 11.9886402369
988 12.1128955052
989 12.5377091806
990 12.8925829194
991 12.6641908701
992 12.5469122613
993 12.4352997943
994 12.1226121456
995 12.3444333769
996 12.5001009705
997 12.3548701917
998 12.5085854604
999 12.4858103442
