0 0.0
1 0.0181622317603
2 -0.0515520736608
3 -0.120417698374
4 -0.0684325085621
5 -0.0018577866959
6 0.198917147926
7 -0.0834935637451
8 -0.0030665558392
9 0.0976153293599
10 -0.0803996536663
11 -0.0127381723672
12 0.237375713045
13 -0.0600422519526
14 0.212460622653
15 0.110642329814
16 0.0357851623663
17 0.320090304051
18 0.247233683598
19 0.0743161370141
20 0.30776790308
21 0.261583751825
22 0.622473519983
23 0.262542530398
24 0.467728203659
25 0.412667212036
26 0.334610870525
27 0.192405222718
28 0.0573847649039
29 0.416718046082
30 0.388025409157
31 0.348301470416
32 0.457463787269
33 0.640752031944
34 0.449311497643
35 0.539755117068
36 0.733306198503
37 0.659019605025
38 0.688264435782
39 0.953794013741
40 0.906293586408
41 0.757641743706
42 0.595337793639
43 0.896818772064
44 0.897372164548
45 1.05543756519
46 0.922044165766
47 0.987424539058
48 0.929118445351
49 1.22131384446
50 0.994789988037
51 0.905169061155
52 0.789153643085
53 0.998979838108
54 0.7812964475
55 0.592840615031
56 0.961330038767
57 1.12454880955
58 0.822616695471
59 1.0456915456
60 0.926637700824
61 0.986879631026
62 0.951219893765
63 0.945318609545
64 1.0861812592
65 1.22354295131
66 1.14388225142
67 0.900074134314
68 1.02530885693
69 0.983556106606
70 0.452028050138
71 0.845127966989
72 0.871872569655
73 1.04923628458
74 0.975604064938
75 0.670575634799
76 0.675113374744
77 0.40085966294
78 0.82390125588
79 0.637727067652
80 0.630675964341
81 0.608510671268
82 0.809747909976
83 0.625568828213
84 0.763367544245
85 0.567183380901
86 0.970093796933
87 0.750336358133
88 0.702116767977
89 0.711625540369
90 0.885016382559
91 0.764449858475
92 0.790005897517
93 0.779838809026
94 0.969069325501
95 0.745374076735
96 0.803349808384
97 0.924417830257
98 0.990709222427
99 0.888633728042
100 1.09967991725
101 0.81031557372
102 1.11097886276
103 0.952671665225
104 0.892844373798
105 0.791631226371
106 1.0101647516
107 0.85542829174
108 0.756200488773
109 0.564156242338
110 0.733233717111
111 0.739315433755
112 0.594702307317
113 0.725701379698
114 0.891789800126
115 0.895358037427
116 0.829198063236
117 0.767092476581
118 0.897906450037
119 0.720694503846
120 0.997862278088
121 1.11618390819
122 0.76373260876
123 0.957539840323
124 0.882283587006
125 0.798405699698
126 0.741732252841
127 0.836943435117
128 1.0130342845
129 1.008513188
130 1.26844783504
131 1.18831055873
132 0.914991199679
133 0.935373917705
134 0.849436214602
135 1.04277956744
136 0.912209191004
137 1.03730085977
138 0.89554584335
139 0.720642076456
140 0.695486590059
141 0.594790614474
142 0.7317751417
143 0.840425378662
144 0.91771231808
145 0.927407353484
146 1.04396018113
147 1.001534226
148 1.07126373242
149 1.00019928718
150 0.832704656474
151 1.0264403517
152 0.954442915703
153 0.863208290896
154 0.866210059379
155 1.02899550489
156 0.820005816971
157 0.823958917636
158 0.532430004723
159 0.844740365302
160 0.909298486376
161 0.879333126201
162 0.984843167055
163 0.808822259967
164 0.904427555477
165 0.696326484313
166 0.865676441807
167 1.04325615712
168 0.858542279307
169 0.831614661695
170 1.17198473375
171 0.98746948643
172 1.00106661916
173 0.707524817597
174 0.865440509627
175 0.903334403098
176 0.991683874494
177 0.767237505159
178 0.886672107323
179 1.31641584536
180 0.871529300454
181 1.06405480536
182 0.974001143168
183 0.949642714937
184 0.906662826294
185 1.04819157027
186 0.7760003686
187 0.940613099761
188 0.872865030754
189 1.10515699055
190 0.950663636156
191 1.13044525369
192 1.17317943709
193 1.03714126179
194 0.956832766894
195 1.20527898508
196 1.13906850926
197 1.08939894422
198 1.1451409386
199 1.07756053887
200 0.795817189959
201 0.737134622568
202 0.890101143414
203 1.07950448231
204 1.1038424507
205 1.18130712021
206 1.06006077975
207 1.12017733991
208 0.985597780179
209 0.948025813948
210 1.36899271498
211 1.39178354245
212 0.896363393746
213 0.830759046051
214 1.09295094794
215 0.984416204399
216 1.24897820273
217 1.24949811347
218 1.09231174477
219 1.15132342857
220 1.30330069363
221 1.23826892623
222 1.05792983395
223 0.993635725933
224 0.931500149019
225 0.843303926524
226 0.825439166353
227 0.902129441826
228 0.947862268566
229 0.971166793423
230 0.822021232717
231 1.05424804745
232 1.14120945313
233 1.3602681729
234 1.07532768462
235 1.07540661562
236 1.07272659359
237 1.03685419669
238 1.16920080062
239 0.944897939225
240 0.917597401781
241 1.15016685403
242 1.23579095986
243 1.03269108374
244 1.08652695837
245 1.2302993146
246 1.05237332581
247 0.886894724383
248 0.933090697659
249 1.09721311255
250 0.68518504298
251 0.837827698882
252 1.06080850745
253 0.90437360911
254 1.07915429538
255 1.21893944129
256 0.99414603044
257 1.09930574751
258 1.34316589631
259 1.52584723288
260 1.08605176837
261 1.15001917783
262 1.60672044856
263 1.44734917304
264 1.16607292471
265 1.02029278786
266 1.34564259401
267 1.29212667178
268 1.73518945897
269 1.22353269535
270 1.23368257403
271 1.04079991429
272 1.1662692626
273 1.32170752793
274 1.30320581431
275 1.28388989003
276 1.24597269783
277 1.28096885852
278 1.12496926167
279 1.68257194041
280 1.08629872256
281 1.55881048516
282 1.85551410643
283 1.63988406778
284 1.67387444936
285 2.09683579764
286 1.92017010885
287 1.90527276009
288 1.72528763899
289 1.87645463887
290 2.18723141869
291 2.10059073683
292 2.0197256641
293 2.01130073594
294 1.9640782836
295 2.19672430767
296 2.29466039189
297 2.24777282382
298 1.97828836091
299 2.03576289305
300 2.1851568901
301 2.01820352933
302 2.44623531239
303 2.64882934089
304 2.4976371944
305 2.08821047701
306 1.92634956381
307 2.26620548871
308 2.44563979986
309 2.33037301738
310 2.21362634118
311 2.17266310281
312 2.25558273461
313 2.22914800108
314 2.54480919277
315 2.32428200743
316 2.21464694505
317 2.08392649856
318 2.27313887171
319 1.64079135337
320 1.88536479032
321 2.13402353779
322 2.12670821661
323 2.0750104207
324 1.8231028023
325 2.18047560116
326 1.96898659119
327 2.30511529838
328 2.26881864363
329 1.88211041181
330 2.01020609648
331 2.18795939123
332 2.05077325082
333 2.07024138768
334 2.65766208087
335 2.41001186912
336 2.40991547074
337 2.81329105539
338 2.55786662442
339 2.40009018247
340 2.36923079712
341 2.48002527891
342 2.59259898079
343 2.88426695282
344 2.3629886344
345 2.81319996162
346 2.51470492
347 2.2338822856
348 2.3843775037
349 2.57254633393
350 2.46440031546
351 2.72595648369
352 2.6083708307
353 2.37921234223
354 2.076903265
355 2.24830624567
356 2.35828954969
357 2.35167160534
358 2.30894740897
359 2.66019612118
360 2.65199596078
361 2.21555138286
362 2.0453766906
363 1.71021046897
364 1.83219482701
365 1.89380232722
366 1.87674988242
367 1.900579166
368 2.0987016118
369 2.51141144161
370 2.49773942508
371 2.85925907613
372 2.48804497289
373 3.12171176313
374 2.84089409744
375 3.08501119278
376 3.1483908545
377 3.12128674716
378 3.48927749922
379 3.53407253543
380 3.12929409136
381 3.09705825384
382 3.25114180664
383 3.3997830539
384 3.19401876366
385 3.22862395488
386 3.33909554699
387 3.39403185533
388 3.38605304564
389 3.69170507441
390 3.53352439522
391 3.67455233424
392 3.25001142905
393 3.75987671929
394 3.87465564896
395 4.20091745571
396 3.98907495465
397 4.04982544944
398 3.71748129646
399 3.78655714752
400 3.63788139304
401 3.22044181267
402 3.10334043998
403 3.57709763297
404 3.81208432716
405 3.75220759035
406 4.2639204272
407 4.41677919352
408 4.49852408858
409 4.35406312673
410 4.16644813703
411 4.70095151867
412 4.10667192756
413 3.72761141792
414 3.84252297435
415 3.68416668692
416 3.38359771651
417 3.5400617926
418 3.58338248185
419 3.56415580864
420 3.56231186485
421 3.7201730625
422 3.5789397113
423 4.33441392159
424 4.20613509936
425 4.0688058854
426 4.16860131423
427 4.33504229011
428 3.53949643086
429 3.99932248114
430 4.02647208924
431 3.64167938548
432 4.20723982826
433 4.0486189803
434 3.44649313089
435 3.54246536801
436 3.68585872817
437 3.33354023431
438 3.11855964507
439 2.90771808305
440 3.56721044585
441 3.34051913279
442 3.77654287929
443 3.2638671132
444 2.61861236999
445 2.62219728341
446 2.91242943147
447 2.9484731939
448 2.56201342514
449 2.61901821372
450 2.5029905696
451 2.68988497959
452 2.54177126468
453 2.93813125578
454 2.66327986763
455 3.16461530517
456 3.07414973778
457 3.30695319022
458 3.07120483789
459 2.70089186347
460 3.08899778495
461 2.94303568156
462 3.38954503134
463 3.18578878065
464 3.42152898305
465 3.35214542468
466 3.4475594677
467 3.59658490866
468 4.05512617913
469 4.03617424889
470 3.86660065172
471 4.38400371678
472 3.63137948085
473 3.82450330494
474 3.31918827257
475 3.0500426168
476 3.30740208776
477 2.70715945362
478 2.9577810498
479 3.04588610473
480 2.97966040362
481 2.73303935073
482 2.7124296943
483 2.50039006225
484 2.69671212365
485 2.24400901571
486 2.31780291831
487 2.19921376763
488 2.12539689016
489 2.33942734635
490 2.46442638283
491 2.51710200599
492 2.4845773427
493 2.08981588164
494 2.40953137066
495 2.84646100732
496 2.81963357464
497 2.43794659234
498 2.47437613504
499 2.52736636859
500 2.19553879896
501 2.46148177729
502 2.59869115896
503 2.52997763701
504 2.21867539889
505 2.43082385343
506 2.17700151075
507 2.19960326731
508 2.5503586853
509 2.13239207665
510 1.98964050844
511 2.1397713793
512 1.62636039669
513 1.41777670379
514 1.51958163787
515 2.22859709545
516 1.57911352805
517 1.81320973257
518 1.62154824372
519 1.68824014016
520 1.52229501328
521 1.26269553654
522 1.6175557333
523 1.43388937492
524 1.31517655033
525 1.27811164119
526 1.58185909428
527 1.24672139896
528 1.62621276532
529 1.73684047761
530 1.83426766314
531 2.12810710515
532 1.65938424216
533 1.98871720925
534 2.13465260551
535 1.83890484322
536 2.49359517792
537 2.25559807429
538 1.58901383723
539 1.6763980382
540 1.79204000921
541 2.54258586828
542 2.15257460008
543 2.46035597843
544 2.53418872756
545 2.544387286
546 2.70592428392
547 2.85290171819
548 2.29894823649
549 2.65769976623
550 2.89392634262
551 2.97027995131
552 3.33134681678
553 3.15493063747
554 3.37860189687
555 3.41867989897
556 2.89515449687
557 3.4150738922
558 2.8619711775
559 2.65287518043
560 3.153637117
561 3.39454186426
562 2.67550035283
563 3.62156194131
564 3.50557385743
565 3.82127487143
566 3.92211663921
567 3.61940633286
568 3.46584402842
569 3.59054231852
570 3.34864419734
571 3.22610453416
572 3.3122985622
573 3.26762130387
574 3.1867385353
575 3.72198494093
576 3.38866688363
577 3.0723853015
578 3.10828739422
579 3.16060030728
580 3.36848908451
581 3.07117429381
582 3.49872278029
583 3.2168090108
584 3.36585618767
585 3.44869918184
586 3.50998868024
587 3.26743605664
588 3.66093967542
589 3.68406682216
590 3.94475749105
591 3.99862109162
592 4.03804158813
593 3.78574028491
594 3.89541537427
595 3.81729313586
596 3.98219393886
597 3.96715746881
598 4.10437740236
599 3.82303890507
600 3.92466437441
601 3.86990955905
602 3.64952032445
603 3.69662349802
604 3.69696468109
605 3.8201888342
606 3.59598794502
607 3.70246523043
608 3.7223372221
609 3.87451193936
610 3.55372672705
611 3.92933885149
612 3.62594289661
613 3.70526322454
614 3.63291615756
615 3.33467422766
616 3.57530368095
617 3.70023629255
618 3.59605873806
619 3.49180546407
620 3.35643344088
621 3.49668122074
622 3.17287912255
623 3.3407207141
624 3.59763137525
625 3.60857026642
626 3.50651369659
627 3.60810160505
628 3.40936129428
629 3.96877852589
630 3.57194953196
631 3.83603397872
632 3.54686685027
633 3.78769333627
634 3.77541898453
635 3.59127979714
636 3.83162425021
637 4.03636538994
638 4.02189113403
639 3.80622973709
640 3.82881726697
641 3.67650609324
642 3.73313441857
643 4.03116620343
644 3.36204052763
645 3.3589639679
646 3.34054412092
647 2.83863548934
648 3.73387531708
649 3.6197347584
650 3.86392523534
651 3.65906753153
652 3.45416657229
653 3.76362618087
654 3.95215424748
655 3.76588911661
656 3.59358357917
657 3.85472616398
658 3.65562121571
659 3.51994581058
660 3.55953783249
661 3.67633708417
662 3.56697847445
663 3.92327015452
664 3.7272969566
665 3.49596271238
666 3.06822569239
667 3.68782824866
668 3.94841175123
669 4.07640217539
670 3.93167502849
671 3.69777084104
672 3.65104985048
673 3.44201380914
674 3.77810075323
675 3.84122889903
676 4.13047159079
677 3.71342949557
678 3.88435822904
679 4.32507882604
680 3.88926369724
681 4.15432693183
682 3.45174403764
683 4.27760335626
684 4.71421184284
685 4.00286959365
686 3.92290528874
687 3.98082283184
688 4.27181186455
689 3.83337327121
690 4.02106757837
691 3.45594108226
692 3.6218252885
693 3.58387319091
694 3.76035402278
695 4.02857198088
696 4.0378516735
697 4.01373406299
698 3.48203773822
699 3.73178629179
700 3.39398007637
701 3.46628834148
702 3.18350820387
703 3.08050700239
704 3.5542122297
705 3.51960044787
706 3.39104339562
707 3.63450927614
708 3.42565501305
709 3.91861030453
710 4.16166873112
711 3.90958022259
712 3.75076298829
713 3.70824735743
714 3.64034255133
715 3.4495972212
716 3.24485241469
717 3.35612103836
718 3.04656711533
719 3.09075115901
720 3.46135082006
721 3.27668473386
722 3.50177371813
723 3.64362603192
724 3.53336224713
725 3.03459293005
726 3.29401580732
727 3.23839408235
728 3.74698604615
729 3.42470735609
730 3.68112445868
731 3.36442586805
732 3.29993941702
733 3.35774758037
734 3.18251784317
735 3.40468405903
736 3.94553074823
737 3.65228815607
738 3.64347446405
739 3.43494157686
740 3.3561511565
741 3.58323443155
742 3.25493351273
743 3.94099084911
744 3.42454282119
745 3.51079412991
746 3.61482005906
747 3.14053500742
748 3.02163675602
749 3.62491249343
750 3.31677785077
751 3.32716702389
752 3.29586252959
753 3.31421737439
754 3.75512071234
755 4.21563683778
756 3.59107385737
757 3.45353159392
758 3.24311310118
759 3.20763310861
760 3.23613439443
761 3.06909176633
762 3.14994909046
763 3.27087057144
764 3.27228191548
765 3.60028308184
766 3.52049375138
767 3.71102441733
768 3.5896508015
769 3.702816415
770 3.88138009534
771 3.69060183862
772 3.86709628067
773 3.509599003
774 3.43507803995
775 3.70704382773
776 4.33411146239
777 4.13279870767
778 3.89094916898
779 4.05368098979
780 4.1509335747
781 4.36537310909
782 3.90062973978
783 3.89650785672
784 4.0754760167
785 4.08941111435
786 4.00298911945
787 4.3626204712
788 4.23829438792
789 3.99973059888
790 4.25707971304
791 4.01864148703
792 4.18934315094
793 4.42598197968
794 4.17509162541
795 4.05110690614
796 4.33996069378
797 4.81720034909
798 4.60585989298
799 4.64769948367
800 4.20526650051
801 4.23136902856
802 4.29906962802
803 4.71443760356
804 4.7230355234
805 5.07568323256
806 4.92012178441
807 4.7700710496
808 4.63045590683
809 4.48439739701
810 4.45726007036
811 4.94944701321
812 5.06391700906
813 4.72018522025
814 4.62605724584
815 4.86500026059
816 5.11602698379
817 4.46735146173
818 5.06057484038
819 4.54699809188
820 4.95349700816
821 4.79015867862
822 4.55547607393
823 5.06071233784
824 5.2818277614
825 5.55738840222
826 5.79560596958
827 5.27863259114
828 5.16227996447
829 4.95588283605
830 4.7145499894
831 4.91469703124
832 5.12272320538
833 4.67150142211
834 5.44298231142
835 5.39500742074
836 5.31765309668
837 5.67591571187
838 5.50467843158
839 5.11128569401
840 5.24826591626
841 4.99042029541
842 5.57659462349
843 5.4443629665
844 5.11965496501
845 5.4610363716
846 5.35531749368
847 4.56988761914
848 4.71218761514
849 4.84554219913
850 5.40181562105
851 5.25737678136
852 5.3960325915
853 5.42603512232
854 5.25136529916
855 5.37352200498
856 5.37940399641
857 5.49448730518
858 5.08550908133
859 4.89897654522
860 5.03966217359
861 4.74081296931
862 5.24056753265
863 5.12325196711
864 5.70233424969
865 5.26330140279
866 5.40734309902
867 5.70955098156
868 5.75940253409
869 6.09051605159
870 5.40153500668
871 5.38410704741
872 5.31216262327
873 5.70150830719
874 5.80092416512
875 5.75886864156
876 6.00964527881
877 5.1443820595
878 5.06587296891
879 5.274965556
880 5.02091265021
881 4.66334769894
882 5.21257950943
883 5.03574952044
884 5.01312310766
885 4.84718080679
886 5.43170267225
887 4.45671877492
888 3.89658475185
889 4.44102230619
890 3.77053568755
891 4.00384294755
892 4.49855354005
893 3.91413923167
894 4.16625784296
895 4.20133164952
896 4.34856532593
897 3.86849631085
898 4.19891417375
899 4.16546892765
900 4.33932177951
901 4.26839358081
902 4.36311618939
903 4.10845321538
904 4.69878106401
905 4.74264393291
906 4.63895779172
907 4.73755083745
908 5.04641595702
909 4.48247212767
910 4.27816357011
911 3.46806318259
912 3.5208063318
913 3.51226527388
914 3.69823311787
915 3.70120544868
916 4.07278294045
917 4.4662994194
918 4.50777818967
919 4.49702871108
920 4.48974345091
921 4.36710425222
922 4.14907299303
923 4.3742390757
924 4.31388831971
925 3.87316216418
926 3.99954905781
927 4.23436578208
928 4.31256608312
929 3.98251778267
930 4.37157277638
931 4.6594033279
932 4.62325105968
933 4.3323635815
934 4.33666279217
935 3.99739724505
936 4.12957598678
937 4.12549528827
938 4.38571779495
939 4.54096299873
940 4.98566731873
941 4.79285976245
942 4.72549678795
943 4.5580743885
944 4.73560309135
945 4.27724121657
946 4.42034011225
947 4.95039668826
948 4.86303246945
949 4.86044467177
950 5.02902857846
951 5.06788689334
952 4.34810464941
953 4.89212476143
954 4.64981084966
955 4.99979934395
956 5.12910999943
957 4.94206616392
958 4.69842014163
959 4.3667405663
960 3.99848290646
961 4.59636072113
962 4.53862882287
963 4.47780959711
964 4.49482034375
965 4.80555321018
966 4.66343882715
967 4.46670299999
968 4.41802915093
969 4.49028369578
970 4.57196656275
971 4.26090087267
972 4.20494664711
973 4.51646517988
974 4.28308432239
975 4.13941906664
976 4.57810678691
977 4.5032172607
978 4.54735592693
979 4.55868554734
980 4.29237462567
981 4.64295299748
982 4.44242619843
983 4.36146645077
984 4.40049701606
985 4.44674932224
986 4.71020755229
987 4.49583633296
988 4.41209227015
989 5.1674949568
990 4.56781082532
991 4.70059588627
992 4.70705097402
993 4.84764408283
994 4.96889336911
995 5.41536343575
996 4.78128867612
997 4.73025526483
998 4.82946098512
999 5.12562079381
