0 0.0
1 -0.124844857418
2 -0.00804756769065
3 0.116574031183
4 0.231031358584
5 -0.240532999383
6 0.134502456228
7 0.428162204934
8 0.155179082688
9 0.24494763419
10 0.275443731705
11 0.326518490667
12 0.500704829668
13 0.598713193453
14 0.387396438551
15 0.49068766646
16 0.861350146917
17 0.607857731138
18 0.67366928172
19 0.462915632943
20 0.825710255803
21 0.856555632632
22 0.664380503032
23 0.788585458121
24 0.65461561889
25 0.727613948477
26 0.523181663066
27 0.524292935979
28 0.447209957697
29 0.482473475688
30 0.430282728607
31 0.272391678216
32 0.497678187573
33 0.640654926763
34 0.611953129812
35 0.348280262805
36 0.631458978041
37 0.432337084791
38 0.641601464589
39 0.482309832391
40 0.781021429024
41 0.581078951034
42 0.409723224201
43 0.410251055366
44 0.558474678273
45 0.764406714347
46 0.633640620958
47 0.431090285317
48 0.202762911041
49 0.528830404181
50 0.828195986121
51 0.656656226238
52 0.549560474298
53 0.688738645866
54 0.760722878002
55 0.587844514169
56 0.410802805291
57 0.396546826219
58 0.613264604757
59 0.396847663755
60 0.397657819014
61 0.769620368361
62 0.480650091758
63 0.541309153327
64 0.453503482551
65 0.413574670813
66 0.535774255915
67 0.227105365516
68 0.510379389085
69 0.302768709132
70 0.61726405958
71 0.574511112978
72 0.825026932965
73 0.6544172378
74 0.55268705728
75 0.303960893406
76 0.501794670284
77 0.655705281517
78 0.471811952828
79 0.474891045149
80 0.345381231508
81 0.293901712056
82 0.355561382959
83 0.584651112131
84 0.316962148418
85 0.567798042511
86 0.489062459175
87 0.458512869521
88 0.5347353776
89 0.737521589151
90 0.493723180927
91 0.45418178287
92 0.56617547086
93 0.487794585022
94 0.618665364011
95 0.322417543406
96 0.413981319558
97 0.455951690551
98 0.477371039422
99 0.520150462336
100 0.639594211335
101 0.639977505245
102 0.347557404077
103 0.388448388346
104 0.462867231843
105 0.152975841331
106 0.107147551549
107 0.519128250938
108 0.311920570277
109 0.453596735457
110 0.531373064571
111 0.454866204959
112 0.576148942502
113 0.732248051979
114 0.521977246884
115 0.54240388056
116 0.269584578102
117 0.122954729214
118 0.362354206631
119 0.606695545974
120 0.356892757638
121 0.59956672638
122 0.51198773977
123 0.550500630755
124 0.471010550918
125 0.639636154127
126 0.361851159495
127 0.545401545809
128 0.172122390478
129 0.707268506827
130 0.46010822904
131 0.493946958472
132 0.612641843662
133 0.885852993525
134 0.691278723242
135 0.862575800641
136 0.829355877908
137 0.597316936008
138 0.836621944378
139 0.662114020871
140 0.709548555798
141 0.808640904723
142 0.934724503521
143 0.994969895236
144 1.3946361399
145 1.15420386862
146 1.06116620274
147 1.27380879266
148 1.56878185021
149 1.42065569059
150 1.41393763093
151 1.40278608935
152 1.23372577492
153 1.41039696782
154 1.41867940197
155 1.30108594361
156 1.25614767065
157 1.38926328626
158 1.34516959585
159 1.23358707741
160 1.07280676513
161 1.56330048687
162 1.64738371331
163 1.52653146847
164 1.78400499273
165 1.62958143564
166 1.90082659097
167 1.72596714368
168 1.39801682511
169 1.54551964665
170 1.93147180519
171 1.64006743268
172 1.6632097123
173 1.68519422509
174 1.49235920135
175 1.81857150776
176 1.44069845873
177 1.99149531229
178 2.23777604459
179 1.95281313354
180 2.33413118987
181 2.14428910687
182 2.01951013013
183 1.97754899622
184 1.99073010562
185 2.00643175441
186 2.39443789361
187 2.2699907944
188 1.98590386095
189 2.05878369554
190 1.82660114609
191 2.14315999478
192 2.13780946537
193 2.33487532802
194 2.00197910429
195 1.91506491146
196 1.57813573849
197 1.82359146827
198 1.37593202715
199 1.74601987571
200 1.71258505577
201 1.62985511169
202 1.89709349606
203 1.38322344674
204 1.71835879519
205 1.60587374365
206 1.66530999112
207 1.76352200058
208 1.77483318267
209 1.92149540415
210 1.76573872703
211 1.89250074143
212 2.06512443303
213 2.20310919075
214 2.33167541558
215 2.45585429164
216 2.07207716432
217 2.31208279722
218 2.22435074697
219 2.05486862801
220 1.90566058076
221 2.04016316067
222 2.18093262381
223 2.11688406299
224 2.15903035527
225 2.19236863032
226 2.24669307349
227 2.18917491522
228 2.40847609278
229 2.30699489639
230 1.86946534478
231 2.23816235044
232 2.34240992374
233 2.30299985561
234 2.18592466597
235 2.06056846439
236 2.32869357653
237 2.35503101557
238 2.03831805617
239 2.0559301153
240 2.39362913661
241 2.14705414767
242 2.73246552518
243 2.13311809884
244 2.41500511971
245 2.58771414392
246 2.36233699106
247 2.40781126838
248 2.51235053725
249 2.08094118488
250 2.35881751906
251 2.28360176769
252 2.47819435889
253 2.52489186048
254 2.36933825252
255 2.11197922575
256 1.9079348199
257 2.40968002008
258 2.33367844607
259 2.48878269316
260 2.28344715532
261 2.08759084407
262 2.22797668399
263 2.21623685715
264 2.50647346904
265 2.43749074051
266 2.19319442621
267 2.47185015752
268 2.27657772597
269 2.43125714642
270 2.49941145009
271 2.50006536241
272 2.81964081933
273 2.62869035053
274 2.74855724477
275 2.6656418126
276 2.62644176742
277 2.86666178789
278 2.75745411934
279 2.87916637676
280 2.52629658917
281 2.56518077434
282 2.6733497584
283 2.59719226367
284 2.69243985698
285 2.55268626457
286 2.3122831635
287 2.81340419654
288 2.30400319048
289 3.02781875864
290 2.48249294644
291 2.82585262691
292 2.94931979795
293 2.99694315687
294 3.1772835425
295 2.90071950631
296 3.08004840705
297 3.05022466625
298 2.82454344232
299 2.81696153657
300 2.9927994776
301 2.89320049759
302 3.11482636228
303 3.31201917932
304 3.1683280948
305 3.13579172454
306 2.80504884962
307 3.0310199819
308 3.08875610718
309 3.0463486652
310 2.73648517647
311 2.81609153121
312 3.24267262261
313 2.79282249829
314 2.50668190929
315 2.60931683929
316 3.11242158089
317 2.8210154587
318 2.79936750421
319 2.62628215594
320 2.68204883814
321 2.71310776257
322 2.64527185277
323 2.67104233731
324 3.19072063496
325 3.01369656378
326 2.89392960192
327 2.54119678326
328 2.41698649124
329 2.39608851828
330 2.35985004035
331 3.06827556116
332 3.31943524296
333 2.7842294713
334 2.87184814388
335 2.51759119262
336 2.79354024226
337 2.51974427498
338 2.69494271152
339 2.8728062788
340 3.0468397364
341 3.04328518049
342 2.78325407098
343 2.96073088751
344 2.89094342896
345 2.65897924498
346 2.80649818258
347 3.04514886209
348 2.52522232126
349 2.78307587033
350 2.57685753708
351 2.39119714344
352 3.14436696514
353 3.15800747086
354 2.90047283729
355 2.96760783406
356 3.24575070039
357 3.53541410209
358 3.26164804504
359 3.25532149434
360 3.31145196003
361 2.82751710962
362 2.99102885108
363 2.50814011
364 2.84895169805
365 3.16543038287
366 3.05847431689
367 2.86871637745
368 2.94731936146
369 3.15370712781
370 2.77051822544
371 3.00799660222
372 2.96168201632
373 2.70628095676
374 2.81017405667
375 3.47749936054
376 3.11124179248
377 2.53903790128
378 2.76394917962
379 3.17698429334
380 2.91377069552
381 3.47947232199
382 3.21557951512
383 3.29718279035
384 3.35142382662
385 3.29892752722
386 3.17745653639
387 3.03348356638
388 2.80455958703
389 2.84959861339
390 2.82136220499
391 2.74675787341
392 3.04522352718
393 3.14591117581
394 3.01810366441
395 2.65830410508
396 2.77726456056
397 3.22268419741
398 3.50425351901
399 3.49003431096
400 3.31148999869
401 2.97790703142
402 3.39593178063
403 3.29999477326
404 3.28882376451
405 3.13226867779
406 3.50326327158
407 3.31369305321
408 3.91113146225
409 3.64570874051
410 3.48006873847
411 3.59436775288
412 3.26491468001
413 3.57726694687
414 3.70610224881
415 3.79384646388
416 3.29227408646
417 3.5573930358
418 3.65210008949
419 4.19327720363
420 4.02275695594
421 3.47980942679
422 3.7619628309
423 4.21894064142
424 4.07108240447
425 3.45117944273
426 3.70096616682
427 3.64799641862
428 3.64213007953
429 4.04843843498
430 4.0758358893
431 4.30635208462
432 3.95400426799
433 4.39530312738
434 4.55568312097
435 4.06881652026
436 4.31393659302
437 3.88564606224
438 3.18162840251
439 3.43787167297
440 3.69412908624
441 3.83574093166
442 3.18332061245
443 3.87246023124
444 3.32167135722
445 3.10779565234
446 3.43818706335
447 3.27051725853
448 3.3721210773
449 3.1182565121
450 3.29651144288
451 3.52590446007
452 3.54826323668
453 3.08940962447
454 3.4295978629
455 3.38817935452
456 3.52129152153
457 3.42547775103
458 3.54700270035
459 3.58835701541
460 3.39167120595
461 3.8195434234
462 3.30161254842
463 2.7446419201
464 3.05993473304
465 3.02652521995
466 2.8757189959
467 2.87176095597
468 2.99184366914
469 2.4278819084
470 2.86523294472
471 2.60984220991
472 3.48243623847
473 3.71116212249
474 3.73460181562
475 3.4338246972
476 3.43698227804
477 3.32469284346
478 3.77015861935
479 4.21750145793
480 4.25738562615
481 4.48244823934
482 4.0088760857
483 4.4210486545
484 3.87692775052
485 4.46156068663
486 4.26831330902
487 4.30261236609
488 4.08094156306
489 4.08107743965
490 4.26890519464
491 4.22870517206
492 4.39982330428
493 4.09500336644
494 4.15232808788
495 4.58557934486
496 4.8744398142
497 4.82646172378
498 5.27779724744
499 5.25730304895
500 5.26529618687
501 5.35012659035
502 5.75922299802
503 5.32879012094
504 5.3129862129
505 5.17799750968
506 5.43936651635
507 5.089964667
508 4.67399476712
509 4.95454984203
510 4.87166155914
511 5.40179349266
512 5.25788546287
513 5.46378686681
514 5.13181311348
515 5.0203890076
516 5.13077731802
517 4.55095714923
518 5.06952943912
519 4.94792370836
520 4.40163456441
521 4.83759752006
522 5.30146225646
523 5.42023676852
524 5.53721354577
525 5.33579057087
526 5.91593822753
527 5.86025054262
528 5.80163826283
529 5.21842711406
530 5.92095836673
531 5.92261010579
532 5.90300202091
533 6.10514884936
534 5.7961771928
535 6.10840767231
536 6.29586918013
537 6.31320959251
538 5.91553561064
539 6.39109938663
540 5.93367810719
541 5.97965916485
542 6.00072002553
543 6.88315638039
544 6.47521437714
545 6.49906725131
546 6.00517358797
547 5.4531786484
548 5.24213405564
549 5.53710738185
550 6.32574270979
551 6.30279044851
552 5.70598486533
553 5.12495154323
554 5.00989485784
555 4.60731420925
556 4.74374561335
557 4.98153306031
558 4.07689786933
559 4.36151613389
560 4.05666101063
561 3.86065586709
562 3.57421132581
563 3.93040375204
564 4.52394338442
565 4.29393243587
566 3.99359220171
567 4.19417586776
568 3.87172620527
569 4.1016166631
570 4.00838401189
571 3.68898522076
572 3.64234100596
573 4.41423446255
574 3.97058253239
575 4.17171214661
576 3.79018624897
577 3.87545319758
578 3.62727172818
579 3.60206992426
580 3.77033671637
581 4.09434969132
582 3.90437542743
583 3.61293146169
584 4.03790158274
585 4.17397583876
586 4.0973490383
587 4.39445370757
588 4.18641722529
589 4.32322245222
590 4.88343602125
591 5.25816104081
592 5.40903740756
593 5.78015855318
594 6.33337165071
595 6.02754955546
596 5.39455543743
597 5.63038451137
598 5.42445192242
599 5.75054358236
600 5.60822280023
601 5.43123193769
602 5.77588166942
603 6.01325108211
604 5.26231313915
605 5.16332161625
606 4.82665936092
607 4.69262785916
608 4.91293502152
609 4.67550363633
610 4.75300494519
611 4.97441565744
612 4.5422119531
613 4.79533437194
614 4.83681426876
615 4.35386373652
616 4.42941886762
617 4.57228017693
618 3.94951546425
619 3.48460301108
620 3.43323191906
621 3.46187751011
622 3.87588373476
623 4.14564872144
624 4.71044026653
625 4.92861981086
626 4.98505466043
627 4.82866996952
628 5.08117278372
629 5.22793509707
630 6.00581548431
631 5.35269834101
632 5.12112099442
633 5.48677740336
634 5.33097880263
635 5.66134584401
636 5.7199139429
637 5.70600243908
638 6.11568638225
639 6.36039440691
640 7.1466946129
641 7.35618175606
642 6.95526979949
643 7.081419898
644 7.76419073593
645 7.26476236991
646 6.10408379247
647 6.26797145243
648 6.33024051412
649 7.06656746032
650 7.37700276413
651 6.32076692248
652 6.35009213732
653 6.60537968297
654 6.40633803379
655 6.03201745976
656 5.3133631305
657 5.58846672516
658 5.94672731322
659 5.84132959458
660 5.96121318773
661 6.35054634156
662 5.9768969344
663 6.23129797119
664 5.78702371147
665 5.99163609459
666 6.45296880014
667 6.49864641796
668 6.25459164678
669 5.92459166338
670 5.63772474505
671 5.51891384551
672 5.98373720006
673 5.62811261789
674 5.34212377433
675 5.37932508282
676 5.16564408035
677 4.96432945516
678 4.61013909146
679 4.71872814472
680 4.98451961212
681 4.59975215756
682 4.86416093609
683 4.46640311466
684 4.34470245997
685 3.9448996111
686 4.06801000531
687 4.62887558307
688 3.91315582452
689 3.7332916847
690 3.8524134056
691 3.45221374952
692 3.10388263827
693 2.69514086927
694 3.1481348315
695 3.75399009034
696 3.23146237362
697 3.57476553778
698 3.37352695355
699 3.69145370664
700 3.65789102515
701 3.8373722263
702 3.88841058001
703 4.0119077014
704 3.86720519205
705 3.56570204861
706 3.1397850693
707 2.99602508015
708 2.82976010588
709 3.08259858293
710 2.49189064244
711 2.24571016636
712 2.7980773408
713 3.65109679809
714 3.34367584489
715 3.3899440393
716 3.78090980949
717 3.47213594905
718 3.73780403302
719 3.93571866233
720 3.72410764599
721 4.06306440083
722 4.12190840081
723 4.61991315422
724 4.35596944887
725 4.17347246249
726 3.82311606794
727 3.93638976184
728 3.18287414341
729 3.3019526653
730 2.92920784778
731 2.48674608866
732 2.86531462429
733 2.81190939333
734 2.57375369926
735 2.74583925172
736 3.10947867211
737 3.14540310948
738 3.33600335586
739 3.26995433433
740 3.30497945429
741 3.22821764319
742 3.15216230943
743 3.18803471464
744 3.68400442176
745 3.95578275376
746 3.55998893502
747 3.32631035547
748 3.37054357935
749 3.41923609109
750 2.94574715798
751 3.2830802465
752 3.03993972255
753 2.96144408456
754 2.94005055686
755 2.67005769394
756 3.41924893847
757 3.2875933394
758 2.62537116109
759 2.38765999091
760 2.09549155589
761 2.54701738241
762 2.37726879129
763 2.44253854039
764 2.79572424997
765 2.84349323354
766 2.91726004329
767 2.78813944844
768 2.77106042735
769 2.81499492625
770 2.76756072059
771 2.41228381712
772 2.7325706669
773 3.138212138
774 3.2018375563
775 3.42375050269
776 3.35725041966
777 3.18621783259
778 3.68226351669
779 3.4096174972
780 3.35636615662
781 2.66861030279
782 2.99951991159
783 2.54631127762
784 2.7056343038
785 2.85509655696
786 2.50529332875
787 3.2210510415
788 2.86441301392
789 2.78969965637
790 2.90195874332
791 2.57018299505
792 2.94759491373
793 2.750243605
794 2.92874136677
795 2.92271934268
796 2.28747647219
797 2.67445991421
798 2.97370593643
799 3.15310293705
800 3.09566337714
801 3.3311151583
802 3.17956525413
803 3.31475371851
804 3.29148599932
805 3.79325808124
806 3.52777955986
807 3.82630654422
808 3.74753670966
809 3.75873850144
810 3.83877958499
811 3.76962362083
812 3.73237558184
813 4.29707284639
814 4.67741767023
815 4.08154707123
816 4.32833086573
817 4.51220701234
818 4.31444116111
819 4.77918644158
820 4.91507375931
821 5.03224475448
822 5.15614091371
823 5.21866037799
824 4.55447425236
825 5.05566910346
826 5.25114239283
827 5.23372178122
828 5.21448493216
829 5.28403865272
830 5.06959034798
831 4.92818471132
832 5.77588570458
833 5.98883291979
834 6.19294999748
835 5.76797080759
836 5.5671563317
837 5.22409079463
838 5.70319119179
839 5.9331401229
840 5.96494289169
841 6.13061359495
842 6.25263097329
843 5.96439631888
844 6.08901934526
845 6.68125517147
846 6.21336701243
847 6.18856678111
848 6.39477409037
849 5.53349007606
850 6.43431990991
851 6.29320698188
852 6.50440718572
853 6.29833130757
854 6.47727187928
855 7.01490372705
856 7.01712674666
857 6.70813286219
858 7.14453069974
859 6.94494127999
860 7.56920214815
861 7.60332399931
862 7.44989174975
863 7.67662530065
864 7.30227106262
865 7.70839605991
866 7.0353846202
867 6.96419643046
868 7.6715602707
869 7.84930390877
870 7.814757166
871 7.2825224801
872 7.49380734649
873 7.61580714769
874 7.87819327053
875 7.62712433916
876 7.31242238136
877 7.33071065781
878 7.09869267806
879 6.81484709343
880 7.25183874328
881 8.04076368879
882 8.24446458939
883 7.95743484636
884 8.16783472349
885 8.41667136928
886 8.7104173983
887 8.63812182008
888 9.26952354118
889 8.76799782295
890 8.61514473478
891 8.75161481349
892 9.10122370804
893 8.54342820405
894 8.45368913448
895 8.7832474605
896 8.67293018618
897 8.67210233629
898 8.8442717198
899 9.01849105127
900 9.36668450705
901 9.50749665622
902 9.47171191603
903 9.66939917662
904 9.04920881792
905 9.65965698097
906 9.91021164469
907 10.0957309007
908 10.4547375837
909 10.1164986554
910 10.1719026158
911 10.0363689806
912 10.4433081848
913 10.7837096161
914 10.8950716794
915 10.9176937737
916 10.6517804275
917 10.6695483066
918 9.79677262468
919 10.2183164628
920 10.2734441923
921 11.1463667856
922 10.9946710672
923 11.1061029428
924 10.9000142051
925 11.3012259233
926 11.3615362089
927 11.5723150678
928 11.7540422756
929 11.9573907068
930 11.8677571661
931 12.2683543016
932 12.0242959857
933 11.7773156805
934 11.6997066706
935 11.4909538853
936 11.6796594246
937 11.5403263266
938 11.192204078
939 11.4007278619
940 11.4713907381
941 11.2920926247
942 11.6451313619
943 12.2258737558
944 12.099244413
945 12.1198479942
946 11.4450435258
947 11.1677546203
948 10.8702586408
949 11.3152206422
950 11.3972657163
951 11.2749115633
952 11.5452493469
953 11.694254589
954 11.8587335655
955 11.5340049136
956 11.0444530472
957 11.4159668604
958 11.7224952553
959 11.9160383317
960 12.3814323927
961 12.362697524
962 12.1128332969
963 12.1026476348
964 12.7463699787
965 12.9508140327
966 12.6882725403
967 12.2300234746
968 12.5812833108
969 12.1738695173
970 11.8964221202
971 12.3597143846
972 12.0430322025
973 11.9958765339
974 11.850254619
975 11.6696227301
976 11.2327640273
977 11.4426080382
978 11.9137415309
979 11.735881907
980 11.8185847299
981 11.7255832006
982 11.5660347004
983 11.8350632783
984 11.8591563119
985 11.9476657495
986 12.188180102
987 12.379236864
988 11.812654301
989 11.9109523858
990 11.9788357237
991 12.0394279176
992 11.9077470899
993 11.6082829044
994 11.4959082098
995 11.7066929371
996 11.3951030355
997 11.5678490888
998 11.3655684852
999 11.7123923797
