0 0.0
1 0.118027570954
2 0.0749163628182
3 0.0260213912277
4 -0.144758596104
5 0.294372998803
6 -0.0917012468308
7 0.068597331992
8 0.208462467519
9 0.0313074882562
10 0.0380685526801
11 0.153536970342
12 -0.00545439201435
13 0.140976606745
14 0.0671798922895
15 -0.149887538585
16 0.154100837555
17 0.444634096946
18 0.525099953163
19 0.239859013872
20 0.227597339413
21 0.351296036274
22 0.13994381537
23 0.126507587526
24 0.0672939557639
25 -0.0388064170479
26 0.077228663441
27 -0.114284099393
28 0.543543366797
29 0.153674784304
30 0.125236186625
31 0.100636053206
32 0.271713432396
33 0.0735243211773
34 0.211293788611
35 -0.207373649731
36 0.0327643622267
37 0.188729870825
38 0.274748960151
39 0.260687993702
40 0.398151526435
41 0.189389740224
42 0.23754279429
43 0.269673485857
44 0.226510375955
45 0.279006006832
46 0.396136465214
47 0.511947850819
48 0.422575368833
49 0.283960287832
50 0.261292587568
51 0.375676644111
52 0.399887081007
53 0.0876739366625
54 0.0641394182732
55 0.669808592051
56 0.60236121912
57 0.498510337717
58 0.462498007888
59 0.595437324771
60 0.321432571721
61 0.325766828701
62 0.236581817959
63 0.47734650131
64 0.297041757336
65 0.349758891655
66 0.391630971323
67 0.167312640711
68 0.178224110034
69 0.308019765107
70 0.302563158171
71 0.128653616691
72 0.337761291124
73 0.0902089207995
74 0.154017071295
75 0.156857676693
76 0.227517695083
77 0.236032182556
78 0.561314195071
79 0.547629734324
80 0.337731010208
81 0.447315957487
82 0.424837988086
83 0.323122152757
84 0.466975020435
85 0.278537839103
86 0.43965151722
87 0.476772346028
88 0.34545505594
89 0.344801781793
90 0.144646922357
91 0.132890092102
92 0.333991227206
93 0.141342946891
94 0.424554108283
95 0.256310897421
96 0.270344274925
97 0.327755319565
98 0.405846028537
99 0.405539815626
100 0.0588445139006
101 0.398500621091
102 0.488419086539
103 0.261578609297
104 0.370316478343
105 0.4662039994
106 0.347377713002
107 0.635880167681
108 0.60854538567
109 0.459089765351
110 0.430285995555
111 0.45828426702
112 0.174053799446
113 0.339201659669
114 0.340724917829
115 0.554392494902
116 0.113610804521
117 0.166829170067
118 0.347200396251
119 0.34066498194
120 0.174819449418
121 0.404226962605
122 0.442599520882
123 0.129841656487
124 0.0109712656106
125 0.219506442644
126 -0.124282394083
127 0.0410515907464
128 0.0799970673543
129 0.0195458795391
130 0.21280818823
131 -0.0826546394809
132 0.0670827388998
133 0.069471011296
134 0.331855333091
135 0.439725136113
136 0.292510933334
137 0.382750025563
138 0.299233442981
139 0.289323119437
140 0.0411685719517
141 0.366931898481
142 0.189870580981
143 0.210742178296
144 0.201539213429
145 0.404952775929
146 0.217223841694
147 0.325190094026
148 0.353538174641
149 0.277790759814
150 0.23832604471
151 0.381391266447
152 0.177720817911
153 0.322610974644
154 0.168109906844
155 0.15910984865
156 0.460949292032
157 0.480142025675
158 0.174396735261
159 0.434140129001
160 0.324824599678
161 0.442540059545
162 0.342854646222
163 0.466269500162
164 0.327607292015
165 0.404033718805
166 0.217955547474
167 0.463298877216
168 0.345192027089
169 0.387809276867
170 0.279041406458
171 0.167192765862
172 0.339491591122
173 0.356432184052
174 0.0817341254181
175 0.302048155258
176 0.255857131309
177 0.316900420828
178 0.262959366248
179 0.433102627458
180 0.577732766357
181 0.319259188162
182 0.46857654601
183 0.399183916536
184 0.464898861493
185 0.17702228646
186 0.397669756881
187 0.253165849374
188 0.33991247214
189 0.413539416919
190 0.568392443163
191 0.453555315634
192 0.27778184163
193 0.412739636147
194 0.227820923939
195 0.589258819169
196 0.735330818299
197 0.720405283411
198 0.669274040717
199 0.418077149673
200 0.525635819251
201 0.482524793182
202 0.342878590327
203 0.469574903025
204 0.557312432498
205 0.799459481441
206 0.310970400631
207 0.743302453552
208 0.396155370904
209 0.457292474103
210 0.52748406076
211 0.308662241451
212 0.173095987995
213 0.249134642471
214 0.384675215047
215 0.305865096044
216 0.227819399466
217 0.20437915232
218 0.333127366698
219 0.183583447708
220 0.253345755237
221 0.257558114907
222 0.472165269228
223 0.326976706637
224 0.180622023905
225 0.162138818545
226 0.310388720359
227 0.372070234456
228 0.539944370685
229 0.506834317576
230 0.105414824918
231 0.105133078274
232 0.386646477546
233 0.271122937475
234 0.400896063334
235 0.0834824157828
236 0.507433174026
237 0.200230033622
238 0.240284192123
239 -0.0180455309365
240 0.422147552526
241 0.275585902799
242 0.233204282732
243 0.26626791619
244 0.551648483957
245 0.457090114602
246 0.439522152084
247 0.423995735032
248 0.729716476563
249 0.731896589605
250 0.636518960617
251 0.475323633769
252 0.427803308867
253 0.315674642283
254 0.347479308642
255 0.292164861709
256 0.284676384754
257 0.536060940058
258 0.202950893733
259 0.439737283883
260 0.719597244564
261 0.514617305801
262 0.38741855615
263 0.516682792928
264 0.485622159383
265 0.434376294306
266 0.487538126827
267 0.84838403602
268 0.668380196599
269 0.581446397576
270 0.617319891561
271 0.422739809208
272 0.366551522814
273 0.554079750745
274 0.503417005861
275 0.392573732386
276 0.479722764902
277 0.519949794435
278 0.634612531363
279 0.652263370127
280 0.327531711578
281 0.350685526114
282 0.26241068914
283 0.446983806581
284 0.707534156569
285 0.64075997096
286 0.796971255179
287 0.527251900772
288 0.588885930552
289 0.651477777302
290 0.63151970826
291 0.519349069426
292 0.638104472189
293 1.09238532388
294 0.95306798366
295 1.087606732
296 0.795351946869
297 0.874667108969
298 0.914399183656
299 0.821685708967
300 1.31965290553
301 1.29380545849
302 1.00515903235
303 0.704076769618
304 0.812766690295
305 0.99358616249
306 0.928913767686
307 0.645614884486
308 0.831788822041
309 0.9073472342
310 1.26601584485
311 1.14132176885
312 0.878718190868
313 1.2175677462
314 0.886269361995
315 1.05972487622
316 0.974895448032
317 0.882462152266
318 1.37642309425
319 1.05160600725
320 0.901043347198
321 0.771203861173
322 0.993080953666
323 0.995468611991
324 0.92798490811
325 0.734304896458
326 0.850907212365
327 0.856667678202
328 1.04961607233
329 1.12919529033
330 0.948023064371
331 0.87847590784
332 1.14846903397
333 0.736186330817
334 0.799449271684
335 0.998272430485
336 0.938299063006
337 0.758412962501
338 0.956659658768
339 1.44734144965
340 1.04157596174
341 1.4007856865
342 0.970364388582
343 0.726479377936
344 0.966038519128
345 0.773796100341
346 1.06517675678
347 0.809360609326
348 0.93354593629
349 0.971046172586
350 1.03576164994
351 0.773772592133
352 0.962106966945
353 1.09925276903
354 0.999586165601
355 1.31114468493
356 1.03043120017
357 1.06262642469
358 1.09516181319
359 1.16891866274
360 1.19143672411
361 1.39013277986
362 1.26114139588
363 1.62830552186
364 1.40412512018
365 1.19014859124
366 1.28078814814
367 0.897127783374
368 1.23458563364
369 1.46170576757
370 1.74240644962
371 2.04623323477
372 1.93929509973
373 2.04872188521
374 1.43653215568
375 1.50845220842
376 1.72695406496
377 1.56742304057
378 1.51022106939
379 1.66138683778
380 1.37815712631
381 1.52386106573
382 1.48053113893
383 1.29291666947
384 1.6522142417
385 1.61070540164
386 1.47407070366
387 1.54258245269
388 1.74518314251
389 1.28150756996
390 1.3423466004
391 1.63786454598
392 1.3239540609
393 1.30587654343
394 1.92459622433
395 2.19052288382
396 2.14768150473
397 1.79494348946
398 2.15210680076
399 2.58641791647
400 2.07065101583
401 2.09989527742
402 2.28019670701
403 2.36227585569
404 2.39058994917
405 2.14328939107
406 2.15649262218
407 2.00347689207
408 2.3638454671
409 2.49717057273
410 2.66423112751
411 2.61321045515
412 2.56322063036
413 2.04852210352
414 2.01828358017
415 2.04097780178
416 2.06270594892
417 2.20478137419
418 2.4283862676
419 2.41039399325
420 1.95076983387
421 2.18253502365
422 2.1842714948
423 2.27154011721
424 2.27409460339
425 2.05608047142
426 2.38714921373
427 2.24480046346
428 2.13445732363
429 2.58676652489
430 2.10432257777
431 2.17096270742
432 2.05419469345
433 2.2500913557
434 2.2706371817
435 2.2550269389
436 2.3424894555
437 1.87146342084
438 2.34080368372
439 2.39051997173
440 2.70082324157
441 2.61054686254
442 2.41910383601
443 2.63005710274
444 2.32463925409
445 2.50422072343
446 2.4712329976
447 2.40488465122
448 2.60160802309
449 2.4144333578
450 2.53305501348
451 2.39696738655
452 2.50103794376
453 2.92355469093
454 3.2979079395
455 2.94407363268
456 2.85123480171
457 2.98581577734
458 2.95111145891
459 2.95637004149
460 2.74076233796
461 3.00002442702
462 2.50635175644
463 2.27663890218
464 1.93171483675
465 2.63672708815
466 2.43818021217
467 2.63474269714
468 2.68668669045
469 2.005337438
470 1.93118609919
471 2.00148676436
472 2.0836730213
473 2.18190953457
474 2.67658631993
475 2.17275704682
476 2.24452795491
477 1.88631197637
478 2.22112495392
479 2.11581383052
480 2.10005628016
481 2.51873008166
482 2.23660388005
483 2.31760017843
484 2.11500197108
485 2.46407943241
486 2.10756036107
487 2.57706094806
488 2.63892285001
489 2.23991969946
490 2.39943780967
491 2.41519447743
492 2.44602300474
493 2.79890024623
494 2.62680975945
495 2.63465742499
496 2.41121809276
497 2.57521791338
498 2.57155639443
499 2.61629945817
500 2.30956288272
501 3.11965377186
502 3.00472930744
503 3.09711823677
504 3.11805850548
505 2.78561663843
506 2.55366615883
507 2.90049380114
508 3.15140019946
509 3.31739499025
510 3.64735103279
511 3.3987909125
512 3.68946745121
513 3.48224288839
514 3.26067649038
515 3.25506351529
516 3.52335330729
517 3.35812131615
518 3.30876592414
519 3.3627093401
520 3.42884226466
521 3.78721495406
522 3.47270787846
523 3.02984041753
524 2.87708129326
525 2.62286080435
526 2.58056075951
527 2.63515175437
528 2.54271817
529 2.43900890796
530 2.60958309509
531 2.69262028859
532 2.38799387581
533 2.29621592238
534 2.32934417267
535 2.40442936048
536 2.32694914237
537 2.48637761418
538 2.52017943213
539 2.72622374206
540 2.79325843389
541 2.4612367546
542 2.75769110308
543 2.33688173694
544 2.17597277899
545 2.31798278145
546 2.55861911201
547 2.87095414194
548 2.62254356929
549 2.76821986844
550 2.63932370831
551 2.94025896974
552 2.69764335092
553 2.54918652462
554 2.90953079488
555 2.90835911171
556 3.09793896901
557 3.00137688991
558 2.50225257028
559 2.7433918616
560 2.69103524882
561 2.72530149618
562 2.91408054353
563 3.34029850556
564 3.31903801457
565 2.93873808916
566 3.23765464855
567 3.03042283297
568 3.16925012599
569 3.09635672586
570 3.48305987758
571 3.15964888809
572 3.15004877807
573 3.39421543676
574 3.39349194019
575 3.42749814359
576 3.62151230962
577 3.69740040439
578 3.89168742966
579 3.55618124869
580 3.22175790875
581 3.61729069239
582 3.35586073993
583 3.2500540444
584 3.44589604155
585 3.32341572643
586 3.01759374916
587 2.72049670759
588 3.02612459098
589 3.15971459009
590 3.46553515987
591 2.96068627742
592 3.2579256106
593 3.49391533769
594 3.02584414846
595 3.23340321194
596 3.1238677969
597 3.63966288398
598 3.08596875165
599 3.39415545006
600 3.454585102
601 3.68384349185
602 3.83601479929
603 3.4914542365
604 3.5937519933
605 3.63209923984
606 3.98650139968
607 3.88438443225
608 4.09405414812
609 4.35274709387
610 4.38933554121
611 4.15787315863
612 4.44899375381
613 4.46840865897
614 4.66966043881
615 4.59448095106
616 4.74133938327
617 4.74194617521
618 4.63143507541
619 4.9284209352
620 5.13755522204
621 5.19328499783
622 5.34767867868
623 5.23048080095
624 5.23444536498
625 5.32556471053
626 5.46729421304
627 5.92352921881
628 6.07852618964
629 6.05852401236
630 5.87363438942
631 5.20018741741
632 4.93620862524
633 5.35625404957
634 4.8299750526
635 5.33668452793
636 4.9817848751
637 4.930797972
638 4.94357772485
639 4.72512388575
640 4.50797746649
641 4.48090178035
642 4.60611176523
643 4.61009785981
644 4.31938542127
645 4.4240506143
646 4.35995306736
647 4.62984734302
648 4.3979680549
649 4.68600880191
650 4.04858979893
651 4.17488558163
652 4.49389984154
653 4.52026920858
654 3.86512277108
655 4.03753578804
656 4.02522362131
657 4.18444219659
658 4.76816277616
659 4.63254446076
660 4.33991771851
661 4.34444187892
662 4.7865036215
663 4.55222369572
664 4.37879042739
665 4.68559688517
666 4.33025054716
667 3.99065247993
668 4.64109106321
669 4.35278592224
670 3.98885082678
671 4.14929861233
672 3.90023302192
673 4.27213797342
674 4.22799767394
675 3.81834684631
676 4.26044433225
677 4.15921985851
678 3.96406537107
679 4.13200925852
680 4.1121183446
681 4.23920885138
682 4.1336574602
683 4.10639406251
684 4.15667639594
685 4.35595408636
686 4.61778103319
687 4.55241107297
688 4.33226679731
689 4.80284929627
690 4.49361663962
691 4.34960275224
692 4.16238550375
693 4.46887239242
694 4.23266609568
695 4.25819622785
696 4.23785686547
697 4.38230456959
698 4.36473465102
699 5.31488892824
700 4.90969221171
701 5.13708338841
702 5.28331213336
703 4.87405245001
704 5.02466423877
705 5.27483839621
706 5.57675811096
707 5.48145104153
708 5.35345788536
709 5.38614685757
710 5.66189221649
711 5.83176090483
712 5.34500787254
713 6.12555479918
714 5.64995622364
715 5.64235250107
716 5.59359189499
717 4.7656845883
718 5.35317918229
719 5.38966767282
720 5.28058956708
721 5.10471345317
722 5.26514853927
723 5.32213523847
724 5.90457279767
725 5.61552190421
726 5.68757922161
727 4.7034195912
728 5.0244090156
729 5.1859437987
730 5.02694039342
731 5.12242970069
732 4.99656281413
733 4.53547098446
734 4.99455204399
735 4.98749854823
736 4.85541377222
737 4.76681098154
738 5.32107687125
739 5.4222496581
740 5.58561562913
741 5.78019790673
742 5.73646090291
743 5.67509122349
744 5.71378871901
745 5.80522302312
746 5.53902587091
747 4.92926869579
748 4.94405511204
749 5.25449057963
750 4.86167913899
751 5.34090943735
752 5.07104770155
753 5.26001334631
754 5.39662416887
755 5.23850352034
756 5.21325622848
757 4.67354289146
758 5.27219251804
759 5.16113480788
760 5.06747997029
761 5.20569534117
762 4.80921485345
763 4.73460503684
764 4.68945285622
765 4.61905941201
766 4.50916484921
767 4.78929848571
768 5.22530747887
769 5.26681937813
770 5.25672487379
771 5.01686727222
772 4.91193459179
773 4.90091135938
774 4.85136479031
775 4.94380075557
776 4.91619632135
777 5.10767426882
778 5.23940687049
779 5.12349860626
780 5.08447720109
781 4.82695665365
782 5.03841369716
783 4.68202825617
784 4.55586641765
785 5.39042314386
786 5.31433867787
787 5.01600470147
788 5.78449112791
789 5.79048147095
790 5.23838042309
791 5.37179023409
792 5.39408760136
793 5.22848577546
794 4.91656282904
795 5.22885451624
796 5.40137375761
797 5.72434863279
798 5.79397390241
799 5.93016747372
800 5.32856922677
801 5.16667717596
802 5.70707007023
803 5.49262432483
804 6.05872023907
805 5.60432543708
806 5.35679390872
807 5.5212250379
808 5.16908177493
809 5.39646578565
810 5.93301326868
811 6.05823382945
812 6.27064488741
813 5.95407202618
814 6.25661326039
815 6.16170422215
816 6.03060554269
817 6.20298874419
818 5.98398158186
819 5.45551400738
820 6.19692404773
821 6.1099816021
822 6.18604009048
823 6.35920481371
824 6.59341293141
825 6.91456210792
826 6.79237022357
827 6.5184763951
828 6.77034589863
829 7.23540970231
830 6.73596766389
831 6.46224042095
832 6.45511741243
833 6.16625672595
834 6.56808026922
835 6.46414985782
836 6.27352147949
837 6.53727265022
838 6.14953040771
839 6.41728284239
840 6.79831544308
841 6.93079072677
842 7.0493658949
843 7.57764663498
844 7.13938762131
845 7.16239775726
846 7.21454186407
847 6.77972826383
848 6.17023479364
849 6.75479402
850 6.37448377652
851 6.71370597959
852 6.80290831194
853 6.47511401451
854 6.530498768
855 6.22574343801
856 6.08697136921
857 6.2028457871
858 6.20126140856
859 5.95263640626
860 5.44918992896
861 5.60591997748
862 5.45846089358
863 5.07852852983
864 5.24723096203
865 5.25637736476
866 5.54600645478
867 5.06080041669
868 4.22457196526
869 4.62850691645
870 5.17671469772
871 5.24686716177
872 5.27146069669
873 4.85311730639
874 4.89421385232
875 5.01065011627
876 5.29205178281
877 5.46933597898
878 4.88739186527
879 4.89533556329
880 5.18877251607
881 4.93103153486
882 4.82716236973
883 5.50211533312
884 5.54383539129
885 5.84743981966
886 5.23938820124
887 5.13332064921
888 5.81552517164
889 5.60143802543
890 5.33834406791
891 4.97704372265
892 4.90188256963
893 4.88243614513
894 4.82212264383
895 4.70530426296
896 4.87871934883
897 4.89122598388
898 5.2740831759
899 5.0663391479
900 5.4188842979
901 5.66550945896
902 5.30268639414
903 5.30165977878
904 5.34205227468
905 4.87575055836
906 5.29119423288
907 5.64094712166
908 5.87721604504
909 5.69974794702
910 5.71681977861
911 5.38607126666
912 5.94990002526
913 6.39326846455
914 6.3663086591
915 6.11872085894
916 6.31092394921
917 5.73366891402
918 5.94050936191
919 6.2370996246
920 5.77150864388
921 6.34180211411
922 6.77843997805
923 6.74100212858
924 6.52544325194
925 6.84422047986
926 6.33791506828
927 6.65501422365
928 6.89222676741
929 7.16870760773
930 7.40775485724
931 7.48107322903
932 8.1064937871
933 7.81840264845
934 7.81938587594
935 8.05462614878
936 8.68083813126
937 8.46921308856
938 8.12504752156
939 9.01567946239
940 8.62220933412
941 8.40499389966
942 8.04129031872
943 8.04699752564
944 7.99761174361
945 8.28542115461
946 8.50544921039
947 8.47840719863
948 8.25802873707
949 8.23046081191
950 8.68740533478
951 9.30453714618
952 9.21821854164
953 9.48578559543
954 9.44226220929
955 9.0020570882
956 8.92639656648
957 9.34988764155
958 9.07222754341
959 9.08017274991
960 9.35740955152
961 9.4014103921
962 10.0279064756
963 10.4816775357
964 11.0311102209
965 11.5689714803
966 11.2629272395
967 11.0123256678
968 11.5833165387
969 11.5176484089
970 11.4442069063
971 10.9071265724
972 10.8964022145
973 10.5838268808
974 11.4940773761
975 11.9651464796
976 11.9839763791
977 13.1186539665
978 12.6239343256
979 12.373902766
980 12.0686789977
981 11.8703310138
982 12.1601484789
983 11.8089339182
984 11.6152615815
985 12.0215083339
986 12.4295213448
987 11.8604579745
988 12.2262229042
989 12.119084247
990 11.7033675809
991 12.3311154027
992 11.6543348857
993 11.3372873815
994 11.4386151909
995 11.2577945791
996 10.6056426595
997 10.6691630875
998 11.0745344433
999 11.2186440985
