0 0.0
1 0.059242343509
2 0.315322781907
3 0.206330891516
4 0.0330051433694
5 -0.0545191740525
6 0.240022464346
7 0.201036847123
8 -0.252515716883
9 0.254755617111
10 -0.199775638374
11 0.0269657347027
12 -0.205924937679
13 -0.063279423093
14 -0.0305615563715
15 0.0538249590979
16 -0.0574229365762
17 -0.0954479412398
18 0.165964485864
19 -0.0450268462074
20 -0.0596282644144
21 -0.107551707375
22 -0.352988971172
23 -0.149916503172
24 0.130083111846
25 -0.0179499146516
26 0.303692181993
27 0.033878214361
28 -0.107164222516
29 -0.189336975884
30 -0.157814452485
31 0.0497558406993
32 -0.0184934980089
33 0.14394536271
34 0.202965610035
35 0.546688434727
36 0.425049805763
37 0.390662246568
38 0.28306766592
39 0.509572358396
40 0.0212695550613
41 0.138027451466
42 0.264556316711
43 0.475949413967
44 0.59913961357
45 0.449228025766
46 0.530175511004
47 0.296038030647
48 0.489071851179
49 0.65978281936
50 0.94025201892
51 0.90450821189
52 0.790958274619
53 0.711855706754
54 0.561775694351
55 0.562857067492
56 0.634826474645
57 0.68453765976
58 0.561796734667
59 0.262473030563
60 0.350700647379
61 0.344466472185
62 0.435235483721
63 0.510210380377
64 0.233557083873
65 0.379841832909
66 0.624069190107
67 0.486754479487
68 0.273768572901
69 0.330166688006
70 0.581714685988
71 0.822724346184
72 0.999234382818
73 0.779363377828
74 0.551477660427
75 0.440318700183
76 0.568342925926
77 0.561147364911
78 0.551937157935
79 0.420703072186
80 0.0812253610715
81 0.521422105031
82 0.550884728815
83 0.334125110666
84 0.145635548096
85 -0.0599008905506
86 0.186143608375
87 0.0386997399846
88 0.0507148674199
89 0.487479428252
90 0.137744666185
91 -0.10752598206
92 0.080259377744
93 0.344441311773
94 0.367432252623
95 0.284745605834
96 0.215172447604
97 0.254416005095
98 0.443413312072
99 0.411390312027
100 0.178508532974
101 -0.101509835807
102 0.0639411682764
103 0.192982530358
104 0.403321542676
105 0.245230791253
106 0.342054229593
107 0.378813227146
108 0.149859285125
109 0.617314921999
110 0.248735018067
111 0.25049567601
112 0.457402686898
113 0.194886962858
114 0.00713867337681
115 -0.179490438949
116 0.170182357638
117 0.0375762370039
118 0.141775015088
119 -0.325663409695
120 0.0745677497091
121 -0.00408888586224
122 -0.301796742327
123 -0.195673036396
124 -0.107947037696
125 0.334322565282
126 -0.00238374097804
127 -0.0379668336262
128 0.141010129353
129 -0.135800806851
130 -0.0451645353287
131 -0.0566217361569
132 0.149440895947
133 -0.0110448777696
134 -0.0663040730175
135 0.100496156279
136 -0.0144569412458
137 -0.030633305399
138 0.103113355278
139 0.128189233035
140 0.354596149625
141 0.112028857945
142 -0.126835323472
143 0.0318754603357
144 0.0237310676544
145 -0.154393312653
146 0.127844373142
147 0.126379481013
148 0.300102265036
149 0.150716136797
150 0.664187972307
151 0.362641731233
152 0.714457799095
153 0.625187193234
154 0.354349699448
155 0.821177554242
156 0.424342454986
157 0.609083274779
158 0.749729241366
159 0.74856932865
160 0.93857952994
161 0.97660079733
162 1.17453328446
163 1.12946444689
164 0.511672577584
165 0.737530203849
166 0.993667883153
167 0.933005508851
168 0.939999559041
169 0.855869656586
170 0.746364728466
171 0.649839852953
172 0.878463809776
173 0.938253918994
174 0.812424008279
175 0.568019221837
176 0.66947967915
177 0.492499091333
178 0.781503803009
179 0.714040415726
180 0.619658768224
181 0.694598084941
182 0.877084944233
183 0.690656591707
184 0.679574192828
185 0.513576523628
186 0.943136851667
187 0.449067802667
188 0.885074877285
189 0.943805675854
190 0.943045373658
191 1.26032870677
192 1.25142584357
193 1.5550798755
194 1.45429382052
195 1.20757881445
196 1.17174346479
197 1.36904639047
198 1.41403305125
199 1.75209398869
200 1.52660474171
201 1.66756645403
202 1.7575074824
203 2.02743044822
204 2.15399220598
205 1.7639629958
206 2.18444137522
207 2.04158037501
208 1.94521025751
209 1.64005794047
210 1.79060930937
211 1.29669728753
212 1.64589461024
213 1.5123067331
214 1.69638157123
215 1.44715367622
216 1.51898964025
217 1.92314660437
218 1.67781647664
219 1.4553967117
220 1.67748704309
221 1.52172990083
222 0.925983174477
223 1.3514943953
224 1.0632041236
225 1.54060677666
226 1.65682836433
227 1.71193453313
228 1.85589255384
229 2.16822676089
230 1.8809116613
231 1.67840440071
232 1.668026607
233 2.02878914313
234 1.53578092776
235 1.63395666801
236 1.85810390018
237 1.77228801707
238 1.93470447392
239 1.79411578299
240 1.97622130473
241 1.77358103758
242 1.97559924842
243 1.45116116525
244 1.03430178294
245 1.63938766507
246 1.29888725456
247 1.72029839646
248 1.55857920431
249 1.34511750282
250 1.39526301663
251 1.8172631597
252 1.88107155786
253 1.41155649138
254 1.15244702038
255 1.78787403657
256 1.46638809412
257 1.2140798879
258 1.26007258256
259 0.930503631525
260 1.25365269354
261 1.15892838467
262 1.69043133319
263 1.06358624469
264 1.51205666012
265 1.55862688358
266 1.26937915329
267 1.62716145626
268 1.73533330383
269 1.61887174305
270 1.38039423371
271 1.17870871087
272 1.24613289059
273 1.33335321853
274 1.33079807331
275 1.62152208175
276 2.32012415367
277 2.20471961611
278 2.1019017276
279 1.65586288444
280 1.94943091083
281 1.90494160604
282 1.85560180461
283 2.00384713977
284 2.00563098844
285 1.85442652355
286 2.26259343807
287 1.97489644191
288 1.97826381199
289 2.15980366958
290 2.37087157475
291 2.12143806276
292 2.7153110271
293 2.90548787321
294 3.70150853357
295 3.57634383027
296 3.47729956089
297 3.52134242438
298 3.22359949184
299 3.40152315174
300 3.48209939889
301 3.4556651309
302 3.60262013738
303 3.51926240376
304 3.16505926766
305 2.72549730673
306 2.59121254945
307 2.96663980119
308 2.7946715556
309 2.48093564478
310 2.52807062877
311 2.63716291115
312 2.55284245694
313 2.06831530904
314 2.57986700592
315 2.12566682236
316 2.08347953455
317 2.95117351519
318 2.85608120893
319 3.05511914811
320 3.36450036469
321 3.20282403958
322 2.91799177569
323 3.27446560482
324 2.84431721698
325 3.75629162226
326 3.89168406685
327 3.51089313791
328 3.22382087018
329 3.42308846269
330 3.49358142037
331 3.43636850276
332 3.27261224035
333 3.81358373043
334 3.77503717108
335 3.81323024931
336 3.50419135766
337 3.70554345346
338 3.88372669138
339 3.86614683844
340 3.61039497091
341 2.34629370282
342 2.15077759048
343 2.27388768798
344 2.24700289857
345 2.46212438528
346 2.61760707396
347 2.6725250916
348 2.35683431688
349 2.61352960449
350 2.13551627868
351 2.42315837967
352 2.80765854392
353 2.70825296477
354 2.58641568476
355 2.99469682435
356 2.91006189883
357 2.94439151411
358 2.72564211953
359 2.54946386327
360 2.51967702461
361 2.97518807278
362 2.71016221923
363 2.94464831635
364 2.66348614371
365 2.48733234734
366 2.53261646827
367 2.28160467804
368 2.3644597301
369 2.36193936207
370 2.52387178152
371 2.72810588848
372 2.16175561399
373 2.08029757621
374 2.01456745432
375 2.69894041895
376 2.46680377353
377 2.35586447682
378 1.89552148741
379 1.81068669561
380 2.23431239365
381 2.21262244133
382 2.39743209974
383 2.11450837189
384 1.8278862391
385 1.79545835426
386 2.05098252867
387 2.09016271426
388 2.01030508048
389 2.21737053345
390 2.42217292595
391 2.62080292413
392 2.68263486984
393 2.93689530739
394 2.43007412455
395 2.68801503427
396 2.54073059084
397 2.52333864769
398 3.12346749653
399 2.8686422299
400 2.71911908523
401 2.43052748305
402 2.51348939499
403 2.72862383683
404 2.94874675512
405 2.59057609071
406 2.7348353308
407 3.05715212138
408 2.88744591936
409 3.25327467163
410 2.81906762744
411 3.16255605056
412 3.52996866029
413 3.56122424438
414 3.6548225526
415 3.68412143049
416 3.81194590174
417 4.00707505642
418 3.93717733355
419 3.91430562099
420 3.7527129878
421 3.46525949469
422 3.49509723235
423 3.37360019885
424 3.7079643962
425 3.64998808655
426 3.39206595661
427 3.8022931265
428 3.33015388091
429 3.22467232078
430 3.5054196143
431 3.67664471735
432 3.44526937272
433 3.44910414874
434 3.03916380029
435 3.60500269909
436 3.63312939031
437 3.51006774528
438 3.5689061313
439 3.30036959617
440 3.18430945087
441 3.02323339157
442 3.59413434192
443 3.58074716926
444 3.87030884819
445 3.78347697676
446 4.12978258498
447 3.62284777409
448 3.69383601494
449 3.60450667599
450 3.37115805518
451 3.36280848301
452 3.28912055823
453 3.36066223811
454 3.17311939674
455 3.27765369672
456 3.29776053483
457 3.52223296215
458 3.8423679073
459 3.72793589333
460 3.99730444752
461 3.9770627372
462 3.93869874107
463 3.86116214734
464 3.89240597054
465 3.84509461577
466 4.08900577753
467 4.16029815335
468 4.18441176727
469 3.70058755274
470 3.58005706407
471 4.30509772953
472 4.23957566318
473 3.8858897148
474 4.02879187277
475 4.10399790322
476 3.63036259515
477 3.71665556892
478 4.03431378252
479 3.77633517196
480 3.2151544065
481 3.2322121741
482 3.31643433498
483 3.40309746474
484 3.37910554567
485 3.45951035973
486 3.46949674982
487 3.2898429094
488 3.06144805409
489 3.44677307402
490 3.91712701128
491 3.46385502856
492 3.70176080287
493 3.48808125472
494 3.60216172709
495 3.29827471579
496 3.05785660982
497 3.34389580532
498 3.53420594543
499 3.76010719325
500 3.79296382678
501 3.48835077857
502 3.36487965956
503 3.48543946223
504 3.51933733014
505 3.69210272764
506 3.82251192943
507 4.1446384866
508 3.35708046951
509 3.52050705801
510 3.67582973421
511 3.8525994904
512 3.86262543311
513 3.75413063727
514 3.58544797171
515 3.52402886645
516 3.37673816343
517 3.82140312484
518 3.40062130657
519 3.00048323384
520 3.35297093397
521 3.40712533862
522 3.41787506807
523 3.60278194428
524 3.39974719001
525 3.47589008686
526 3.86474985919
527 3.8554010235
528 3.63765806429
529 3.55856696064
530 3.35093137562
531 3.46691325897
532 3.63881720129
533 3.70403122444
534 3.72008714876
535 3.45400657431
536 3.70072268815
537 3.79760139441
538 3.90791939041
539 3.9118970764
540 3.98504864443
541 3.58096938133
542 4.03484047395
543 4.19233002088
544 3.97843450964
545 3.66865246739
546 3.72645182254
547 3.49735797975
548 3.34388209967
549 3.88302751276
550 3.84127574622
551 3.78630357311
552 3.48929145676
553 3.70017123654
554 3.56191033445
555 3.40023248648
556 3.48381039963
557 3.10770645225
558 3.11196626403
559 3.13150151569
560 3.41540739941
561 2.88576504098
562 3.190549189
563 3.12003769532
564 3.53031467582
565 3.48630383466
566 3.41088334629
567 3.52884202225
568 3.48977103318
569 3.79494913981
570 3.77527337231
571 3.74449009723
572 3.42596747302
573 3.11412856213
574 3.17693917377
575 3.36786321424
576 3.40459289631
577 2.92122470717
578 3.26914969969
579 3.31210774215
580 3.28830032949
581 3.23626974135
582 3.77264037701
583 3.46402239647
584 3.7778971818
585 3.62713874982
586 3.66794551403
587 4.00179712119
588 3.58173263414
589 3.50220227042
590 3.26998518589
591 3.76457885703
592 3.87659341213
593 3.57382209187
594 3.65433205347
595 3.35272196502
596 3.33615607463
597 3.75738937088
598 3.20948653474
599 3.37934005514
600 3.31745001427
601 3.4240658281
602 3.25876385047
603 3.31693478347
604 3.50499526343
605 3.39953279893
606 3.22185989052
607 3.25943616982
608 3.20624253095
609 2.91266887307
610 3.37154060383
611 3.73257002898
612 3.59994756838
613 3.5601199548
614 3.53356347977
615 3.65035079501
616 3.44558668942
617 3.27918855132
618 3.82397677373
619 3.69657592164
620 3.82165280428
621 3.6809198487
622 3.37996569332
623 3.42850085439
624 3.48754725326
625 3.38149309976
626 3.57693901887
627 3.52987497996
628 3.20979766872
629 3.06246264152
630 3.46870228575
631 3.12909547912
632 3.56474662727
633 3.42805349577
634 3.6069245674
635 3.91051491637
636 3.51170499771
637 3.47033320897
638 3.66302108365
639 3.36168201201
640 3.53468579224
641 3.88532683628
642 4.15779270981
643 4.04555076469
644 3.77385494106
645 4.00417220517
646 4.19999238173
647 4.09723537018
648 4.19981779938
649 4.28454548031
650 4.17777284313
651 4.40866922002
652 4.12353657378
653 4.63205475427
654 4.6508084814
655 4.35184396552
656 4.2120950832
657 4.19299922124
658 3.62614685327
659 3.92182665563
660 3.80828666182
661 4.11949071346
662 3.80528001151
663 3.67694023204
664 3.64165761567
665 3.88104854775
666 4.37114061581
667 4.63246120279
668 4.51230862555
669 5.01440807753
670 4.73780489004
671 4.35848180311
672 4.969302867
673 4.74289135174
674 4.69146840351
675 4.10373100714
676 4.32677812352
677 4.22574135344
678 3.8411067165
679 3.81880839649
680 4.078131485
681 3.96627523888
682 4.09218760851
683 4.02160119901
684 4.00744376145
685 3.98311903476
686 4.13639340653
687 4.17208025882
688 3.84305538998
689 4.11398799011
690 4.20684260455
691 3.76516424399
692 3.984863187
693 4.14541270365
694 3.94928123236
695 4.04904729534
696 3.97132990418
697 4.12365685358
698 4.15003825067
699 4.16521946884
700 4.1104768865
701 3.91906181121
702 4.10160785533
703 3.52346233406
704 3.3526228331
705 3.68840755642
706 3.77388034015
707 3.36484290636
708 3.32337407154
709 3.49002779949
710 3.70572790038
711 3.60403390191
712 3.86354269379
713 4.1264936061
714 4.21907414486
715 3.95899183034
716 3.95859296851
717 3.856491502
718 3.8999872887
719 3.92152247978
720 4.03028695226
721 4.05880695782
722 3.89822635553
723 4.10444855757
724 4.00769049347
725 3.76082224088
726 4.29838048895
727 4.21267201948
728 4.19013059138
729 3.9721431271
730 4.07973856873
731 4.30447705516
732 4.35397544373
733 3.94114267327
734 4.2008496437
735 3.80695231511
736 4.34315869895
737 4.08223210256
738 4.10958667434
739 4.0097864844
740 3.99901430535
741 4.29868750511
742 3.93222411746
743 4.09472361642
744 4.07132131935
745 4.28485574748
746 4.51066849292
747 4.54063433878
748 4.22693390663
749 4.31160587206
750 4.01780826997
751 3.8427949715
752 4.47693350208
753 4.44556353511
754 4.16578085726
755 4.46361481914
756 4.04347476509
757 3.92451135812
758 4.26592425562
759 4.09309248693
760 4.23533409322
761 3.78295958032
762 3.9300501182
763 3.88374027852
764 3.76251167905
765 3.85200006004
766 4.01091887334
767 4.14753367287
768 4.23648467789
769 4.35278841848
770 4.06387290794
771 4.11527118383
772 4.21557479383
773 4.25394632381
774 3.97960580548
775 4.34905233285
776 4.05240420508
777 4.24939724115
778 4.8970708805
779 4.74454422456
780 4.46938777005
781 4.60744712762
782 4.49683964635
783 4.44278579565
784 4.75110813834
785 4.96322971835
786 4.7662011983
787 4.5935826892
788 4.91917340531
789 4.67506199382
790 4.67313068292
791 5.15800093651
792 5.07149430823
793 4.75537308435
794 4.56489637914
795 4.84439946674
796 4.82875146509
797 4.62076575825
798 4.60344700742
799 4.48294366107
800 4.28779940626
801 4.5801654572
802 4.91033441931
803 4.76846111853
804 4.69164504681
805 4.5991727691
806 4.72409198845
807 4.82644878878
808 4.38600481659
809 4.71918372877
810 4.4493859327
811 4.33984449863
812 4.40224358115
813 4.26602171021
814 4.13594405429
815 4.22478162251
816 4.59892013731
817 4.16194613762
818 3.93669497129
819 4.06679423923
820 4.2886693354
821 4.11566445281
822 4.59006339227
823 3.62968417208
824 3.63519102545
825 4.07409090518
826 4.14478161258
827 4.20552159979
828 4.56731983501
829 3.80817773437
830 3.83788127824
831 3.5680133377
832 3.53517327757
833 3.57808099744
834 3.76225998585
835 4.12343156741
836 3.4449411004
837 3.92782021709
838 3.66776698363
839 3.74883040248
840 3.36322648969
841 3.57870898086
842 3.75084136126
843 3.39249918055
844 3.61749672161
845 3.44293993038
846 3.67498329285
847 3.1117994868
848 3.32866755991
849 3.24965036302
850 3.97597026825
851 3.80614219082
852 3.36297431701
853 4.09103456737
854 4.1065224298
855 3.82636658337
856 3.71969640642
857 3.89290360232
858 3.8469383599
859 3.84187314307
860 3.92410196357
861 3.49371977451
862 3.88215296756
863 3.65177580472
864 3.47049027448
865 3.25768880849
866 3.85193651903
867 3.7649126788
868 4.1403144425
869 3.66480286864
870 3.90736451307
871 3.73582643725
872 3.45244394077
873 3.64851567369
874 3.95028678232
875 4.47745242551
876 3.96370339776
877 4.40251642882
878 4.21919357747
879 3.93020296654
880 3.72039139332
881 4.00946842586
882 3.88457058227
883 3.81062130991
884 4.13382567984
885 4.39875387471
886 3.92043524139
887 3.81295678903
888 4.00723872108
889 3.73674041497
890 3.99913632809
891 3.91145760127
892 3.69469985448
893 3.93108226406
894 4.122117366
895 4.21542454126
896 4.2853691026
897 4.23558288169
898 4.08584674612
899 4.69826735891
900 4.80436808888
901 4.76258955806
902 4.82512988233
903 4.39025567401
904 4.26165054288
905 4.37184090296
906 4.42009548276
907 4.21748107791
908 4.13767859805
909 4.52117277346
910 4.3717407777
911 4.42699739029
912 4.81627395122
913 4.68099428008
914 4.7983418621
915 4.96434725459
916 4.30232626953
917 4.08276420944
918 4.47922266458
919 4.27879732161
920 4.36892018764
921 4.13183781144
922 4.50978569514
923 4.29505903174
924 3.88478638965
925 4.35843153265
926 4.32574256126
927 4.05817775267
928 4.34219662334
929 4.33505170376
930 4.90841154716
931 4.54479606599
932 4.81576479415
933 5.14970513852
934 5.00641052264
935 5.33917782215
936 5.24255810412
937 5.05125221188
938 4.99457282608
939 5.21260912295
940 4.92864969579
941 5.13460424148
942 4.78848717426
943 4.98345987379
944 5.17654865931
945 4.96747827369
946 5.30364859545
947 5.02262840942
948 5.3600184727
949 5.40150241006
950 5.72854382923
951 5.53843695283
952 5.73941944789
953 5.38709549983
954 5.68226755567
955 5.31955999675
956 5.16413211963
957 5.40969131693
958 5.10063892479
959 5.08091398313
960 5.08325868134
961 4.96098148716
962 4.72401593691
963 5.13051560378
964 4.73285850665
965 5.37635863951
966 5.1686418979
967 5.03173928454
968 4.92407445862
969 5.20438882827
970 5.14872865737
971 4.93647306523
972 5.05005968725
973 5.14715729806
974 5.07365680236
975 5.188864596
976 5.28095512867
977 5.26768279249
978 5.09769739354
979 5.25661845797
980 5.24762383911
981 5.2361559089
982 4.86629174235
983 5.0293551556
984 5.4198673094
985 5.12155433427
986 5.06753388941
987 4.85360196529
988 4.8543666937
989 4.99078544966
990 4.78336177545
991 4.77741920451
992 4.45713085242
993 4.91283829144
994 4.98834494994
995 4.47648990752
996 4.57731811193
997 4.69204051462
998 5.04157278408
999 4.37840177799
