1005000 698.264
1012500 499.534
1020000 386.232
1027500 463.729
1035000 429.018
1042500 329.769
1050000 436.55
1057500 452.5
1065000 416.051
1072500 499.099
1080000 523.235
1087500 497.044
1095000 569.756
1102500 430.271
1110000 527.946
1117500 510.442
1125000 270.244
1132500 339.982
1140000 479.734
1147500 572.104
1155000 515.313
1162500 455.293
1170000 431.503
1177500 383.337
1185000 617.213
1192500 516.227
1200000 494.137
1207500 498.279
1215000 542.18
1222500 645.704
1230000 540.677
1237500 603.159
1245000 491.265
1252500 545.588
1260000 450.483
1267500 503.815
1275000 498.654
1282500 600.587
1290000 435.072
1297500 493.616
1305000 605.499
1312500 615.13
1320000 653.057
1327500 551.042
1335000 547.785
1342500 483.615
1350000 505.703
1357500 517.841
1365000 632.626
1372500 576.958
1380000 544.214
1387500 605.285
1395000 500.84
1402500 466.916
1410000 535.183
1417500 484.661
1425000 590.127
1432500 473.117
1440000 515.108
1447500 508.587
1455000 489.432
1462500 538.173
1470000 680.194
1477500 565.041
1485000 506.768
1492500 554.748
1500000 467.887
1507500 536.94
1515000 542.674
1522500 562.484
1530000 607.196
1537500 525.064
1545000 579.588
1552500 582.797
1560000 510.717
1567500 588.572
1575000 553.75
1582500 548.32
1590000 394.197
1597500 488.257
1605000 514.441
1612500 511.532
1620000 577.457
1627500 474.889
1635000 482.289
1642500 490.628
1650000 252.012
1657500 390.554
1665000 374.468
1672500 370.098
1680000 332.001
1687500 320.613
1695000 386.811
1702500 323.611
1710000 494.348
1717500 418.631
1725000 547.475
1732500 451.239
1740000 360.66
1747500 491.704
1755000 524.697
1762500 473.063
1770000 517.265
1777500 426.838
1785000 527.317
1792500 646.758
1800000 610.145
1807500 603.287
1815000 574.638
1822500 651.423
1830000 615.057
1837500 567.968
1845000 664.989
1852500 610.283
1860000 732.183
1867500 781.525
1875000 778.602
1882500 779.04
1890000 662.003
1897500 823.698
1905000 668.834
1912500 683.524
1920000 632.115
1927500 828.375
1935000 762.53
1942500 849.82
1950000 768.069
1957500 823.401
1965000 661.724
1972500 607.761
1980000 565.212
1987500 552.078
1995000 580.739
2002500 603.816
2010000 448.208
2017500 551.623
2025000 598.84
2032500 466.414
2040000 641.55
2047500 358.085
2055000 453.325
2062500 461.755
2070000 395.842
2077500 431.072
2085000 309.794
2092500 326.894
2100000 237.713
2107500 451.682
2115000 306.101
2122500 405.948
2130000 437.522
2137500 491.076
2145000 318.593
2152500 472.621
2160000 396.992
2167500 264.647
2175000 305.971
2182500 416.903
2190000 239.377
2197500 233.578
2205000 146.836
2212500 148.31
2220000 131.213
2227500 75.6705
2235000 164.006
2242500 212.805
2250000 166.392
2257500 89.9964
2265000 147.002
2272500 166.462
2280000 249.592
2287500 184.022
2295000 382.601
2302500 193.298
2310000 216.308
2317500 68.9335
2325000 290.917
2332500 72.9686
2340000 22.9059
2347500 -69.6974
2355000 -110.423
2362500 -33.0811
2370000 32.4579
2377500 93.8223
2385000 116.753
2392500 -107.66
2400000 -93.438
2407500 -33.5418
2415000 -66.9328
2422500 -50.6527
2430000 -70.2225
2437500 -187.727
2445000 -82.0993
2452500 -48.7982
2460000 25.9038
2467500 16.2515
2475000 -125.681
2482500 -157.097
2490000 -134.181
2497500 -106.6
2505000 -12.5897
2512500 145.574
2520000 111.603
2527500 79.0045
2535000 -71.5217
2542500 -81.2671
2550000 -12.9254
2557500 -115.919
2565000 93.286
2572500 87.7262
2580000 331.787
2587500 191.194
2595000 263.032
2602500 6.02939
2610000 -84.747
2617500 -18.1211
2625000 23.0066
2632500 127.45
2640000 48.4987
2647500 -85.2069
2655000 -130.785
2662500 -72.0424
2670000 -82.2273
2677500 -30.1831
2685000 118.245
2692500 141.603
2700000 218.894
2707500 125.339
2715000 -51.2475
2722500 104.521
2730000 78.7748
2737500 -87.7705
2745000 247.257
2752500 282.21
2760000 280.888
2767500 -40.921
2775000 -40.812
2782500 3.03383
2790000 107.036
2797500 -15.8378
2805000 179.825
2812500 105.393
2820000 108.29
2827500 0.159379
2835000 64.9212
2842500 28.8754
2850000 42.8742
2857500 -32.6433
2865000 -22.7309
2872500 210.475
2880000 168.343
2887500 40.3097
2895000 0.932403
2902500 -50.8925
2910000 -11.3478
2917500 88.2553
2925000 149.353
2932500 -69.3096
2940000 55.5514
2947500 113.166
2955000 180.583
2962500 55.1125
2970000 138.673
2977500 138.49
2985000 83.2982
2992500 18.3224
3000000 95.6751
3007500 182.474
3015000 256.992
3022500 100.447
3030000 203.209
3037500 93.5283
3045000 235.621
3052500 89.098
3060000 241.789
3067500 -21.2628
3075000 137.712
3082500 40.222
3090000 -10.158
3097500 14.444
3105000 -198.717
3112500 -193.681
3120000 -85.6353
3127500 -57.8402
3135000 -111.586
3142500 -204.306
3150000 -98.5441
3157500 47.8887
3165000 -10.7735
3172500 18.7123
3180000 130.991
3187500 -92.6756
3195000 -31.3802
3202500 174.816
3210000 174.537
3217500 179.552
3225000 173.431
3232500 50.9832
3240000 154.723
3247500 25.5375
3255000 47.8336
3262500 132.297
3270000 -98.0244
3277500 -18.1593
3285000 -157.68
3292500 156.666
3300000 -21.1459
3307500 -182.93
3315000 -93.0787
3322500 42.8797
3330000 -41.6227
3337500 54.4754
3345000 108.378
3352500 -75.8997
3360000 164.889
3367500 -82.6552
3375000 5.87898
3382500 -128.866
3390000 -81.1421
3397500 -173.594
3405000 -16.948
3412500 -19.6588
3420000 -174.462
3427500 -156.679
3435000 -83.9156
3442500 162.096
3450000 -7.89872
3457500 -30.1273
3465000 -8.4478
3472500 114.712
3480000 -197.167
3487500 -20.9383
3495000 -19.1986
3502500 30.0863
3510000 -95.9519
3517500 124.395
3525000 173.34
3532500 62.451
3540000 53.6833
3547500 220.229
3555000 205.91
3562500 -0.763383
3570000 26.6073
3577500 210.318
3585000 315.604
3592500 85.282
3600000 100.622
3607500 -7.07516
3615000 71.6933
3622500 10.3092
3630000 -79.9706
3637500 -21.208
3645000 -73.4937
3652500 -23.2536
3660000 -12.1137
3667500 -151.659
3675000 -125.613
3682500 -56.1089
3690000 197.408
3697500 16.8781
3705000 5.507
3712500 40.1484
3720000 -23.003
3727500 128.427
3735000 -80.629
3742500 -116.04
3750000 31.3404
3757500 -166.316
3765000 197.481
3772500 37.5083
3780000 -138.211
3787500 -60.035
3795000 110.817
3802500 296.466
3810000 101.43
3817500 120.606
3825000 -223.807
3832500 150.682
3840000 82.8996
3847500 171.998
3855000 174.009
3862500 54.2733
3870000 149.326
3877500 211.035
3885000 117.91
3892500 96.865
3900000 127.782
3907500 271.881
3915000 248.544
3922500 20.6045
3930000 -11.0335
3937500 -76.8483
3945000 -0.569155
3952500 67.1062
3960000 117.02
3967500 140.378
3975000 -8.44372
3982500 96.0902
3990000 70.4928
3997500 -148.772
4005000 1.24985
4012500 122.271
4020000 108.856
4027500 296.95
4035000 51.433
4042500 59.6669
4050000 -31.6713
4057500 -15.8283
4065000 63.3862
4072500 37.9709
4080000 142.375
4087500 13.0358
4095000 36.5272
4102500 56.0259
4110000 103.712
4117500 164.926
4125000 -16.9995
4132500 109.597
4140000 115.284
4147500 -124.736
4155000 103.311
4162500 73.7575
4170000 -39.2538
4177500 2.03996
4185000 -82.4884
4192500 50.0508
4200000 6.68901
4207500 -38.609
4215000 21.4825
4222500 111.633
4230000 -91.1391
4237500 19.4646
4245000 -47.8126
4252500 67.9727
4260000 37.8323
4267500 94.3151
4275000 121.761
4282500 264.741
4290000 -95.6615
4297500 -90.3829
4305000 -33.6295
4312500 42.7293
4320000 214.857
4327500 9.90701
4335000 -103.899
4342500 -87.8906
4350000 -152.822
4357500 -114.968
4365000 -16.0588
4372500 -113.279
4380000 88.6656
4387500 -162.403
4395000 -177.085
4402500 -116.686
4410000 -110.267
4417500 -33.419
4425000 140.036
4432500 -130.735
4440000 54.5318
4447500 -43.9649
4455000 7.02939
4462500 3.29798
4470000 41.1573
4477500 -61.4972
4485000 18.4881
4492500 90.6503
4500000 149.563
4507500 75.9119
4515000 -115.014
4522500 -2.29746
4530000 -17.7588
4537500 -106.914
4545000 -35.6049
4552500 -65.2236
4560000 85.9584
4567500 121.018
4575000 145.947
4582500 22.0299
4590000 49.5768
4597500 156.381
4605000 -104.228
4612500 113.622
4620000 186.956
4627500 311.371
4635000 302.324
4642500 32.6461
4650000 56.9251
4657500 12.3824
4665000 -59.2308
4672500 87.4962
4680000 7.03633
4687500 70.9286
4695000 -44.6822
4702500 45.3733
4710000 52.3327
4717500 -131.679
4725000 -26.1348
4732500 0.974059
4740000 -65.5099
4747500 179.238
4755000 15.1269
4762500 51.3248
4770000 110.461
4777500 81.125
4785000 196.78
4792500 242.572
4800000 93.8774
4807500 151.897
4815000 136.456
4822500 -42.2248
4830000 256.885
4837500 170.977
4845000 -74.2673
4852500 -235.452
4860000 -116.541
4867500 -41.2654
4875000 -61.3633
4882500 -101.964
4890000 -21.7163
4897500 -159.65
4905000 -14.0291
4912500 11.9367
4920000 20.487
4927500 -30.7785
4935000 39.3535
4942500 -199.86
4950000 -75.8384
4957500 -225.582
4965000 -135.502
4972500 -137.291
4980000 -10.8864
4987500 -41.1076
4995000 35.5198
5002500 284.03
5010000 10.8641
5017500 -100.303
5025000 41.4919
5032500 76.1158
5040000 -163.746
5047500 -71.7775
5055000 -145.77
5062500 58.5144
5070000 49.3587
5077500 -66.7636
5085000 -129.26
5092500 -109.547
5100000 65.0825
5107500 323.544
5115000 68.4299
5122500 -44.1336
5130000 -34.8658
5137500 -21.4998
5145000 -122.753
5152500 -136.273
5160000 7.92773
5167500 220.001
5175000 43.1123
5182500 223.715
5190000 72.395
5197500 113.473
5205000 30.6731
5212500 -139.364
5220000 -71.1645
5227500 -146.91
5235000 -20.8698
5242500 -2.81755
5250000 92.5379
5257500 102.522
5265000 -14.9101
5272500 -123.774
5280000 130.054
5287500 36.8383
5295000 85.3757
5302500 -126.566
5310000 -211.24
5317500 -205.35
5325000 -195.268
5332500 62.8017
5340000 -3.78924
5347500 126.949
5355000 -23.5302
5362500 96.4202
5370000 -96.5491
5377500 -208.427
5385000 106.85
5392500 11.8088
5400000 170.047
5407500 80.0965
5415000 -37.5282
5422500 -42.6023
5430000 -166.392
5437500 -38.6003
5445000 -64.3804
5452500 -38.3594
5460000 -70.6194
5467500 -2.53262
5475000 -29.8658
5482500 -210.225
5490000 -236.516
5497500 -9.30754
5505000 -71.2058
5512500 -147.893
5520000 -103.761
5527500 -64.8941
5535000 -85.037
5542500 -43.9647
5550000 -2.61077
5557500 -44.9785
5565000 -114.24
5572500 201.219
5580000 104.714
5587500 134.544
5595000 92.9091
5602500 66.4957
5610000 151.243
5617500 214.703
5625000 253.507
5632500 142.972
5640000 -58.824
5647500 37.787
5655000 7.65642
5662500 4.54373
5670000 53.175
5677500 118.853
5685000 64.0679
5692500 150.484
5700000 194.644
5707500 181.732
5715000 -59.53
5722500 73.8476
5730000 1.46642
5737500 -21.4066
5745000 244.379
5752500 131.349
5760000 172.55
5767500 184.048
5775000 152.7
5782500 259.741
5790000 -40.7673
5797500 169.343
5805000 129.594
5812500 -8.96555
5820000 103.906
5827500 45.2862
5835000 -0.161068
5842500 76.5937
5850000 -125.524
5857500 211.758
5865000 -32.0007
5872500 94.6202
5880000 118.553
5887500 105.961
5895000 -43.6177
5902500 -18.4186
5910000 19.0849
5917500 16.2036
5925000 72.8349
5932500 -38.8798
5940000 225.594
5947500 -131.436
5955000 31.5936
5962500 -93.153
5970000 124.869
5977500 -51.2773
5985000 -9.69336
5992500 -207.796
6000000 -149.252
6007500 -172.02
6015000 -4.93299
6022500 134.432
6030000 97.153
6037500 26.3495
6045000 -1.62414
6052500 246.316
6060000 86.8097
6067500 225.123
6075000 32.3678
6082500 2.83562
6090000 111.872
6097500 119.74
6105000 193.371
6112500 144.038
6120000 111.212
6127500 222.591
6135000 -33.8639
6142500 281.598
6150000 -250.825
6157500 -67.103
6165000 -77.4234
6172500 -74.5422
6180000 -9.13808
6187500 41.4006
6195000 105.894
6202500 37.5735
6210000 163.276
6217500 168.446
6225000 114.838
6232500 -22.8712
6240000 140.981
6247500 143.759
6255000 74.3319
6262500 33.1352
6270000 117.903
6277500 42.3016
6285000 -98.6731
6292500 -58.7179
6300000 -102.888
6307500 -32.6436
6315000 -289.373
6322500 -94.3743
6330000 -12.7399
6337500 -114.653
6345000 -127.472
6352500 -100.257
6360000 262.73
6367500 97.4369
6375000 93.3062
6382500 46.3031
6390000 149.521
6397500 -133.262
6405000 -193.343
6412500 146.612
6420000 166.254
6427500 304.109
6435000 329.92
6442500 278.877
6450000 28.1385
6457500 -20.2912
6465000 102.999
6472500 81.0145
6480000 127.525
6487500 159.745
6495000 69.6005
6502500 40.4848
6510000 242.751
6517500 129.654
6525000 203.956
6532500 214.506
6540000 159.42
6547500 143.888
6555000 91.2665
6562500 152.724
6570000 168.73
6577500 173.941
6585000 112.212
6592500 80.0989
6600000 140.124
6607500 71.3886
6615000 31.3494
6622500 66.5994
6630000 237.811
6637500 144.602
6645000 85.1396
6652500 149.919
6660000 238.159
6667500 34.0402
6675000 52.6038
6682500 -69.3014
6690000 44.7772
6697500 -90.3705
6705000 -9.39794
6712500 181.147
6720000 -30.3777
6727500 -6.68127
6735000 -40.7181
6742500 -75.0637
6750000 -72.7268
6757500 -71.421
6765000 79.6034
6772500 104.572
6780000 263.568
6787500 214.296
6795000 295.672
6802500 441.089
6810000 220.738
6817500 158.281
6825000 63.6558
6832500 -18.2882
6840000 -25.3701
6847500 40.9238
6855000 298.832
6862500 357.487
6870000 405.413
6877500 266.612
6885000 373.905
6892500 98.147
6900000 -58.1439
6907500 6.63894
6915000 -34.1829
6922500 76.5425
6930000 22.115
6937500 230.491
6945000 36.5072
6952500 152.832
6960000 153.923
6967500 181.004
6975000 1.55475
6982500 168.573
6990000 34.5593
6997500 15.3821
7005000 270.13
7012500 225.187
7020000 122.575
7027500 50.4975
7035000 -57.2414
7042500 -81.1467
7050000 65.9913
7057500 -1.29685
7065000 -265.782
7072500 -49.3319
7080000 117.226
7087500 149.93
7095000 -121.298
7102500 -58.9468
7110000 -15.9251
7117500 141.299
7125000 -87.4853
7132500 -236.472
7140000 -78.464
7147500 -194.233
7155000 17.9702
7162500 -122.336
7170000 -23.9786
7177500 37.5193
7185000 -140.056
7192500 -96.772
7200000 91.759
7207500 -65.0629
7215000 -7.47236
7222500 84.9543
7230000 -127.589
7237500 39.7192
7245000 -29.1717
7252500 -145.137
7260000 -126.938
7267500 -167.691
7275000 -121.378
7282500 16.238
7290000 -93.8611
7297500 -64.9931
7305000 -50.5465
7312500 108.558
7320000 -134.75
7327500 4.70972
7335000 121.667
7342500 20.0061
7350000 151.892
7357500 -4.65431
7365000 292.37
7372500 137.585
7380000 129.706
7387500 95.1134
7395000 155.406
7402500 85.5421
7410000 51.7607
7417500 -95.5878
7425000 5.32679
7432500 6.38317
7440000 8.6486
7447500 127.345
7455000 159.941
7462500 193.756
7470000 274.926
7477500 58.054
7485000 287.554
7492500 142.585
7500000 220.295
7507500 238.783
7515000 31.3491
7522500 93.5794
7530000 199.068
7537500 -112.535
7545000 15.5222
7552500 29.1269
7560000 -24.8294
7567500 -13.2996
7575000 51.95
7582500 12.8426
7590000 -125.715
7597500 2.20923
7605000 37.6576
7612500 104.295
7620000 33.2067
7627500 84.2581
7635000 31.3827
7642500 20.093
7650000 112.598
7657500 49.7452
7665000 -43.6547
7672500 2.90834
7680000 -145.305
7687500 -66.4537
7695000 54.5473
7702500 -45.2511
7710000 6.9274
7717500 -137.667
7725000 -96.3294
7732500 47.2137
7740000 107.84
7747500 148.338
7755000 -48.4472
7762500 59.9089
7770000 64.6755
7777500 96.1825
7785000 -41.1454
7792500 126.434
7800000 130.736
7807500 -27.8518
7815000 -42.0248
7822500 5.08643
7830000 143.999
7837500 74.7205
7845000 20.8379
7852500 215.968
7860000 -95.8582
7867500 -74.6938
7875000 -9.65577
7882500 -61.5707
7890000 75.7404
7897500 -5.97465
7905000 72.2696
7912500 -5.45676
7920000 -5.58012
7927500 -36.9792
7935000 -100.253
7942500 -143.873
7950000 -99.6859
7957500 62.9269
7965000 37.8672
7972500 83.3596
7980000 -1.12606
7987500 36.1603
7995000 51.9476
8002500 55.5077
8010000 -114.951
8017500 176.654
8025000 220.748
8032500 45.978
8040000 92.5687
8047500 58.3612
8055000 25.1383
8062500 -155.57
8070000 77.9237
8077500 128.317
8085000 83.4839
8092500 -199.966
8100000 -17.3778
8107500 -41.4703
8115000 -177.544
8122500 88.6134
8130000 56.9227
8137500 58.9149
8145000 -9.8044
8152500 -92.5429
8160000 -156.009
8167500 -26.1001
8175000 -119.896
8182500 -146.695
8190000 -72.588
8197500 179.58
8205000 134.62
8212500 73.6211
8220000 180.572
8227500 316.395
8235000 176.354
8242500 324.123
8250000 114.634
8257500 -11.9566
8265000 10.423
8272500 194.231
8280000 -42.9558
8287500 -60.69
8295000 -104.254
8302500 -80.9901
8310000 92.9857
8317500 -142.147
8325000 118.07
8332500 170.438
8340000 157.475
8347500 178.948
8355000 76.9844
8362500 13.5297
8370000 -55.3691
8377500 -1.85434
8385000 -4.73508
8392500 108.113
8400000 244.001
8407500 213.646
8415000 239.669
8422500 162.733
8430000 151.157
8437500 101.072
8445000 -4.6165
8452500 17.9214
8460000 121.504
8467500 89.1444
8475000 99.544
8482500 39.4556
8490000 333.879
8497500 143.619
8505000 70.5603
