1005000 698.263
1012500 552.539
1020000 574.828
1027500 440.027
1035000 413.306
1042500 465.654
1050000 375.653
1057500 385.481
1065000 448.439
1072500 433.801
1080000 591.785
1087500 533.855
1095000 375.747
1102500 442.893
1110000 523.555
1117500 387.866
1125000 518.596
1132500 509.638
1140000 560.491
1147500 435.677
1155000 451.027
1162500 372.031
1170000 546.404
1177500 504.296
1185000 557.665
1192500 654.309
1200000 509.83
1207500 552.435
1215000 546.76
1222500 528.83
1230000 484.765
1237500 394.888
1245000 486.236
1252500 573.859
1260000 436.022
1267500 654.911
1275000 599.854
1282500 732.836
1290000 530.247
1297500 579.175
1305000 615.609
1312500 514.839
1320000 591.526
1327500 707.051
1335000 499.503
1342500 615.168
1350000 565.364
1357500 553.961
1365000 518.329
1372500 640.286
1380000 586.858
1387500 474.59
1395000 520.001
1402500 476.93
1410000 582.646
1417500 799.902
1425000 623.588
1432500 520.583
1440000 547.762
1447500 730.176
1455000 738.594
1462500 719.641
1470000 555.755
1477500 733.767
1485000 673.769
1492500 594.904
1500000 653.553
1507500 579.994
1515000 648.896
1522500 696.64
1530000 593.466
1537500 637.458
1545000 678.02
1552500 585.398
1560000 672.65
1567500 661.839
1575000 571.743
1582500 568.727
1590000 732.035
1597500 600.902
1605000 645.229
1612500 679.043
1620000 587.899
1627500 632.921
1635000 708.844
1642500 711.417
1650000 866.548
1657500 854.13
1665000 824.009
1672500 774.772
1680000 742.271
1687500 707.996
1695000 527.453
1702500 637.937
1710000 681.207
1717500 781.044
1725000 685.822
1732500 766.316
1740000 754.58
1747500 817.159
1755000 780.481
1762500 741.413
1770000 541.482
1777500 794.275
1785000 731.567
1792500 756.248
1800000 666.465
1807500 687.281
1815000 662.617
1822500 739.698
1830000 715.109
1837500 703.328
1845000 897.983
1852500 813.61
1860000 868.156
1867500 741.527
1875000 693.801
1882500 747.437
1890000 712.105
1897500 687.774
1905000 635.138
1912500 867.787
1920000 674.644
1927500 564.351
1935000 784.337
1942500 658.875
1950000 739.563
1957500 604.318
1965000 605.153
1972500 433.517
1980000 680.822
1987500 621.46
1995000 696.404
2002500 528.679
2010000 653.467
2017500 538.846
2025000 627.859
2032500 524.523
2040000 642.553
2047500 533.42
2055000 563.906
2062500 489.169
2070000 483.206
2077500 431.725
2085000 542.251
2092500 560.357
2100000 616.954
2107500 636.301
2115000 661.395
2122500 691.239
2130000 594.202
2137500 657.624
2145000 485.269
2152500 649.499
2160000 523.124
2167500 615.45
2175000 580.119
2182500 524.959
2190000 559.237
2197500 483.008
2205000 757.652
2212500 623.792
2220000 755.165
2227500 619.098
2235000 601.898
2242500 577.351
2250000 565.919
2257500 667.463
2265000 609.676
2272500 560.274
2280000 535.913
2287500 595.789
2295000 439.645
2302500 355.304
2310000 377.458
2317500 614.699
2325000 506.986
2332500 485.897
2340000 564.295
2347500 390.086
2355000 380.194
2362500 520.673
2370000 335.248
2377500 370.739
2385000 397.763
2392500 356.835
2400000 411.576
2407500 326.15
2415000 524.938
2422500 511.568
2430000 639.561
2437500 591.538
2445000 602.104
2452500 693.194
2460000 530.083
2467500 541.857
2475000 633.073
2482500 376.079
2490000 526.601
2497500 501.196
2505000 613.105
2512500 620.422
2520000 411.784
2527500 477.798
2535000 450.599
2542500 503.927
2550000 595.185
2557500 553.765
2565000 416.704
2572500 550.882
2580000 487.61
2587500 536.383
2595000 567.426
2602500 514.515
2610000 468.873
2617500 463.702
2625000 522.023
2632500 434.719
2640000 441.57
2647500 404.76
2655000 377.106
2662500 392.142
2670000 370.607
2677500 417.061
2685000 397.272
2692500 351.119
2700000 92.0195
2707500 214.402
2715000 239.998
2722500 189.912
2730000 344.469
2737500 253.84
2745000 339.931
2752500 377.467
2760000 378.983
2767500 416.601
2775000 323.231
2782500 414.131
2790000 408.684
2797500 335.56
2805000 496.983
2812500 367.094
2820000 257.728
2827500 127.662
2835000 434.719
2842500 353.053
2850000 380.183
2857500 361.559
2865000 376.47
2872500 365.509
2880000 535.64
2887500 576.975
2895000 331.833
2902500 358.18
2910000 331.241
2917500 310.838
2925000 291.378
2932500 235.538
2940000 208.165
2947500 143.366
2955000 -54.0873
2962500 -13.5407
2970000 109.876
2977500 318.26
2985000 79.6805
2992500 333.171
3000000 400.404
3007500 145.926
3015000 149.209
3022500 143.785
3030000 156.172
3037500 158.3
3045000 269.621
3052500 196.7
3060000 211.145
3067500 246.251
3075000 305.766
3082500 165.171
3090000 210.564
3097500 237.908
3105000 221.699
3112500 191.568
3120000 252.745
3127500 310.018
3135000 361.869
3142500 280.416
3150000 248.701
3157500 272.268
3165000 340.781
3172500 332.177
3180000 236.216
3187500 319.131
3195000 359.159
3202500 317.802
3210000 495.184
3217500 461.804
3225000 390.938
3232500 312.025
3240000 412.814
3247500 346.771
3255000 434.204
3262500 318.42
3270000 419.442
3277500 347.233
3285000 362.496
3292500 286.512
3300000 289.819
3307500 296.385
3315000 317.857
3322500 351.673
3330000 391.351
3337500 542.703
3345000 351.886
3352500 339.761
3360000 389.989
3367500 405.352
3375000 323.21
3382500 375.881
3390000 141.358
3397500 170.429
3405000 369.118
3412500 343.833
3420000 92.3459
3427500 192.808
3435000 254.598
3442500 208.172
3450000 300.128
3457500 410.387
3465000 417.818
3472500 445.776
3480000 398.101
3487500 470.355
3495000 385.857
3502500 308.531
3510000 419.732
3517500 397.322
3525000 273.794
3532500 291.828
3540000 139.459
3547500 317.222
3555000 283.085
3562500 242.524
3570000 286.064
3577500 68.7793
3585000 242.982
3592500 197.61
3600000 158.285
3607500 431.235
3615000 410.109
3622500 428.365
3630000 247.954
3637500 298.03
3645000 500.122
3652500 250.488
3660000 130.697
3667500 197.731
3675000 246.789
3682500 272.159
3690000 214.074
3697500 321.762
3705000 153.591
3712500 383.316
3720000 51.4894
3727500 276.042
3735000 389.762
3742500 324.767
3750000 320.086
3757500 207.565
3765000 235.134
3772500 163.168
3780000 395.926
3787500 317.301
3795000 260.581
3802500 267.475
3810000 232.96
3817500 109.833
3825000 115.357
3832500 86.0689
3840000 391.506
3847500 183.256
3855000 181.721
3862500 15.0663
3870000 111.932
3877500 131.298
3885000 72.5932
3892500 316.974
3900000 150.393
3907500 402.44
3915000 239.88
3922500 108.735
3930000 318.501
3937500 180.085
3945000 290.85
3952500 177.484
3960000 264.976
3967500 223.253
3975000 367.432
3982500 321.092
3990000 87.9662
3997500 103.919
4005000 324.543
4012500 161.368
4020000 364.138
4027500 339.28
4035000 380.808
4042500 222.982
4050000 214.95
4057500 198.732
4065000 266.212
4072500 168.366
4080000 160.892
4087500 115.195
4095000 186.712
4102500 34.7506
4110000 185.419
4117500 71.631
4125000 64.6714
4132500 80.5692
4140000 -12.9471
4147500 -136.782
4155000 309.655
4162500 -24.8762
4170000 219.785
4177500 16.703
4185000 105.276
4192500 145.134
4200000 107.687
4207500 85.2001
4215000 54.727
4222500 24.6342
4230000 -287.587
4237500 -57.5285
4245000 -16.295
4252500 118.543
4260000 -37.0657
4267500 15.2728
4275000 -32.1421
4282500 -194.902
4290000 51.0492
4297500 -206.575
4305000 -201.917
4312500 173.64
4320000 74.4765
4327500 194.836
4335000 186.827
4342500 119.771
4350000 -88.2382
4357500 -164.356
4365000 -30.7042
4372500 175.869
4380000 48.3936
4387500 27.4296
4395000 120.186
4402500 -105.397
4410000 109.234
4417500 141.25
4425000 33.7496
4432500 96.3803
4440000 -33.7629
4447500 -210.249
4455000 -29.8075
4462500 -161.496
4470000 -158.383
4477500 -138.959
4485000 -303.029
4492500 -13.7777
4500000 -16.3935
4507500 -71.3731
4515000 -170.894
4522500 -133.402
4530000 135.028
4537500 91.233
4545000 -81.3997
4552500 -14.2291
4560000 -222.036
4567500 -182.804
4575000 -448.121
4582500 -285.599
4590000 -106.24
4597500 -150.144
4605000 126.304
4612500 40.9456
4620000 121.088
4627500 199.412
4635000 37.2489
4642500 212.34
4650000 -20.0342
4657500 -191.825
4665000 15.6671
4672500 -184.221
4680000 15.0868
4687500 167.94
4695000 -181.832
4702500 67.7469
4710000 181.1
4717500 84.0034
4725000 183.375
4732500 105.243
4740000 28.0331
4747500 39.1462
4755000 25.4781
4762500 2.69676
4770000 -98.6325
4777500 -26.8809
4785000 58.5713
4792500 21.7279
4800000 122.677
4807500 242.06
4815000 -29.5891
4822500 143.142
4830000 169.182
4837500 49.0724
4845000 125.109
4852500 212.179
4860000 153.381
4867500 -10.1173
4875000 24.797
4882500 -7.61234
4890000 52.5711
4897500 92.6882
4905000 155.289
4912500 199.225
4920000 67.3679
4927500 -97.2391
4935000 -91.8964
4942500 46.0832
4950000 85.8625
4957500 54.062
4965000 44.3754
4972500 137.111
4980000 92.3937
4987500 -29.2053
4995000 -123.972
5002500 22.7955
5010000 99.8394
5017500 124.241
5025000 93.6103
5032500 112.308
5040000 28.3963
5047500 -39.052
5055000 10.5149
5062500 10.8579
5070000 48.0109
5077500 -47.5356
5085000 227.087
5092500 136.025
5100000 68.1173
5107500 -41.1532
5115000 -33.2159
5122500 32.9384
5130000 -63.9978
5137500 -63.6968
5145000 22.655
5152500 -36.4972
5160000 230.153
5167500 83.8999
5175000 178.856
5182500 276.428
5190000 26.2614
5197500 64.056
5205000 59.1554
5212500 37.4757
5220000 57.9021
5227500 120.412
5235000 199.877
5242500 272.174
5250000 238.252
5257500 239.082
5265000 248.719
5272500 294.563
5280000 170.207
5287500 84.7809
5295000 -23.186
5302500 -5.06384
5310000 304.632
5317500 40.8946
5325000 136.616
5332500 296.657
5340000 -62.1931
5347500 -50.4501
5355000 -14.354
5362500 -71.789
5370000 132.415
5377500 128.292
5385000 44.8681
5392500 -116.577
5400000 -69.2022
5407500 -89.6744
5415000 -1.87805
5422500 57.7458
5430000 95.4575
5437500 -31.6953
5445000 98.8594
5452500 6.80134
5460000 201.952
5467500 309.43
5475000 54.3088
5482500 -111.719
5490000 -143.186
5497500 -329.489
5505000 -182.175
5512500 -84.8916
5520000 -10.1378
5527500 99.4236
5535000 43.2662
5542500 10.8055
5550000 42.2382
5557500 -47.6041
5565000 -102.77
5572500 171.83
5580000 -8.06995
5587500 30.0318
5595000 -87.7482
5602500 59.4065
5610000 -0.233444
5617500 -111.743
5625000 -24.1821
5632500 83.8499
5640000 -112.721
5647500 -29.1983
5655000 -214.567
5662500 -55.3485
5670000 7.47961
5677500 -195.811
5685000 -163.793
5692500 4.86824
5700000 62.3565
5707500 177.596
5715000 24.9024
5722500 91.0475
5730000 -40.5514
5737500 -117.892
5745000 -26.8974
5752500 9.02777
5760000 94.928
5767500 77.8973
5775000 47.317
5782500 -11.745
5790000 105.955
5797500 -47.856
5805000 -15.9399
5812500 18.1418
5820000 25.5628
5827500 200.679
5835000 171.872
5842500 136.104
5850000 244.883
5857500 136.04
5865000 46.2805
5872500 172.702
5880000 17.7665
5887500 133.197
5895000 143.306
5902500 63.3065
5910000 -49.9046
5917500 -107.629
5925000 8.70903
5932500 184.634
5940000 244.044
5947500 94.2251
5955000 -26.1723
5962500 59.8347
5970000 13.6793
5977500 244.639
5985000 42.0994
5992500 30.6579
6000000 70.1826
6007500 120.99
6015000 271.195
6022500 217.019
6030000 -8.16853
6037500 250.974
6045000 90.8892
6052500 -18.898
6060000 268.129
6067500 176.933
6075000 167.806
6082500 102.291
6090000 88.5732
6097500 59.5917
6105000 -81.7051
6112500 121.266
6120000 275.805
6127500 20.2634
6135000 108.23
6142500 237.739
6150000 125.579
6157500 192.083
6165000 159.491
6172500 114.21
6180000 70.229
6187500 -9.70277
6195000 5.2666
6202500 -76.4122
6210000 -88.6429
6217500 -137.399
6225000 -159.974
6232500 -39.6124
6240000 -6.11324
6247500 178.112
6255000 95.5539
6262500 -27.2181
6270000 13.6363
6277500 -208.726
6285000 -324.689
6292500 15.1259
6300000 -30.7524
6307500 54.914
6315000 151.452
6322500 187.754
6330000 181.858
6337500 173.811
6345000 45.9087
6352500 252.863
6360000 158.917
6367500 97.4577
6375000 190.588
6382500 194.861
6390000 227.0
6397500 63.0959
6405000 103.203
6412500 64.9489
6420000 122.025
6427500 34.7998
6435000 96.3248
6442500 -50.8954
6450000 157.032
6457500 68.559
6465000 77.7316
6472500 162.743
6480000 57.1981
6487500 79.6966
6495000 90.9339
6502500 167.944
6510000 -117.915
6517500 -170.743
6525000 -205.987
6532500 -242.836
6540000 10.6437
6547500 -135.695
6555000 -137.324
6562500 -29.2708
6570000 -102.53
6577500 101.881
6585000 158.097
6592500 227.161
6600000 109.085
6607500 -59.013
6615000 11.0078
6622500 -6.51859
6630000 -173.138
6637500 -49.8449
6645000 34.0383
6652500 218.887
6660000 -59.5045
6667500 177.349
6675000 -57.737
6682500 -19.5203
6690000 -14.9231
6697500 20.0283
6705000 -174.188
6712500 3.12295
6720000 -90.5185
6727500 117.789
6735000 2.7006
6742500 3.52341
6750000 -4.02218
6757500 -55.5529
6765000 47.3856
6772500 12.4248
6780000 178.675
6787500 219.449
6795000 126.776
6802500 213.42
6810000 190.683
6817500 -6.43003
6825000 -45.975
6832500 119.673
6840000 25.4813
6847500 101.806
6855000 -109.191
6862500 19.9489
6870000 220.657
6877500 61.1626
6885000 28.7841
6892500 124.946
6900000 -16.3177
6907500 23.9732
6915000 14.4664
6922500 -71.2477
6930000 -66.0788
6937500 36.3938
6945000 80.4388
6952500 44.6628
6960000 27.5835
6967500 79.1855
6975000 -107.647
6982500 -203.7
6990000 -231.318
6997500 -3.44199
7005000 -56.9537
7012500 -142.649
7020000 -88.4672
7027500 -21.0928
7035000 -119.326
7042500 -234.813
7050000 -124.888
7057500 -151.358
7065000 -137.897
7072500 3.33941
7080000 -45.3197
7087500 -115.428
7095000 -4.06229
7102500 -106.073
7110000 -115.118
7117500 -182.74
7125000 -216.284
7132500 -188.209
7140000 -65.2829
7147500 -5.55014
7155000 126.058
7162500 158.78
7170000 20.5997
7177500 -84.6396
7185000 -116.189
7192500 -51.3852
7200000 -103.288
7207500 -114.903
7215000 -255.394
7222500 -108.042
7230000 -45.4806
7237500 20.3806
7245000 -71.0795
7252500 -106.03
7260000 83.5916
7267500 109.941
7275000 -54.9851
7282500 68.0237
7290000 -60.0633
7297500 30.3575
7305000 24.794
7312500 4.05953
7320000 202.947
7327500 9.33935
7335000 -105.17
7342500 -24.2001
7350000 135.437
7357500 50.4644
7365000 156.935
7372500 34.1863
7380000 -53.2463
7387500 11.3499
7395000 3.05113
7402500 -33.8472
7410000 -0.793372
7417500 24.4045
7425000 99.1064
7432500 129.872
7440000 -95.4527
7447500 -54.9568
7455000 34.6347
7462500 -16.653
7470000 116.473
7477500 -35.3254
7485000 249.884
7492500 -33.7303
7500000 185.593
7507500 -24.0654
7515000 -91.2007
7522500 5.07531
7530000 117.172
7537500 199.862
7545000 236.291
7552500 213.108
7560000 25.5823
7567500 30.7843
7575000 23.6296
7582500 -94.6468
7590000 -238.783
7597500 -28.8762
7605000 140.941
7612500 -81.7908
7620000 -124.471
7627500 -15.9011
7635000 -123.635
7642500 -249.447
7650000 -380.068
7657500 -297.133
7665000 -134.85
7672500 -40.8717
7680000 84.5073
7687500 -96.9459
7695000 -134.459
7702500 -17.4738
7710000 -166.09
7717500 -197.745
7725000 -187.663
7732500 -177.96
7740000 -153.472
7747500 -45.7836
7755000 64.1707
7762500 95.3141
7770000 -38.9216
7777500 -22.3675
7785000 -98.2022
7792500 -76.0593
7800000 54.9787
7807500 132.776
7815000 106.384
7822500 207.295
7830000 58.4207
7837500 120.833
7845000 210.355
7852500 113.615
7860000 126.064
7867500 -85.543
7875000 4.05248
7882500 -189.87
7890000 -78.4573
7897500 -62.1088
7905000 -90.8381
7912500 -128.32
7920000 -24.4303
7927500 -19.0359
7935000 28.8135
7942500 262.925
7950000 217.46
7957500 328.339
7965000 112.341
7972500 144.32
7980000 167.277
7987500 91.4566
7995000 249.603
8002500 151.761
8010000 -97.0923
8017500 -143.768
8025000 -263.37
8032500 60.1687
8040000 -41.2431
8047500 -80.2478
8055000 -134.666
8062500 -84.4226
8070000 -201.175
8077500 -294.326
8085000 -57.3783
8092500 -54.9798
8100000 -208.483
8107500 -153.288
8115000 -181.712
8122500 -80.6313
8130000 -269.088
8137500 -244.789
8145000 -212.503
8152500 12.6526
8160000 70.4944
8167500 -98.1882
8175000 -3.50932
8182500 161.916
8190000 -181.965
8197500 -218.775
8205000 -27.6601
8212500 -27.7822
8220000 53.1076
8227500 -240.475
8235000 -193.494
8242500 38.9912
8250000 -172.089
8257500 42.201
8265000 128.566
8272500 -87.511
8280000 -104.528
8287500 -219.312
8295000 -208.37
8302500 -13.6997
8310000 -264.357
8317500 9.03508
8325000 -125.042
8332500 -159.93
8340000 189.477
8347500 119.887
8355000 11.3436
8362500 225.795
8370000 256.694
8377500 45.2727
8385000 3.02973
8392500 2.01007
8400000 156.963
8407500 89.0426
8415000 105.49
8422500 -45.3697
8430000 -2.87777
8437500 -67.5424
8445000 47.339
8452500 12.1957
8460000 -129.405
8467500 -122.446
8475000 -232.57
8482500 -102.991
8490000 -49.0678
8497500 -152.057
8505000 65.1363
