1005000 698.264
1012500 476.692
1020000 427.676
1027500 335.245
1035000 555.965
1042500 417.28
1050000 338.119
1057500 531.241
1065000 464.79
1072500 503.295
1080000 520.009
1087500 412.698
1095000 611.577
1102500 446.375
1110000 443.447
1117500 409.702
1125000 383.992
1132500 532.616
1140000 527.572
1147500 509.244
1155000 540.779
1162500 521.97
1170000 649.241
1177500 524.739
1185000 587.878
1192500 449.523
1200000 493.778
1207500 574.075
1215000 461.151
1222500 459.402
1230000 589.117
1237500 536.499
1245000 544.472
1252500 577.473
1260000 448.254
1267500 462.849
1275000 493.22
1282500 605.507
1290000 488.223
1297500 686.9
1305000 649.906
1312500 644.585
1320000 675.237
1327500 616.474
1335000 620.407
1342500 698.169
1350000 700.973
1357500 761.622
1365000 665.716
1372500 628.577
1380000 579.506
1387500 610.901
1395000 607.031
1402500 563.617
1410000 624.316
1417500 614.861
1425000 607.956
1432500 579.964
1440000 675.19
1447500 550.329
1455000 626.131
1462500 433.422
1470000 573.271
1477500 515.281
1485000 604.406
1492500 613.839
1500000 568.906
1507500 572.18
1515000 716.397
1522500 604.116
1530000 620.475
1537500 520.89
1545000 565.016
1552500 692.352
1560000 770.719
1567500 694.185
1575000 640.306
1582500 452.558
1590000 573.253
1597500 486.248
1605000 604.301
1612500 450.364
1620000 568.87
1627500 548.736
1635000 657.911
1642500 657.345
1650000 538.084
1657500 545.802
1665000 496.452
1672500 500.504
1680000 524.899
1687500 528.566
1695000 589.254
1702500 603.858
1710000 638.715
1717500 534.563
1725000 601.733
1732500 543.537
1740000 481.637
1747500 523.11
1755000 634.378
1762500 480.814
1770000 505.991
1777500 491.808
1785000 549.851
1792500 534.641
1800000 513.32
1807500 491.303
1815000 563.087
1822500 592.795
1830000 677.596
1837500 624.758
1845000 556.491
1852500 601.486
1860000 485.826
1867500 641.922
1875000 578.625
1882500 670.516
1890000 581.363
1897500 634.571
1905000 517.686
1912500 537.919
1920000 605.687
1927500 572.809
1935000 534.425
1942500 758.804
1950000 617.503
1957500 579.623
1965000 532.276
1972500 566.299
1980000 592.325
1987500 590.071
1995000 463.985
2002500 495.738
2010000 610.724
2017500 600.977
2025000 602.055
2032500 584.943
2040000 636.909
2047500 654.333
2055000 599.579
2062500 576.855
2070000 522.918
2077500 717.099
2085000 531.893
2092500 687.898
2100000 566.155
2107500 740.105
2115000 656.207
2122500 654.604
2130000 628.966
2137500 723.972
2145000 722.05
2152500 605.422
2160000 726.213
2167500 651.359
2175000 766.531
2182500 698.977
2190000 591.14
2197500 578.699
2205000 762.688
2212500 675.91
2220000 817.321
2227500 596.696
2235000 708.276
2242500 688.62
2250000 715.806
2257500 777.2
2265000 642.424
2272500 477.128
2280000 757.572
2287500 743.081
2295000 569.335
2302500 672.982
2310000 661.444
2317500 729.928
2325000 631.064
2332500 561.356
2340000 673.643
2347500 770.933
2355000 650.143
2362500 628.564
2370000 681.258
2377500 664.519
2385000 695.57
2392500 792.096
2400000 755.186
2407500 649.269
2415000 754.044
2422500 696.268
2430000 711.19
2437500 724.114
2445000 645.016
2452500 624.764
2460000 790.291
2467500 769.203
2475000 757.631
2482500 775.436
2490000 748.622
2497500 769.861
2505000 914.695
2512500 940.879
2520000 868.995
2527500 930.505
2535000 870.002
2542500 810.404
2550000 838.791
2557500 810.546
2565000 725.813
2572500 820.665
2580000 796.275
2587500 941.832
2595000 828.371
2602500 794.947
2610000 940.468
2617500 762.154
2625000 800.446
2632500 715.779
2640000 744.413
2647500 783.105
2655000 680.867
2662500 636.732
2670000 674.061
2677500 793.636
2685000 790.045
2692500 758.639
2700000 611.409
2707500 694.856
2715000 806.811
2722500 921.503
2730000 878.159
2737500 924.994
2745000 869.775
2752500 731.164
2760000 628.795
2767500 633.524
2775000 653.012
2782500 570.372
2790000 560.902
2797500 788.429
2805000 811.216
2812500 726.133
2820000 649.513
2827500 704.197
2835000 641.204
2842500 732.281
2850000 748.219
2857500 874.366
2865000 1007.7
2872500 787.602
2880000 599.839
2887500 706.423
2895000 918.446
2902500 646.307
2910000 712.319
2917500 800.121
2925000 683.663
2932500 736.345
2940000 707.575
2947500 651.409
2955000 616.119
2962500 698.196
2970000 626.574
2977500 640.02
2985000 574.425
2992500 776.204
3000000 805.584
3007500 768.313
3015000 539.212
3022500 631.442
3030000 610.774
3037500 618.016
3045000 569.293
3052500 485.708
3060000 562.056
3067500 619.263
3075000 671.414
3082500 643.494
3090000 608.602
3097500 494.63
3105000 669.299
3112500 675.209
3120000 559.564
3127500 715.839
3135000 726.912
3142500 675.572
3150000 736.263
3157500 665.138
3165000 552.901
3172500 656.043
3180000 803.167
3187500 623.607
3195000 612.105
3202500 685.725
3210000 626.284
3217500 694.28
3225000 779.258
3232500 780.853
3240000 564.37
3247500 506.875
3255000 830.535
3262500 530.557
3270000 530.717
3277500 735.431
3285000 789.09
3292500 674.063
3300000 783.836
3307500 657.332
3315000 633.211
3322500 793.159
3330000 710.437
3337500 589.339
3345000 514.984
3352500 826.887
3360000 701.661
3367500 717.905
3375000 577.012
3382500 504.44
3390000 469.793
3397500 648.013
3405000 773.994
3412500 740.859
3420000 575.113
3427500 512.147
3435000 512.991
3442500 619.607
3450000 553.047
3457500 740.438
3465000 534.837
3472500 651.172
3480000 535.337
3487500 670.129
3495000 615.803
3502500 454.574
3510000 641.334
3517500 596.759
3525000 677.763
3532500 500.639
3540000 470.625
3547500 423.762
3555000 265.368
3562500 502.981
3570000 555.589
3577500 581.27
3585000 539.954
3592500 422.062
3600000 509.328
3607500 429.675
3615000 380.193
3622500 287.193
3630000 396.674
3637500 312.156
3645000 268.801
3652500 322.405
3660000 238.06
3667500 372.11
3675000 323.552
3682500 321.734
3690000 298.21
3697500 450.498
3705000 392.219
3712500 508.812
3720000 450.575
3727500 392.408
3735000 359.38
3742500 323.956
3750000 361.856
3757500 293.621
3765000 195.561
3772500 228.02
3780000 248.18
3787500 215.69
3795000 285.417
3802500 226.159
3810000 332.073
3817500 317.507
3825000 333.181
3832500 451.679
3840000 331.684
3847500 362.259
3855000 506.003
3862500 426.683
3870000 181.053
3877500 323.521
3885000 455.483
3892500 343.098
3900000 374.291
3907500 252.443
3915000 318.381
3922500 443.013
3930000 463.885
3937500 561.136
3945000 392.626
3952500 240.341
3960000 277.003
3967500 232.761
3975000 258.566
3982500 63.5991
3990000 182.29
3997500 311.421
4005000 278.45
4012500 350.117
4020000 343.33
4027500 196.329
4035000 186.666
4042500 345.496
4050000 410.064
4057500 347.133
4065000 255.137
4072500 267.702
4080000 162.104
4087500 4.80321
4095000 73.9873
4102500 101.1
4110000 229.261
4117500 168.395
4125000 222.349
4132500 386.797
4140000 536.727
4147500 324.045
4155000 407.625
4162500 341.178
4170000 221.759
4177500 206.517
4185000 21.3699
4192500 70.1584
4200000 -148.147
4207500 61.433
4215000 52.5331
4222500 -96.0715
4230000 147.202
4237500 278.92
4245000 80.3492
4252500 -8.68504
4260000 41.3783
4267500 92.1553
4275000 178.998
4282500 -207.011
4290000 -164.629
4297500 74.3151
4305000 55.0756
4312500 372.929
4320000 250.294
4327500 10.4435
4335000 -21.1525
4342500 64.9173
4350000 127.778
4357500 -76.685
4365000 -5.86969
4372500 77.7687
4380000 153.825
4387500 286.054
4395000 -78.1105
4402500 129.426
4410000 -12.455
4417500 193.583
4425000 -53.765
4432500 71.4519
4440000 57.6452
4447500 96.6063
4455000 158.689
4462500 42.6807
4470000 189.071
4477500 64.0388
4485000 -66.886
4492500 -38.7197
4500000 90.5751
4507500 121.677
4515000 238.227
4522500 112.609
4530000 6.14007
4537500 154.928
4545000 186.397
4552500 146.624
4560000 -41.0681
4567500 141.77
4575000 219.476
4582500 94.5853
4590000 -84.4349
4597500 1.5416
4605000 121.446
4612500 140.91
4620000 119.651
4627500 80.7201
4635000 111.217
4642500 16.0402
4650000 3.41401
4657500 121.858
4665000 31.2549
4672500 -19.6463
4680000 155.21
4687500 289.764
4695000 58.2741
4702500 -44.0675
4710000 45.3889
4717500 -113.254
4725000 5.01399
4732500 -4.20386
4740000 52.1754
4747500 59.4014
4755000 123.363
4762500 110.869
4770000 48.9359
4777500 -51.4115
4785000 13.7425
4792500 229.499
4800000 -79.3611
4807500 47.0713
4815000 -156.161
4822500 -120.787
4830000 -45.879
4837500 137.134
4845000 103.324
4852500 235.057
4860000 163.106
4867500 122.989
4875000 354.308
4882500 130.5
4890000 113.42
4897500 41.8372
4905000 55.6766
4912500 -83.993
4920000 -71.5788
4927500 26.7442
4935000 45.5792
4942500 13.1304
4950000 -68.1675
4957500 -87.5132
4965000 83.3522
4972500 112.728
4980000 43.5059
4987500 115.988
4995000 10.1213
5002500 310.978
5010000 80.5461
5017500 96.3135
5025000 -14.901
5032500 -132.681
5040000 -42.1174
5047500 63.6995
5055000 173.23
5062500 -83.9009
5070000 -65.4951
5077500 51.867
5085000 254.705
5092500 19.3272
5100000 46.092
5107500 -47.6795
5115000 -123.656
5122500 -175.414
5130000 -73.4573
5137500 42.8759
5145000 35.4425
5152500 123.662
5160000 4.88068
5167500 35.4487
5175000 67.9116
5182500 -31.2551
5190000 -54.6365
5197500 -17.7365
5205000 135.92
5212500 33.0397
5220000 395.719
5227500 290.849
5235000 82.9958
5242500 291.273
5250000 -123.351
5257500 146.168
5265000 248.496
5272500 -105.261
5280000 -149.475
5287500 -99.8983
5295000 -98.6447
5302500 60.8155
5310000 -6.96942
5317500 -43.0482
5325000 -164.74
5332500 -148.076
5340000 97.0989
5347500 261.241
5355000 -40.0605
5362500 -80.5984
5370000 51.5379
5377500 -167.66
5385000 36.505
5392500 -188.116
5400000 -80.0932
5407500 34.8626
5415000 188.86
5422500 145.238
5430000 96.1427
5437500 175.405
5445000 108.127
5452500 53.093
5460000 -148.607
5467500 80.7237
5475000 110.47
5482500 -115.634
5490000 67.7755
5497500 -107.226
5505000 -12.1765
5512500 -204.086
5520000 234.454
5527500 -156.294
5535000 -150.065
5542500 -250.505
5550000 18.7497
5557500 49.2568
5565000 154.918
5572500 -45.2636
5580000 -71.6941
5587500 16.3319
5595000 102.848
5602500 -64.1807
5610000 -146.036
5617500 -17.1947
5625000 61.187
5632500 -55.6284
5640000 -162.832
5647500 -196.716
5655000 -143.792
5662500 -110.055
5670000 143.477
5677500 107.003
5685000 43.0322
5692500 172.743
5700000 89.3068
5707500 79.7295
5715000 -6.28374
5722500 -151.642
5730000 -16.0076
5737500 96.6788
5745000 -79.8154
5752500 -160.093
5760000 -133.658
5767500 15.9551
5775000 198.501
5782500 -129.572
5790000 56.2184
5797500 42.5151
5805000 -53.0156
5812500 -142.942
5820000 -95.9535
5827500 35.0111
5835000 163.702
5842500 101.733
5850000 105.916
5857500 30.4054
5865000 -104.519
5872500 -165.967
5880000 -48.2684
5887500 -85.7215
5895000 -40.4043
5902500 47.0882
5910000 -152.038
5917500 36.666
5925000 -23.0157
5932500 104.901
5940000 39.5093
5947500 -44.4935
5955000 -8.44102
5962500 -34.5735
5970000 136.372
5977500 17.6387
5985000 7.98805
5992500 47.8023
6000000 -166.192
6007500 68.8726
6015000 70.9403
6022500 235.466
6030000 -152.492
6037500 -83.4542
6045000 50.2359
6052500 66.8521
6060000 184.988
6067500 209.851
6075000 212.707
6082500 183.203
6090000 30.3299
6097500 -39.5208
6105000 -21.5265
6112500 -121.199
6120000 143.683
6127500 -117.927
6135000 -88.0687
6142500 92.2483
6150000 -220.562
6157500 -164.903
6165000 -157.861
6172500 -95.0848
6180000 -107.587
6187500 -0.102377
6195000 9.88415
6202500 37.8126
6210000 1.38348
6217500 -97.9723
6225000 110.609
6232500 172.492
6240000 256.492
6247500 212.576
6255000 16.4519
6262500 52.7549
6270000 -220.175
6277500 -171.171
6285000 53.1732
6292500 95.2629
6300000 16.5668
6307500 196.841
6315000 -9.90863
6322500 -86.2634
6330000 165.096
6337500 0.0631283
6345000 93.7569
6352500 122.149
6360000 48.5517
6367500 -152.198
6375000 -16.3005
6382500 -6.13016
6390000 -39.2483
6397500 -109.693
6405000 -67.0795
6412500 -17.3169
6420000 277.856
6427500 51.9109
6435000 50.9689
6442500 -116.797
6450000 -98.8735
6457500 46.8256
6465000 6.12944
6472500 -3.02208
6480000 42.2734
6487500 161.363
6495000 251.879
6502500 190.973
6510000 74.2737
6517500 -74.0215
6525000 95.6931
6532500 31.0779
6540000 185.36
6547500 -16.3173
6555000 86.7802
6562500 -15.1439
6570000 -45.5869
6577500 -151.209
6585000 -75.4321
6592500 -136.314
6600000 -69.5377
6607500 19.9438
6615000 26.0471
6622500 -34.8242
6630000 123.575
6637500 8.83038
6645000 28.374
6652500 -251.478
6660000 -154.125
6667500 -49.6601
6675000 -118.655
6682500 242.149
6690000 -57.1424
6697500 -42.4871
6705000 -231.539
6712500 -101.898
6720000 58.4935
6727500 42.8058
6735000 46.1063
6742500 -299.605
6750000 -111.349
6757500 -88.231
6765000 142.421
6772500 130.338
6780000 -31.9723
6787500 84.1492
6795000 111.822
6802500 9.57549
6810000 -97.79
6817500 68.7598
6825000 -167.796
6832500 204.67
6840000 180.214
6847500 210.294
6855000 61.8956
6862500 200.759
6870000 154.269
6877500 199.515
6885000 -39.301
6892500 36.6732
6900000 -35.5116
6907500 -193.495
6915000 -174.394
6922500 -143.881
6930000 -145.201
6937500 -147.733
6945000 -31.135
6952500 -89.0422
6960000 32.8457
6967500 -13.3008
6975000 -203.751
6982500 -121.758
6990000 -27.2901
6997500 -105.506
7005000 -33.8052
7012500 69.2262
7020000 97.342
7027500 141.643
7035000 -143.07
7042500 -213.771
7050000 -21.2673
7057500 -8.50806
7065000 -74.4036
7072500 -126.311
7080000 -85.5115
7087500 -173.454
7095000 -146.475
7102500 -105.864
7110000 -42.176
7117500 -15.4729
7125000 -237.508
7132500 30.5103
7140000 -116.712
7147500 21.2011
7155000 32.4097
7162500 -189.565
7170000 -186.244
7177500 -130.524
7185000 -51.1313
7192500 -50.6774
7200000 -148.891
7207500 -145.659
7215000 -48.7445
7222500 -42.0862
7230000 -233.517
7237500 -109.351
7245000 -161.856
7252500 -33.2894
7260000 406.216
7267500 150.206
7275000 221.718
7282500 -38.3597
7290000 -114.825
7297500 88.8155
7305000 -96.9977
7312500 -28.2658
7320000 -102.151
7327500 -13.1896
7335000 169.03
7342500 15.183
7350000 -73.8245
7357500 226.781
7365000 269.143
7372500 207.561
7380000 187.18
7387500 -2.39588
7395000 258.248
7402500 76.5435
7410000 4.52764
7417500 -25.8303
7425000 -100.98
7432500 -123.892
7440000 119.059
7447500 207.756
7455000 128.207
7462500 -9.43229
7470000 -144.053
7477500 141.42
7485000 186.351
7492500 -135.437
7500000 -29.6371
7507500 62.994
7515000 104.199
7522500 127.103
7530000 136.329
7537500 225.126
7545000 10.1803
7552500 -21.6718
7560000 63.4904
7567500 -126.063
7575000 241.527
7582500 123.679
7590000 -72.3373
7597500 -108.494
7605000 -39.0645
7612500 -130.598
7620000 -6.17066
7627500 152.241
7635000 35.1945
7642500 -174.148
7650000 -178.157
7657500 -177.7
7665000 -101.931
7672500 -254.938
7680000 -153.471
7687500 114.186
7695000 30.0082
7702500 158.529
7710000 -132.362
7717500 -174.963
7725000 -173.494
7732500 35.8307
7740000 -30.1172
7747500 -154.489
7755000 -104.384
7762500 -170.471
7770000 -332.214
7777500 -48.1708
7785000 -155.764
7792500 -48.4669
7800000 -122.814
7807500 47.695
7815000 210.301
7822500 193.987
7830000 123.852
7837500 56.5843
7845000 -86.2728
7852500 -109.943
7860000 -35.3063
7867500 -124.024
7875000 -163.488
7882500 -12.3977
7890000 -162.244
7897500 -34.4722
7905000 142.634
7912500 -54.1301
7920000 98.5757
7927500 -48.5154
7935000 141.169
7942500 164.44
7950000 -343.166
7957500 -56.4422
7965000 83.0616
7972500 54.893
7980000 -40.1262
7987500 -10.4914
7995000 -106.729
8002500 34.7902
8010000 -20.7128
8017500 -95.6807
8025000 218.087
8032500 76.8746
8040000 -89.8332
8047500 -3.34383
8055000 94.6696
8062500 112.827
8070000 3.04395
8077500 85.8017
8085000 134.697
8092500 66.4192
8100000 -37.6963
8107500 261.286
8115000 137.262
8122500 141.38
8130000 2.912
8137500 -52.618
8145000 -28.5361
8152500 -41.0684
8160000 -40.8563
8167500 61.7305
8175000 -90.8641
8182500 -14.2179
8190000 35.4277
8197500 -96.8827
8205000 27.6384
8212500 94.3464
8220000 125.864
8227500 39.4284
8235000 24.2948
8242500 -76.8899
8250000 -94.8777
8257500 -192.45
8265000 -132.813
8272500 -105.308
8280000 15.0885
8287500 -125.289
8295000 70.5432
8302500 -36.3163
8310000 -204.216
8317500 -244.073
8325000 34.8991
8332500 -112.749
8340000 -300.927
8347500 -188.208
8355000 -131.55
8362500 -4.29071
8370000 -277.403
8377500 -206.856
8385000 -91.8156
8392500 4.49966
8400000 -52.7998
8407500 119.648
8415000 164.841
8422500 -54.7546
8430000 -158.591
8437500 27.4228
8445000 -19.3444
8452500 33.1811
8460000 -103.309
8467500 48.0228
8475000 -32.4733
8482500 -32.1387
8490000 96.9086
8497500 106.404
8505000 -34.8822
