1005000 698.263
1012500 537.038
1020000 525.535
1027500 552.324
1035000 313.938
1042500 503.116
1050000 491.139
1057500 402.269
1065000 581.675
1072500 491.47
1080000 549.525
1087500 501.532
1095000 615.088
1102500 558.776
1110000 523.644
1117500 592.42
1125000 581.407
1132500 608.026
1140000 693.749
1147500 599.655
1155000 522.042
1162500 673.037
1170000 553.581
1177500 506.037
1185000 660.418
1192500 635.866
1200000 602.6
1207500 482.606
1215000 640.714
1222500 547.969
1230000 438.721
1237500 524.428
1245000 535.433
1252500 416.927
1260000 573.859
1267500 675.737
1275000 623.906
1282500 528.737
1290000 608.32
1297500 513.703
1305000 669.213
1312500 507.195
1320000 589.112
1327500 551.952
1335000 632.609
1342500 643.034
1350000 636.328
1357500 632.171
1365000 585.911
1372500 683.907
1380000 744.024
1387500 654.657
1395000 578.79
1402500 560.925
1410000 655.51
1417500 674.723
1425000 575.945
1432500 700.993
1440000 635.241
1447500 756.684
1455000 525.55
1462500 634.479
1470000 734.119
1477500 651.716
1485000 616.258
1492500 634.112
1500000 632.753
1507500 616.579
1515000 661.286
1522500 668.126
1530000 691.072
1537500 655.813
1545000 654.08
1552500 614.636
1560000 631.245
1567500 637.819
1575000 577.434
1582500 640.384
1590000 680.95
1597500 561.045
1605000 600.147
1612500 772.431
1620000 648.985
1627500 731.991
1635000 600.596
1642500 882.281
1650000 716.52
1657500 661.364
1665000 763.493
1672500 626.706
1680000 636.101
1687500 654.291
1695000 653.301
1702500 665.906
1710000 751.329
1717500 635.171
1725000 681.147
1732500 727.927
1740000 716.035
1747500 689.475
1755000 688.179
1762500 688.632
1770000 703.926
1777500 762.298
1785000 820.338
1792500 633.24
1800000 728.696
1807500 526.73
1815000 692.943
1822500 516.612
1830000 606.042
1837500 610.151
1845000 680.044
1852500 619.617
1860000 545.364
1867500 708.437
1875000 762.615
1882500 678.898
1890000 591.652
1897500 710.59
1905000 583.095
1912500 511.396
1920000 524.185
1927500 589.607
1935000 562.511
1942500 516.714
1950000 656.604
1957500 779.729
1965000 628.527
1972500 646.306
1980000 581.141
1987500 669.804
1995000 650.012
2002500 661.704
2010000 446.583
2017500 491.363
2025000 498.463
2032500 577.458
2040000 683.7
2047500 654.95
2055000 627.509
2062500 740.985
2070000 634.453
2077500 678.738
2085000 618.851
2092500 790.416
2100000 570.18
2107500 700.287
2115000 780.609
2122500 780.64
2130000 666.977
2137500 579.885
2145000 630.54
2152500 724.071
2160000 705.558
2167500 800.471
2175000 817.309
2182500 785.79
2190000 727.518
2197500 577.613
2205000 781.527
2212500 624.881
2220000 569.77
2227500 658.923
2235000 691.166
2242500 807.548
2250000 616.85
2257500 577.085
2265000 434.208
2272500 551.913
2280000 667.807
2287500 634.712
2295000 674.69
2302500 541.188
2310000 531.674
2317500 469.124
2325000 410.961
2332500 509.791
2340000 636.845
2347500 509.939
2355000 414.301
2362500 551.024
2370000 463.306
2377500 542.494
2385000 627.805
2392500 466.757
2400000 682.747
2407500 643.736
2415000 627.994
2422500 498.902
2430000 500.557
2437500 568.175
2445000 598.818
2452500 631.594
2460000 750.306
2467500 760.366
2475000 734.113
2482500 647.642
2490000 690.1
2497500 723.886
2505000 741.421
2512500 791.648
2520000 631.698
2527500 663.488
2535000 638.172
2542500 622.241
2550000 760.046
2557500 761.768
2565000 725.993
2572500 724.368
2580000 866.115
2587500 696.539
2595000 689.739
2602500 615.805
2610000 652.767
2617500 581.135
2625000 520.632
2632500 614.015
2640000 552.575
2647500 524.655
2655000 461.559
2662500 580.207
2670000 571.043
2677500 605.236
2685000 630.788
2692500 633.589
2700000 570.564
2707500 676.083
2715000 624.137
2722500 575.689
2730000 579.04
2737500 549.131
2745000 579.363
2752500 671.903
2760000 464.183
2767500 617.251
2775000 617.995
2782500 672.292
2790000 496.877
2797500 593.249
2805000 678.028
2812500 616.011
2820000 538.825
2827500 608.811
2835000 614.576
2842500 634.698
2850000 549.99
2857500 615.555
2865000 453.946
2872500 596.796
2880000 577.754
2887500 504.47
2895000 551.396
2902500 494.469
2910000 540.131
2917500 610.012
2925000 833.956
2932500 572.865
2940000 625.039
2947500 611.884
2955000 647.884
2962500 655.709
2970000 587.861
2977500 663.643
2985000 563.911
2992500 570.71
3000000 532.194
3007500 700.317
3015000 581.231
3022500 585.403
3030000 522.898
3037500 688.863
3045000 728.382
3052500 578.876
3060000 656.397
3067500 614.851
3075000 475.584
3082500 595.705
3090000 595.09
3097500 575.41
3105000 598.922
3112500 676.632
3120000 669.161
3127500 438.435
3135000 435.093
3142500 463.304
3150000 274.947
3157500 395.458
3165000 432.432
3172500 483.576
3180000 548.956
3187500 470.326
3195000 441.467
3202500 434.887
3210000 338.87
3217500 503.98
3225000 401.805
3232500 459.739
3240000 539.252
3247500 470.812
3255000 438.268
3262500 403.268
3270000 486.41
3277500 562.013
3285000 380.511
3292500 286.26
3300000 327.315
3307500 333.449
3315000 417.062
3322500 372.771
3330000 496.853
3337500 467.499
3345000 534.978
3352500 454.268
3360000 418.824
3367500 427.555
3375000 600.327
3382500 304.414
3390000 332.826
3397500 93.596
3405000 209.276
3412500 134.689
3420000 97.3214
3427500 3.1517
3435000 184.369
3442500 -25.0018
3450000 194.73
3457500 163.278
3465000 132.842
3472500 140.606
3480000 122.47
3487500 127.49
3495000 184.166
3502500 -21.8311
3510000 134.83
3517500 -157.743
3525000 73.6918
3532500 110.034
3540000 205.409
3547500 105.61
3555000 218.436
3562500 223.382
3570000 97.2971
3577500 49.9519
3585000 -20.1645
3592500 -143.441
3600000 -33.9539
3607500 -5.48735
3615000 270.366
3622500 156.267
3630000 115.045
3637500 -20.582
3645000 249.276
3652500 95.0893
3660000 192.386
3667500 210.894
3675000 72.6265
3682500 112.834
3690000 -45.8241
3697500 70.3749
3705000 78.5411
3712500 -66.6268
3720000 306.507
3727500 258.315
3735000 96.1231
3742500 61.3765
3750000 68.3789
3757500 -10.3569
3765000 -98.9857
3772500 -55.7619
3780000 77.852
3787500 47.5279
3795000 72.2759
3802500 177.289
3810000 198.58
3817500 213.341
3825000 100.557
3832500 268.296
3840000 141.625
3847500 129.678
3855000 -19.6451
3862500 -31.2261
3870000 -25.3227
3877500 24.2459
3885000 132.872
3892500 97.5007
3900000 37.7726
3907500 315.399
3915000 85.3472
3922500 219.93
3930000 76.6973
3937500 149.988
3945000 76.065
3952500 11.45
3960000 -77.9548
3967500 65.0169
3975000 3.72469
3982500 73.179
3990000 -50.216
3997500 -32.6468
4005000 117.675
4012500 206.258
4020000 138.435
4027500 -87.3188
4035000 -167.161
4042500 2.8988
4050000 -72.6348
4057500 -52.7988
4065000 -41.3196
4072500 148.932
4080000 200.205
4087500 225.644
4095000 130.43
4102500 105.11
4110000 232.289
4117500 92.1804
4125000 17.5565
4132500 7.01096
4140000 147.351
4147500 -56.2452
4155000 -81.842
4162500 -52.5168
4170000 -23.0754
4177500 55.5998
4185000 -14.9336
4192500 223.417
4200000 144.665
4207500 210.188
4215000 41.8929
4222500 20.5324
4230000 -109.192
4237500 -184.53
4245000 -72.5645
4252500 215.053
4260000 218.959
4267500 184.509
4275000 36.6899
4282500 98.8533
4290000 89.1064
4297500 128.563
4305000 117.537
4312500 91.7347
4320000 78.0484
4327500 97.5131
4335000 215.245
4342500 -54.5184
4350000 131.626
4357500 17.0537
4365000 123.961
4372500 -191.662
4380000 4.31826
4387500 -28.355
4395000 30.7586
4402500 -79.3078
4410000 -30.1115
4417500 -149.547
4425000 21.9622
4432500 29.7089
4440000 -55.943
4447500 52.9391
4455000 79.6809
4462500 182.509
4470000 -77.16
4477500 93.328
4485000 27.7039
4492500 170.857
4500000 62.4461
4507500 128.671
4515000 41.2018
4522500 4.70158
4530000 -98.5383
4537500 -45.9096
4545000 49.3577
4552500 142.307
4560000 111.849
4567500 -133.769
4575000 59.1017
4582500 139.067
4590000 97.2517
4597500 -48.1638
4605000 48.0159
4612500 67.5159
4620000 222.911
4627500 203.417
4635000 32.5091
4642500 -121.881
4650000 -192.228
4657500 -126.135
4665000 -52.6868
4672500 41.6898
4680000 -93.4049
4687500 183.401
4695000 14.3192
4702500 -78.1229
4710000 39.077
4717500 162.428
4725000 -103.621
4732500 -15.6182
4740000 74.4419
4747500 185.069
4755000 276.532
4762500 36.8112
4770000 -1.26022
4777500 65.7035
4785000 77.5797
4792500 -133.1
4800000 -65.5451
4807500 -84.7335
4815000 -62.1969
4822500 0.885308
4830000 -39.81
4837500 13.3331
4845000 -40.4129
4852500 -30.3475
4860000 -248.06
4867500 -163.393
4875000 -142.546
4882500 40.1546
4890000 137.105
4897500 42.8677
4905000 169.321
4912500 55.2053
4920000 -45.9477
4927500 -166.436
4935000 -57.7485
4942500 -70.4861
4950000 -40.4656
4957500 -114.697
4965000 -181.315
4972500 56.3079
4980000 122.515
4987500 -158.196
4995000 -63.8289
5002500 109.659
5010000 263.036
5017500 70.1866
5025000 34.7978
5032500 -13.5366
5040000 70.7664
5047500 -92.6314
5055000 112.391
5062500 344.267
5070000 207.568
5077500 323.53
5085000 137.213
5092500 121.656
5100000 239.917
5107500 146.806
5115000 217.307
5122500 167.629
5130000 251.771
5137500 36.9874
5145000 -20.1079
5152500 -1.41293
5160000 127.924
5167500 128.456
5175000 200.734
5182500 143.641
5190000 -132.667
5197500 -141.089
5205000 30.9654
5212500 52.8909
5220000 51.3469
5227500 173.452
5235000 69.571
5242500 16.1948
5250000 -5.23996
5257500 223.664
5265000 120.216
5272500 253.728
5280000 15.9312
5287500 -107.53
5295000 56.9256
5302500 -37.7507
5310000 3.82787
5317500 -113.803
5325000 -49.3378
5332500 43.8212
5340000 89.4637
5347500 239.855
5355000 95.949
5362500 110.73
5370000 196.399
5377500 214.453
5385000 205.338
5392500 -13.6784
5400000 53.0716
5407500 71.7306
5415000 127.113
5422500 38.6381
5430000 75.0632
5437500 206.351
5445000 -31.8689
5452500 12.7619
5460000 -313.068
5467500 -29.2057
5475000 76.4215
5482500 30.2908
5490000 57.9736
5497500 -88.1916
5505000 -268.992
5512500 -151.192
5520000 -350.562
5527500 -103.731
5535000 100.88
5542500 29.8245
5550000 -18.5212
5557500 -47.4073
5565000 -75.3568
5572500 -192.038
5580000 -206.542
5587500 -179.699
5595000 -17.3435
5602500 -155.131
5610000 87.9494
5617500 5.58418
5625000 55.4954
5632500 8.64887
5640000 -4.09449
5647500 -90.9221
5655000 -134.139
5662500 57.0467
5670000 164.947
5677500 76.7668
5685000 121.303
5692500 -142.252
5700000 166.185
5707500 27.0447
5715000 163.636
5722500 76.9226
5730000 72.31
5737500 -30.1716
5745000 28.4789
5752500 19.0653
5760000 -3.32014
5767500 -209.855
5775000 -97.2838
5782500 -100.499
5790000 101.897
5797500 -122.471
5805000 343.633
5812500 131.638
5820000 -1.06986
5827500 -198.874
5835000 104.062
5842500 75.252
5850000 42.8302
5857500 -6.48713
5865000 -133.299
5872500 -110.486
5880000 16.6165
5887500 64.3891
5895000 32.1341
5902500 87.41
5910000 185.596
5917500 176.954
5925000 21.3234
5932500 92.4898
5940000 -142.318
5947500 -144.586
5955000 -68.1277
5962500 -71.6487
5970000 -174.909
5977500 31.7638
5985000 118.452
5992500 -242.518
6000000 -214.997
6007500 -123.658
6015000 -87.1644
6022500 -72.2616
6030000 28.2814
6037500 -92.7972
6045000 3.9552
6052500 -96.8828
6060000 -0.987231
6067500 19.2663
6075000 -52.722
6082500 -80.6313
6090000 -25.584
6097500 -146.336
6105000 -91.9887
6112500 3.5845
6120000 -105.849
6127500 182.682
6135000 -12.4994
6142500 137.662
6150000 -127.172
6157500 2.03824
6165000 15.3063
6172500 57.2996
6180000 90.6107
6187500 137.759
6195000 91.3693
6202500 181.903
6210000 80.0675
6217500 94.283
6225000 -49.3787
6232500 -0.525146
6240000 142.428
6247500 33.2969
6255000 -136.069
6262500 -138.623
6270000 -33.2062
6277500 139.638
6285000 -99.2448
6292500 7.45105
6300000 198.645
6307500 232.2
6315000 25.8431
6322500 -53.5308
6330000 -100.908
6337500 -75.0987
6345000 -53.7633
6352500 50.0304
6360000 68.4179
6367500 -150.993
6375000 -134.053
6382500 -67.759
6390000 -24.013
6397500 -31.2424
6405000 -137.151
6412500 -96.9919
6420000 -174.803
6427500 -211.887
6435000 -298.86
6442500 -178.016
6450000 -20.8308
6457500 -171.141
6465000 -268.529
6472500 -91.5772
6480000 50.7506
6487500 -68.384
6495000 -176.322
6502500 -162.883
6510000 -75.1424
6517500 49.0812
6525000 -11.6295
6532500 -221.448
6540000 28.7971
6547500 45.0992
6555000 -60.9836
6562500 66.8679
6570000 57.2436
6577500 20.4847
6585000 137.517
6592500 183.226
6600000 26.6212
6607500 -116.457
6615000 -116.527
6622500 312.079
6630000 175.762
6637500 251.075
6645000 168.32
6652500 268.775
6660000 115.345
6667500 96.4827
6675000 176.717
6682500 159.593
6690000 265.989
6697500 127.011
6705000 29.792
6712500 109.496
6720000 -51.0593
6727500 104.568
6735000 223.432
6742500 51.9817
6750000 255.203
6757500 180.638
6765000 174.072
6772500 95.8153
6780000 193.606
6787500 63.5435
6795000 277.6
6802500 -40.7635
6810000 66.9292
6817500 92.5764
6825000 -75.2807
6832500 -20.5231
6840000 188.332
6847500 -24.1768
6855000 -42.1485
6862500 94.9925
6870000 204.569
6877500 30.675
6885000 210.861
6892500 100.047
6900000 -93.7656
6907500 89.1125
6915000 -49.7238
6922500 22.6742
6930000 238.519
6937500 171.576
6945000 223.787
6952500 66.5134
6960000 12.3564
6967500 -159.691
6975000 199.147
6982500 122.662
6990000 116.843
6997500 142.336
7005000 82.68
7012500 88.32
7020000 -182.588
7027500 36.9509
7035000 8.15609
7042500 -193.169
7050000 -52.3161
7057500 24.0965
7065000 -22.1698
7072500 28.5666
7080000 36.5187
7087500 51.9745
7095000 -118.782
7102500 -144.124
7110000 -19.2775
7117500 66.9992
7125000 -88.0074
7132500 -186.435
7140000 -35.3209
7147500 -83.992
7155000 -76.3643
7162500 -276.407
7170000 -179.746
7177500 -164.951
7185000 -31.225
7192500 22.7282
7200000 117.372
7207500 -82.4559
7215000 16.7559
7222500 41.5167
7230000 131.817
7237500 -4.3501
7245000 75.3846
7252500 4.23499
7260000 21.8885
7267500 97.9059
7275000 -68.3868
7282500 -61.1124
7290000 210.772
7297500 133.995
7305000 24.5651
7312500 46.7033
7320000 -9.05657
7327500 139.239
7335000 68.7341
7342500 56.315
7350000 78.4776
7357500 -147.31
7365000 151.108
7372500 12.1979
7380000 57.9414
7387500 -5.10671
7395000 276.582
7402500 -1.84119
7410000 5.23138
7417500 -41.7634
7425000 -43.5869
7432500 29.4646
7440000 29.8607
7447500 -155.196
7455000 55.4806
7462500 58.9882
7470000 24.1598
7477500 -63.534
7485000 64.4661
7492500 -2.29264
7500000 -10.0484
7507500 45.3712
7515000 22.8765
7522500 2.52883
7530000 110.438
7537500 109.674
7545000 -35.4839
7552500 233.525
7560000 20.4963
7567500 -83.2597
7575000 1.68112
7582500 168.189
7590000 -108.25
7597500 -76.6382
7605000 -125.902
7612500 -76.3664
7620000 -34.9878
7627500 -73.9711
7635000 223.983
7642500 80.4681
7650000 -10.4815
7657500 -34.0386
7665000 -114.945
7672500 33.5496
7680000 -31.023
7687500 -23.0846
7695000 -166.091
7702500 -107.784
7710000 -19.483
7717500 -7.68021
7725000 -96.1922
7732500 -256.564
7740000 -55.5287
7747500 -164.597
7755000 -103.24
7762500 -57.1075
7770000 37.9739
7777500 140.972
7785000 66.8673
7792500 -38.9476
7800000 172.391
7807500 148.888
7815000 75.5841
7822500 -139.312
7830000 -3.44052
7837500 -34.389
7845000 -226.857
7852500 -48.4593
7860000 -102.179
7867500 -3.98306
7875000 -74.2804
7882500 -24.4966
7890000 34.7043
7897500 42.4652
7905000 117.73
7912500 85.2488
7920000 -217.147
7927500 -90.3391
7935000 -90.7411
7942500 95.0373
7950000 8.21359
7957500 175.051
7965000 138.09
7972500 90.4499
7980000 88.7683
7987500 -9.29732
7995000 43.9375
8002500 3.62253
8010000 227.142
8017500 238.961
8025000 163.795
8032500 104.45
8040000 -6.33363
8047500 -20.0097
8055000 0.409453
8062500 -140.982
8070000 59.3595
8077500 -27.421
8085000 -66.2115
8092500 100.549
8100000 57.4802
8107500 109.152
8115000 180.919
8122500 53.8309
8130000 169.966
8137500 29.8208
8145000 -6.37334
8152500 -25.0922
8160000 120.938
8167500 122.171
8175000 103.075
8182500 87.3612
8190000 15.6694
8197500 -3.10208
8205000 41.4361
8212500 329.937
8220000 39.2988
8227500 -72.9445
8235000 219.449
8242500 132.252
8250000 9.57763
8257500 30.1048
8265000 -3.55331
8272500 98.3437
8280000 8.11671
8287500 11.168
8295000 41.1213
8302500 120.716
8310000 -300.106
8317500 -5.35346
8325000 48.2594
8332500 -46.8372
8340000 50.2088
8347500 86.738
8355000 68.99
8362500 109.564
8370000 -111.06
8377500 -51.2669
8385000 105.484
8392500 -64.4994
8400000 -106.378
8407500 -72.9015
8415000 190.748
8422500 56.4482
8430000 30.4841
8437500 134.939
8445000 -24.4511
8452500 -25.7082
8460000 78.7107
8467500 49.0132
8475000 235.266
8482500 164.599
8490000 163.9
8497500 86.4305
8505000 114.314
