1005000 698.263
1012500 497.623
1020000 596.665
1027500 432.823
1035000 445.583
1042500 473.526
1050000 568.696
1057500 462.836
1065000 388.833
1072500 449.687
1080000 498.916
1087500 553.608
1095000 359.43
1102500 275.506
1110000 440.864
1117500 358.6
1125000 311.924
1132500 323.371
1140000 307.024
1147500 400.949
1155000 255.429
1162500 290.855
1170000 406.898
1177500 281.286
1185000 403.135
1192500 374.636
1200000 368.066
1207500 421.539
1215000 402.929
1222500 326.703
1230000 409.916
1237500 304.438
1245000 479.204
1252500 323.553
1260000 267.955
1267500 431.639
1275000 264.55
1282500 366.53
1290000 396.223
1297500 373.44
1305000 358.282
1312500 484.244
1320000 495.765
1327500 520.459
1335000 412.33
1342500 531.141
1350000 503.362
1357500 425.82
1365000 515.153
1372500 462.868
1380000 513.339
1387500 446.543
1395000 528.622
1402500 587.207
1410000 516.653
1417500 529.25
1425000 556.628
1432500 518.274
1440000 672.319
1447500 663.474
1455000 551.82
1462500 484.032
1470000 519.668
1477500 518.355
1485000 561.353
1492500 582.415
1500000 480.397
1507500 512.702
1515000 528.256
1522500 655.026
1530000 710.805
1537500 682.079
1545000 573.459
1552500 559.265
1560000 546.229
1567500 553.333
1575000 690.69
1582500 587.184
1590000 641.165
1597500 493.194
1605000 596.06
1612500 568.718
1620000 660.296
1627500 635.895
1635000 616.146
1642500 703.366
1650000 724.801
1657500 602.882
1665000 645.007
1672500 671.831
1680000 715.458
1687500 616.795
1695000 665.95
1702500 679.566
1710000 715.998
1717500 675.546
1725000 758.097
1732500 712.143
1740000 686.547
1747500 515.826
1755000 742.924
1762500 674.941
1770000 543.734
1777500 542.948
1785000 600.604
1792500 751.148
1800000 579.818
1807500 641.283
1815000 501.31
1822500 750.299
1830000 737.684
1837500 669.278
1845000 816.946
1852500 794.755
1860000 661.058
1867500 713.345
1875000 738.736
1882500 671.073
1890000 828.018
1897500 612.618
1905000 623.441
1912500 732.932
1920000 857.095
1927500 656.672
1935000 752.737
1942500 658.777
1950000 768.848
1957500 612.248
1965000 787.449
1972500 807.868
1980000 577.115
1987500 774.131
1995000 645.068
2002500 661.257
2010000 721.875
2017500 773.556
2025000 719.6
2032500 623.711
2040000 705.751
2047500 758.309
2055000 738.397
2062500 828.597
2070000 744.316
2077500 841.762
2085000 881.384
2092500 749.532
2100000 640.566
2107500 749.907
2115000 763.539
2122500 757.597
2130000 769.681
2137500 705.425
2145000 740.944
2152500 694.01
2160000 852.924
2167500 759.887
2175000 716.688
2182500 878.007
2190000 873.947
2197500 952.562
2205000 890.771
2212500 720.699
2220000 797.569
2227500 721.138
2235000 867.968
2242500 897.238
2250000 867.596
2257500 741.608
2265000 939.705
2272500 876.147
2280000 907.539
2287500 992.686
2295000 832.807
2302500 855.926
2310000 773.267
2317500 790.184
2325000 924.143
2332500 1055.96
2340000 848.447
2347500 908.396
2355000 797.345
2362500 904.164
2370000 790.359
2377500 813.421
2385000 818.057
2392500 762.703
2400000 720.169
2407500 791.177
2415000 765.116
2422500 791.73
2430000 772.787
2437500 912.492
2445000 868.041
2452500 831.982
2460000 717.359
2467500 750.016
2475000 686.412
2482500 558.803
2490000 681.259
2497500 558.814
2505000 705.303
2512500 754.724
2520000 737.19
2527500 749.682
2535000 757.515
2542500 793.248
2550000 720.386
2557500 735.392
2565000 633.128
2572500 747.651
2580000 617.408
2587500 654.294
2595000 724.633
2602500 743.526
2610000 622.607
2617500 762.243
2625000 748.923
2632500 695.395
2640000 713.946
2647500 671.113
2655000 746.577
2662500 647.929
2670000 867.622
2677500 871.349
2685000 805.204
2692500 805.514
2700000 736.258
2707500 767.006
2715000 846.984
2722500 662.65
2730000 845.144
2737500 699.678
2745000 722.335
2752500 799.178
2760000 761.323
2767500 881.384
2775000 748.937
2782500 782.985
2790000 742.119
2797500 747.802
2805000 834.79
2812500 862.416
2820000 820.452
2827500 772.447
2835000 870.298
2842500 819.039
2850000 860.012
2857500 726.023
2865000 912.745
2872500 834.104
2880000 717.877
2887500 906.081
2895000 770.264
2902500 915.133
2910000 746.173
2917500 758.839
2925000 743.18
2932500 666.935
2940000 818.37
2947500 537.029
2955000 486.256
2962500 532.98
2970000 537.175
2977500 646.742
2985000 577.546
2992500 657.132
3000000 529.97
3007500 562.063
3015000 464.522
3022500 451.623
3030000 604.858
3037500 568.215
3045000 616.872
3052500 598.546
3060000 633.067
3067500 607.592
3075000 363.304
3082500 486.168
3090000 506.164
3097500 595.152
3105000 627.03
3112500 620.095
3120000 561.468
3127500 599.385
3135000 598.374
3142500 627.775
3150000 497.844
3157500 660.093
3165000 574.692
3172500 593.604
3180000 795.527
3187500 730.436
3195000 546.325
3202500 561.357
3210000 674.473
3217500 698.095
3225000 499.415
3232500 432.764
3240000 357.19
3247500 368.064
3255000 423.309
3262500 510.374
3270000 189.022
3277500 485.848
3285000 428.004
3292500 307.119
3300000 465.675
3307500 489.392
3315000 559.37
3322500 592.866
3330000 592.949
3337500 539.969
3345000 703.308
3352500 481.17
3360000 487.565
3367500 493.203
3375000 283.964
3382500 277.416
3390000 388.474
3397500 300.861
3405000 466.381
3412500 240.536
3420000 224.836
3427500 195.03
3435000 220.038
3442500 77.9568
3450000 33.3445
3457500 210.821
3465000 251.469
3472500 110.152
3480000 100.531
3487500 345.188
3495000 184.741
3502500 69.6342
3510000 174.722
3517500 107.706
3525000 124.907
3532500 148.648
3540000 186.443
3547500 171.207
3555000 122.374
3562500 6.0268
3570000 36.966
3577500 79.3102
3585000 15.7529
3592500 214.146
3600000 197.123
3607500 226.311
3615000 224.671
3622500 115.155
3630000 54.8722
3637500 175.529
3645000 202.3
3652500 77.9377
3660000 58.3254
3667500 207.951
3675000 84.8179
3682500 165.218
3690000 190.986
3697500 50.4317
3705000 229.904
3712500 170.187
3720000 281.118
3727500 79.5402
3735000 9.03349
3742500 163.705
3750000 155.205
3757500 247.258
3765000 150.572
3772500 48.6689
3780000 72.018
3787500 21.0391
3795000 41.4847
3802500 121.886
3810000 12.4817
3817500 114.074
3825000 376.774
3832500 290.298
3840000 186.144
3847500 117.653
3855000 72.997
3862500 102.222
3870000 250.617
3877500 111.989
3885000 32.7024
3892500 56.9113
3900000 6.87405
3907500 -0.277797
3915000 -151.907
3922500 -119.595
3930000 -26.9517
3937500 0.594889
3945000 25.1915
3952500 18.5485
3960000 -28.7582
3967500 -239.8
3975000 -225.396
3982500 -85.0095
3990000 -119.748
3997500 39.3427
4005000 67.9631
4012500 -120.997
4020000 -144.571
4027500 -40.6676
4035000 118.017
4042500 -66.648
4050000 -163.41
4057500 -126.996
4065000 70.6372
4072500 279.302
4080000 72.3014
4087500 -11.5492
4095000 7.05046
4102500 30.8394
4110000 122.353
4117500 17.0773
4125000 181.994
4132500 263.673
4140000 49.2329
4147500 186.383
4155000 54.0592
4162500 114.033
4170000 -8.27439
4177500 -43.7608
4185000 14.0949
4192500 118.831
4200000 172.048
4207500 -89.2635
4215000 -62.0784
4222500 -56.669
4230000 38.7591
4237500 27.1511
4245000 -56.9332
4252500 155.277
4260000 -39.4163
4267500 -88.9858
4275000 54.9659
4282500 105.699
4290000 238.501
4297500 12.2715
4305000 32.4582
4312500 193.727
4320000 206.841
4327500 199.282
4335000 296.817
4342500 252.493
4350000 130.984
4357500 20.8988
4365000 114.906
4372500 65.7173
4380000 274.997
4387500 154.424
4395000 278.469
4402500 228.363
4410000 212.62
4417500 146.414
4425000 228.429
4432500 317.99
4440000 229.431
4447500 23.5241
4455000 1.44161
4462500 -14.3378
4470000 -127.975
4477500 -185.128
4485000 -40.0354
4492500 -138.849
4500000 -109.915
4507500 -109.786
4515000 101.678
4522500 11.5798
4530000 35.6812
4537500 176.847
4545000 134.449
4552500 265.76
4560000 76.4166
4567500 55.8305
4575000 -128.889
4582500 -116.723
4590000 -39.3287
4597500 -7.29843
4605000 -97.2452
4612500 58.9722
4620000 72.3158
4627500 -64.5942
4635000 153.211
4642500 110.42
4650000 -33.5308
4657500 169.293
4665000 257.308
4672500 33.5961
4680000 -68.5878
4687500 276.09
4695000 151.943
4702500 -105.643
4710000 -40.5715
4717500 -12.5004
4725000 -37.1185
4732500 238.647
4740000 193.317
4747500 338.074
4755000 120.491
4762500 110.558
4770000 69.257
4777500 158.21
4785000 102.76
4792500 22.9114
4800000 -136.636
4807500 61.4339
4815000 -26.1711
4822500 100.136
4830000 138.778
4837500 103.329
4845000 46.6741
4852500 -20.5378
4860000 -74.3473
4867500 -111.731
4875000 -115.927
4882500 -19.1499
4890000 36.1539
4897500 -3.45477
4905000 152.482
4912500 62.6062
4920000 1.26109
4927500 -167.151
4935000 -227.196
4942500 -105.305
4950000 -198.848
4957500 -119.271
4965000 -71.5254
4972500 -148.486
4980000 -110.562
4987500 -63.0016
4995000 111.059
5002500 -58.0718
5010000 122.292
5017500 67.1877
5025000 101.578
5032500 -58.3591
5040000 -34.4831
5047500 -214.788
5055000 -33.405
5062500 -124.202
5070000 -226.349
5077500 -239.741
5085000 -149.888
5092500 -110.412
5100000 -96.7058
5107500 -164.653
5115000 -158.916
5122500 -16.5692
5130000 126.536
5137500 -131.924
5145000 -221.818
5152500 -147.396
5160000 -15.352
5167500 95.631
5175000 -63.329
5182500 74.4263
5190000 -37.717
5197500 23.3641
5205000 -127.492
5212500 -72.8085
5220000 -1.57066
5227500 48.7875
5235000 341.435
5242500 62.2621
5250000 -172.747
5257500 114.219
5265000 29.0573
5272500 -15.1123
5280000 25.2652
5287500 -67.4998
5295000 -70.4989
5302500 103.992
5310000 -16.1936
5317500 -227.472
5325000 -201.476
5332500 -75.5719
5340000 143.393
5347500 32.8028
5355000 -84.0289
5362500 143.123
5370000 46.9131
5377500 -44.1591
5385000 -61.4291
5392500 -9.83841
5400000 83.5438
5407500 118.069
5415000 -240.06
5422500 -36.3194
5430000 62.2988
5437500 -35.4747
5445000 54.1784
5452500 -125.554
5460000 88.7472
5467500 294.262
5475000 70.1654
5482500 20.1738
5490000 60.5086
5497500 37.874
5505000 -36.6061
5512500 -75.3253
5520000 17.6075
5527500 -143.399
5535000 -27.4058
5542500 -101.905
5550000 -121.044
5557500 -156.45
5565000 0.340677
5572500 -83.0761
5580000 -137.475
5587500 -166.098
5595000 125.589
5602500 15.3712
5610000 -73.4169
5617500 -96.6775
5625000 73.8434
5632500 -26.6259
5640000 8.01173
5647500 24.0968
5655000 -4.27228
5662500 132.461
5670000 177.463
5677500 191.899
5685000 -17.3556
5692500 -215.408
5700000 -228.561
5707500 39.4221
5715000 108.92
5722500 -34.2256
5730000 194.781
5737500 -52.9464
5745000 47.9521
5752500 -6.39708
5760000 -265.9
5767500 -293.372
5775000 -151.081
5782500 -68.7447
5790000 147.11
5797500 128.183
5805000 120.431
5812500 41.4613
5820000 -66.5093
5827500 114.493
5835000 79.9677
5842500 167.885
5850000 6.66769
5857500 295.419
5865000 312.409
5872500 61.65
5880000 225.358
5887500 36.128
5895000 33.9571
5902500 -53.1453
5910000 -108.596
5917500 -32.2212
5925000 184.4
5932500 267.76
5940000 65.9781
5947500 126.131
5955000 177.56
5962500 85.4393
5970000 94.228
5977500 109.935
5985000 138.471
5992500 87.4201
6000000 -13.9932
6007500 68.1119
6015000 324.132
6022500 243.136
6030000 125.808
6037500 264.687
6045000 91.1608
6052500 287.246
6060000 89.6138
6067500 197.428
6075000 268.851
6082500 126.0
6090000 121.072
6097500 107.163
6105000 4.89467
6112500 -136.9
6120000 -155.503
6127500 35.2184
6135000 227.347
6142500 -126.994
6150000 92.219
6157500 6.18257
6165000 141.537
6172500 -117.068
6180000 -115.739
6187500 -89.8543
6195000 -48.2414
6202500 -203.595
6210000 7.22489
6217500 -87.7862
6225000 120.589
6232500 234.385
6240000 156.371
6247500 -21.8114
6255000 50.7026
6262500 89.1786
6270000 145.604
6277500 25.1114
6285000 -87.2863
6292500 58.4168
6300000 163.391
6307500 282.684
6315000 130.529
6322500 259.101
6330000 40.5548
6337500 -88.5924
6345000 -39.9775
6352500 -55.4199
6360000 98.0662
6367500 33.692
6375000 51.2562
6382500 101.915
6390000 67.687
6397500 -3.92146
6405000 128.054
6412500 -47.2047
6420000 115.235
6427500 82.244
6435000 -82.9895
6442500 -138.208
6450000 -142.41
6457500 -20.0187
6465000 40.3433
6472500 147.879
6480000 51.4284
6487500 13.0146
6495000 144.169
6502500 108.612
6510000 -83.7872
6517500 8.77237
6525000 61.6335
6532500 -75.6781
6540000 262.592
6547500 -76.6142
6555000 -63.5897
6562500 71.5025
6570000 75.4126
6577500 -42.3332
6585000 113.218
6592500 180.796
6600000 66.4013
6607500 -86.6142
6615000 36.6366
6622500 121.212
6630000 -20.9901
6637500 53.738
6645000 -19.2414
6652500 -153.395
6660000 42.366
6667500 114.735
6675000 -59.7967
6682500 -93.2141
6690000 -191.252
6697500 -157.995
6705000 -23.3857
6712500 114.253
6720000 146.724
6727500 96.798
6735000 119.996
6742500 47.5526
6750000 7.51853
6757500 -43.5108
6765000 -70.8021
6772500 112.505
6780000 -22.4729
6787500 -126.08
6795000 -101.994
6802500 37.5346
6810000 -84.5791
6817500 129.25
6825000 112.232
6832500 52.1419
6840000 62.4489
6847500 52.3528
6855000 -43.1228
6862500 -49.0677
6870000 -201.264
6877500 -186.199
6885000 -114.127
6892500 -152.095
6900000 -355.558
6907500 -205.781
6915000 -125.782
6922500 3.49842
6930000 -149.698
6937500 -215.456
6945000 -279.076
6952500 -130.982
6960000 102.0
6967500 -27.1706
6975000 46.7901
6982500 -246.583
6990000 4.9248
6997500 -95.5599
7005000 -56.8306
7012500 -54.2008
7020000 204.567
7027500 186.251
7035000 76.8247
7042500 47.7342
7050000 9.43618
7057500 -28.4819
7065000 55.8084
7072500 -160.515
7080000 72.8993
7087500 -84.0565
7095000 -24.5561
7102500 55.6281
7110000 -127.096
7117500 43.3327
7125000 131.984
7132500 170.177
7140000 18.229
7147500 317.105
7155000 137.388
7162500 287.575
7170000 41.5944
7177500 135.605
7185000 79.3181
7192500 -141.174
7200000 156.412
7207500 -24.18
7215000 -8.89678
7222500 9.7593
7230000 132.087
7237500 106.215
7245000 35.44
7252500 57.8879
7260000 -250.043
7267500 -319.905
7275000 -142.329
7282500 -162.463
7290000 -268.702
7297500 0.0699627
7305000 -97.2075
7312500 -164.261
7320000 -49.5293
7327500 137.451
7335000 73.3692
7342500 84.8359
7350000 81.8947
7357500 -229.987
7365000 58.0742
7372500 -220.888
7380000 -109.208
7387500 -10.0548
7395000 209.824
7402500 180.61
7410000 121.315
7417500 -13.8407
7425000 37.5631
7432500 -11.9841
7440000 -100.006
7447500 12.5321
7455000 -33.1469
7462500 -134.141
7470000 -5.32583
7477500 -94.4845
7485000 -68.1238
7492500 24.3793
7500000 -17.8533
7507500 -188.98
7515000 -23.6
7522500 141.541
7530000 21.3446
7537500 240.378
7545000 9.93874
7552500 3.3869
7560000 -304.322
7567500 117.461
7575000 -83.4594
7582500 13.8105
7590000 26.9343
7597500 -16.9049
7605000 230.248
7612500 -108.53
7620000 -24.8571
7627500 -28.7763
7635000 100.958
7642500 -40.2644
7650000 -23.9926
7657500 -280.926
7665000 8.65724
7672500 -199.017
7680000 -301.259
7687500 -50.777
7695000 102.006
7702500 44.6096
7710000 -6.46898
7717500 -174.958
7725000 282.508
7732500 118.361
7740000 161.427
7747500 248.336
7755000 131.125
7762500 -263.244
7770000 5.58633
7777500 175.278
7785000 100.123
7792500 124.119
7800000 79.2796
7807500 161.903
7815000 214.987
7822500 -36.7335
7830000 -131.53
7837500 -54.5197
7845000 5.59439
7852500 19.4282
7860000 93.4105
7867500 58.5721
7875000 -0.329327
7882500 189.182
7890000 -122.494
7897500 -34.3061
7905000 187.743
7912500 228.017
7920000 109.245
7927500 277.152
7935000 62.1449
7942500 10.2786
7950000 11.1377
7957500 200.911
7965000 216.269
7972500 39.357
7980000 -88.7504
7987500 -178.945
7995000 67.228
8002500 -126.664
8010000 -80.7944
8017500 -240.315
8025000 -87.6691
8032500 -159.041
8040000 -316.573
8047500 44.6735
8055000 -104.243
8062500 -299.581
8070000 -35.2539
8077500 91.318
8085000 -266.29
8092500 -290.724
8100000 -90.5392
8107500 75.8189
8115000 -32.0468
8122500 241.723
8130000 63.3613
8137500 -86.2301
8145000 154.179
8152500 -20.6843
8160000 6.78624
8167500 -92.7967
8175000 -278.661
8182500 -162.295
8190000 16.1573
8197500 130.945
8205000 -123.957
8212500 25.1327
8220000 124.854
8227500 118.272
8235000 127.287
8242500 20.8566
8250000 24.7965
8257500 -55.0658
8265000 -159.956
8272500 5.38688
8280000 151.473
8287500 79.2515
8295000 -64.703
8302500 -68.3521
8310000 39.7703
8317500 -5.50783
8325000 -43.3075
8332500 202.929
8340000 99.048
8347500 -142.082
8355000 -285.704
8362500 -8.33154
8370000 48.0648
8377500 156.488
8385000 -80.3693
8392500 -77.4067
8400000 -20.7867
8407500 299.484
8415000 161.288
8422500 19.4359
8430000 233.208
8437500 216.294
8445000 35.3756
8452500 46.8469
8460000 15.2955
8467500 -85.6759
8475000 -197.336
8482500 -225.978
8490000 44.3067
8497500 215.403
8505000 -3.82075
