0 0.0
1 -0.0790441495524
2 0.157300092738
3 -0.0989152318283
4 0.129645507795
5 -0.183186435831
6 0.0811230126224
7 -0.0991776430436
8 0.0559704026306
9 -0.0117832928239
10 0.404782957779
11 0.0852284782406
12 0.112354701638
13 0.253012335602
14 0.256057152693
15 0.0775200252802
16 0.194093179026
17 0.0464314669758
18 0.112060466226
19 0.334540353605
20 0.0262312180469
21 0.00927618264749
22 -0.0991029825705
23 -0.208014191958
24 0.162339333295
25 -0.0431484075153
26 -0.140180193431
27 -0.0459255338136
28 -0.0623830356868
29 0.0773034682593
30 -0.187461162941
31 -0.151084715198
32 -0.0251167134407
33 -0.219548966412
34 -0.142513594551
35 0.08851799716
36 -0.0226461883276
37 -0.255979911643
38 -0.17288944575
39 -0.0849206540937
40 0.0791774807166
41 -0.055616786613
42 -0.0347406608047
43 -0.0651430813122
44 -0.127216402841
45 -0.0519200558721
46 0.0932947298567
47 0.286083669932
48 0.23080893383
49 0.0750460847473
50 0.161426325765
51 0.039057931251
52 -0.16810821975
53 0.16688471979
54 0.246943809522
55 0.183402490329
56 0.220043675935
57 0.217031641885
58 0.49762325522
59 0.471995568911
60 0.107324553414
61 0.351528693243
62 0.128706715076
63 0.108808636447
64 -0.0212396251549
65 0.234410890279
66 0.431647667679
67 -0.0103537672171
68 0.0879406560913
69 0.0292737314761
70 -0.0954350798328
71 -0.0270873065536
72 0.184539115839
73 0.278904572814
74 0.0606138781378
75 -0.117923031747
76 -0.16848589449
77 -0.0852081211499
78 -0.0959877088243
79 -0.275178221719
80 -0.219193646723
81 -0.147041369096
82 -0.303512335238
83 -0.520833911196
84 -0.460794584213
85 -0.806066814588
86 -0.419001553426
87 -0.35933498779
88 -0.27308286775
89 -0.284002314848
90 -0.209949944095
91 -0.418132791806
92 -0.162891984643
93 -0.306955631487
94 -0.0321995439006
95 -0.236735228302
96 -0.400705400167
97 -0.196328575202
98 -0.165163019629
99 -0.43606159594
100 -0.370754784345
101 -0.296639353047
102 -0.463469158935
103 -0.150479192185
104 -0.422056233154
105 -0.243715972727
106 -0.193595590784
107 -0.705751508237
108 -0.412954186192
109 -0.597141821447
110 -0.208885418117
111 -0.412777662913
112 -0.228048017076
113 -0.199258545598
114 -0.041651607786
115 -0.337119899232
116 -0.27543632883
117 -0.294190243306
118 -0.421471543017
119 -0.195324665147
120 -0.136233920183
121 -0.414616976787
122 -0.140251596355
123 -0.332659002011
124 -0.240555372056
125 -0.255910807846
126 -0.260295834955
127 -0.371450162275
128 -0.39292787809
129 -0.38934886555
130 -0.3855203696
131 -0.193428185171
132 -0.0594938563776
133 -0.161157967288
134 -0.364146302264
135 -0.474746102795
136 -0.0953664018889
137 -0.401221901526
138 -0.077268425292
139 -0.283934925573
140 -0.0276741312322
141 -0.0556706218876
142 -0.18060072864
143 -0.00859496707773
144 -0.335521325098
145 -0.511785851376
146 -0.362073462488
147 -0.367272090178
148 -0.130170886329
149 -0.307514192973
150 -0.344913273781
151 -0.319338583592
152 -0.312763196426
153 -0.184187361487
154 -0.0642884856919
155 -0.0100423116593
156 -0.339088671881
157 0.0108229212958
158 -0.136998711114
159 -0.267035068286
160 -0.291057835536
161 -0.414562527301
162 -0.0977046299355
163 -0.111881303689
164 0.131398323639
165 0.253338849051
166 0.124704315558
167 -0.380699257821
168 0.253724701126
169 0.226997700549
170 0.266444047654
171 0.473106823909
172 0.446392495005
173 0.542337068614
174 0.638883083767
175 0.350177400606
176 0.426274417457
177 0.410956154717
178 0.60223093327
179 0.449965834608
180 0.576652527399
181 0.655092206039
182 0.885995834735
183 0.713124842691
184 0.929386081865
185 0.998035201744
186 1.28865420805
187 1.06860854041
188 1.06652979798
189 0.903965059794
190 0.923053673273
191 0.984565764072
192 0.748647633593
193 1.20007785735
194 0.784595555295
195 1.25483090082
196 1.3994024338
197 1.47871854304
198 1.44265682693
199 1.42784367323
200 1.56734408303
201 1.52063450926
202 1.11514720829
203 1.69111376541
204 1.79130205769
205 2.12161378572
206 2.00161671145
207 1.65273443527
208 1.53732522529
209 1.40371615858
210 1.82762232603
211 1.85140337299
212 1.9189734773
213 1.62889597352
214 1.48929249167
215 1.44801703626
216 1.4286142566
217 1.35183824818
218 1.30143510383
219 1.18648334661
220 1.63480491433
221 1.40092883309
222 1.49655445038
223 1.0415065279
224 1.04230030121
225 1.38233607812
226 1.35835275027
227 1.67022912848
228 1.23970416856
229 1.47496930053
230 1.00494265969
231 0.922853557232
232 1.03931756807
233 1.05102463859
234 1.09231336314
235 0.805883332968
236 1.17936055046
237 1.12992294908
238 1.10870787379
239 1.27881413482
240 1.15814898192
241 1.10420197683
242 1.2314666233
243 1.40953370241
244 1.81733810411
245 1.83954590442
246 1.50160186872
247 1.36035355194
248 1.3319976856
249 1.27020390419
250 1.47399150351
251 1.69209402264
252 1.49502929952
253 1.64171312714
254 2.04252284478
255 1.67764465942
256 2.18249800175
257 2.07937446437
258 1.92474427679
259 1.94823089454
260 1.94354844383
261 1.99428848102
262 2.04711048831
263 2.06810201989
264 2.21513505499
265 2.48252423937
266 2.15983316259
267 2.01401065909
268 1.86574099049
269 1.90501574628
270 2.06494613571
271 2.28440318385
272 2.02512445371
273 1.88066759984
274 2.08733205685
275 2.20320268086
276 1.95882496694
277 1.93112786463
278 1.75513720283
279 1.70771607134
280 1.70682388105
281 1.81837959291
282 2.05391900018
283 1.62468098948
284 1.75394518375
285 1.93112816871
286 1.59583076501
287 2.14079497607
288 2.21217592966
289 2.29173470127
290 2.15118648246
291 1.38500813412
292 1.73246110034
293 1.84851670069
294 1.38127351715
295 1.62608837345
296 2.21945416957
297 1.90099538675
298 1.85368882716
299 2.00238501432
300 1.86190942094
301 1.66122593727
302 1.95801825486
303 2.16262919278
304 2.3107513459
305 2.06744300553
306 1.80502178942
307 1.79179396583
308 1.71419135745
309 2.01155531043
310 1.94755765752
311 1.85865887587
312 1.80432355079
313 2.17365534578
314 2.16935246069
315 1.96570635053
316 1.97177933431
317 2.11693192809
318 1.92247730201
319 1.62946564958
320 1.93696460904
321 1.88333280193
322 2.18439195517
323 1.65146636896
324 1.7905234438
325 1.5260436879
326 1.91452059766
327 1.50332731105
328 1.76748416629
329 1.99730293056
330 1.81364951209
331 1.81624520044
332 2.0392007629
333 1.86861053518
334 1.95209920435
335 1.74398371748
336 2.07270161681
337 1.95993444629
338 2.05377554444
339 1.78968563061
340 2.06810016011
341 1.73593443524
342 1.78717734968
343 2.00514448307
344 1.97144025819
345 1.9632123896
346 2.11804997754
347 2.43412469937
348 2.52237851782
349 2.51744485608
350 2.39389936726
351 2.77896980548
352 2.66622404538
353 2.78498875627
354 2.84058308488
355 2.70068628041
356 3.00235664364
357 2.77787147339
358 2.65414014067
359 2.80959828181
360 3.527361598
361 3.23933260837
362 2.79653449922
363 3.19688670458
364 3.11540212713
365 3.17101859603
366 3.39790448841
367 3.06350882516
368 2.81042031968
369 3.14107014806
370 3.34425753248
371 3.08841157357
372 3.82049596381
373 3.88371096057
374 4.30662614066
375 4.31445600887
376 4.10749711315
377 4.52167943348
378 4.02816663735
379 4.21350366258
380 3.92154506791
381 4.46751186413
382 4.26769733562
383 4.34128850163
384 4.31215272686
385 4.09426193647
386 4.12689210481
387 3.87491566996
388 4.3165570969
389 4.27428212934
390 4.26030202542
391 4.29856650477
392 4.19505354991
393 3.81711103571
394 3.74528530258
395 3.74338074641
396 4.15246309856
397 4.11496436217
398 4.01253790355
399 3.5389122474
400 3.96700809804
401 3.71735421172
402 4.01188975647
403 3.93939589244
404 3.48890969912
405 3.69885273516
406 3.88436469328
407 3.79105070581
408 4.26875933999
409 4.54381363174
410 4.57294324582
411 4.63185868161
412 4.77363967365
413 4.82825997625
414 4.83798899118
415 4.75172432755
416 4.32659857898
417 4.8269363351
418 5.03875623657
419 5.29261819488
420 4.95855906385
421 4.92744132929
422 4.87263444755
423 5.12013363441
424 4.97425691415
425 4.98774480087
426 4.80944068543
427 4.46701593665
428 4.62562912085
429 4.93756903272
430 5.35760148854
431 5.07236117271
432 5.6247542431
433 4.99220381767
434 4.99327484618
435 5.05929757382
436 5.21370538596
437 4.88412592554
438 5.1409578534
439 5.14194535959
440 4.82070988975
441 4.44315309316
442 5.02425170334
443 5.00970467966
444 5.56683722209
445 5.36743330171
446 5.24630664275
447 5.52394996925
448 5.52884224636
449 5.52142233437
450 5.32567033181
451 5.82328750867
452 5.96558862364
453 5.78050006422
454 5.92716638562
455 5.6169635872
456 5.56945442721
457 5.4144700517
458 5.68913688642
459 5.5263144915
460 6.45214663761
461 6.69962519244
462 6.64613463975
463 6.68997272937
464 6.2741384512
465 6.13505115691
466 6.52353835542
467 6.60054585206
468 6.60514114056
469 6.25491744972
470 6.54371879814
471 6.58890357532
472 6.12732234479
473 6.72374528804
474 5.75241858659
475 5.34578014473
476 5.0291506125
477 4.95499898111
478 4.84610654847
479 5.05190156641
480 4.80935760987
481 4.9118353437
482 4.90631614327
483 5.40788036867
484 5.26980011904
485 5.60454898767
486 5.52498764472
487 5.51123593665
488 5.47681802605
489 5.34218808783
490 4.98349845365
491 4.91213095175
492 4.90490024344
493 4.02392220638
494 4.14832967125
495 4.05163546529
496 4.12718108998
497 4.44905366971
498 4.72640105985
499 4.16798018887
500 4.33595466653
501 4.34057530658
502 3.99529194415
503 4.13441868701
504 4.77250508809
505 4.48603775818
506 4.15752272571
507 4.66585063753
508 4.46538251402
509 4.1914055179
510 4.23898034999
511 4.11468281327
512 4.52024801031
513 4.85901956001
514 4.76305919092
515 4.7956841318
516 5.18714089799
517 4.6666458663
518 4.86987204452
519 4.57668345877
520 5.2259253776
521 4.7924222513
522 5.05733804328
523 5.28196508222
524 5.39504798739
525 5.11710382472
526 5.28994762916
527 5.50641738738
528 5.77955635051
529 5.51121898248
530 5.13045498598
531 5.61675709563
532 4.84882545889
533 4.7374713926
534 5.00232040913
535 5.40409605128
536 5.68139303034
537 5.95297361262
538 6.33708328139
539 6.98397985335
540 6.98364903414
541 6.62885877929
542 6.98609768111
543 6.58462428254
544 6.60466886092
545 6.30868695482
546 6.06872695396
547 6.01975338062
548 5.93080829907
549 5.94761686504
550 6.17167512502
551 6.06998976137
552 5.54178060276
553 5.80107691354
554 5.66035658551
555 5.87756472472
556 5.49078549051
557 5.58467701206
558 5.64698121643
559 5.52626925198
560 5.48372781378
561 5.10286696221
562 5.63728279234
563 5.49157155653
564 5.20378660398
565 5.31648378985
566 5.34313541566
567 5.81038612096
568 5.41834192817
569 5.43117237583
570 5.49563724774
571 5.42926322594
572 5.89032280531
573 5.62749665664
574 5.39813904775
575 5.19967940812
576 5.85639330472
577 5.97718436288
578 6.08275866437
579 6.36300912887
580 6.40557790285
581 6.2422143241
582 6.16003446062
583 5.74729944731
584 6.22549651312
585 6.29586628304
586 5.97937085379
587 5.5509449251
588 5.95973046582
589 6.25448083452
590 6.40839764386
591 6.40640213322
592 6.10939725529
593 6.31844219072
594 6.10543721613
595 6.09248407963
596 6.48410250408
597 6.50453593008
598 5.7585444791
599 6.34921481533
600 6.65319089094
601 6.54013032495
602 6.44016021881
603 6.25914137011
604 6.78699243565
605 6.88748335537
606 6.52588394158
607 6.64285581746
608 6.33807845223
609 5.98649822833
610 6.13197968052
611 5.94676126173
612 5.71637514181
613 6.42369484775
614 5.80315715862
615 6.11033222868
616 6.03333783825
617 5.7002927623
618 5.44987495705
619 5.74941727979
620 5.11623108678
621 5.22332981141
622 5.32375470224
623 5.0505907309
624 5.79447521147
625 5.45264757572
626 5.94670960327
627 5.58855541504
628 6.15782932952
629 6.23855039947
630 6.34593256648
631 6.45918798048
632 6.17641364474
633 6.13279432809
634 6.05444171823
635 5.84152564266
636 5.90017120897
637 6.18982738023
638 6.23342144049
639 6.05313136451
640 6.45697130955
641 6.04782139254
642 6.13219564166
643 6.89675141222
644 6.90017081096
645 6.67765544362
646 6.35922489774
647 6.78874129916
648 6.76608836795
649 7.18670051791
650 6.60510417052
651 6.98445727677
652 7.22837586057
653 6.9999694292
654 6.96510032124
655 6.66465610283
656 6.73865339638
657 7.06461278168
658 6.43467402589
659 6.38281473721
660 6.24487584873
661 6.24149242483
662 6.10830344704
663 6.07589810485
664 6.35687594772
665 6.40012104458
666 6.89880781561
667 7.21023403859
668 7.21141338053
669 6.67612927282
670 6.83057475796
671 7.05790444087
672 6.8225890145
673 7.1551188933
674 7.04355944748
675 7.17245197426
676 6.86534271138
677 7.71384679489
678 7.93832972097
679 7.98851454348
680 7.96651174674
681 7.92064015234
682 7.5948763392
683 7.8951711513
684 7.96724033685
685 8.30867764079
686 8.06481535421
687 7.89600785807
688 8.03406631599
689 8.27909035336
690 8.65717978561
691 8.83491170595
692 8.22797812297
693 7.62931860308
694 7.27777326163
695 6.58438051325
696 7.24188190942
697 6.98018403409
698 6.99101234905
699 7.40883081308
700 7.23404824087
701 7.01410220923
702 7.30950247952
703 7.19023618408
704 7.44151487088
705 7.73836718509
706 7.27231481342
707 7.56074973937
708 7.29876803657
709 6.87731135105
710 7.24926388096
711 7.54222900089
712 7.82702411677
713 7.21580657816
714 6.73394127232
715 6.9040511289
716 7.12457152599
717 7.17772799344
718 6.90957656626
719 7.19354926863
720 6.86084695664
721 6.9249229385
722 7.40248068286
723 7.0130032309
724 7.42196962949
725 7.5369014377
726 7.24135520746
727 7.35010616138
728 7.06514145028
729 7.43853348504
730 6.6441288577
731 7.07205515737
732 7.33517541752
733 8.0070842591
734 7.70923016297
735 7.92505865982
736 7.80780042798
737 7.4455534045
738 7.15605040718
739 7.24684542924
740 7.16440239801
741 7.50879556714
742 7.52914375409
743 7.09485416025
744 7.04285585046
745 6.99663251687
746 7.30966693194
747 7.61653564272
748 7.41088271999
749 7.42768660075
750 6.99221396131
751 6.96257070362
752 6.6069342722
753 6.98503075833
754 6.95509980419
755 7.3565717436
756 7.65803881069
757 7.95448505583
758 8.03854007878
759 8.05620542903
760 7.83077025212
761 7.78455939028
762 7.89260342514
763 7.67974078679
764 7.42809421365
765 7.49417893061
766 7.41991593526
767 6.90997642926
768 7.26109000942
769 6.95037859309
770 7.02926281132
771 7.07015774946
772 7.13834210184
773 7.09698218635
774 6.47085878984
775 6.30919029786
776 6.65660607515
777 6.37124189729
778 6.96583584773
779 6.67734279335
780 7.44275994243
781 7.26774219185
782 7.20201021687
783 7.34306367437
784 7.06050171362
785 7.23617188484
786 6.99621157515
787 7.00661596223
788 7.37602376622
789 7.43333662767
790 7.24094002068
791 6.86498034691
792 7.37106295762
793 7.74178491445
794 7.7736585351
795 7.5815422506
796 7.30115694463
797 7.94596680208
798 7.19616418535
799 7.12003388678
800 7.14254336495
801 7.18836220974
802 6.62385038543
803 6.48945467631
804 7.09147505498
805 7.05773402535
806 7.36563858662
807 7.21971929581
808 6.93384907247
809 7.27925177869
810 7.24542199594
811 7.81229386181
812 7.05084299556
813 7.25222124676
814 7.17352537468
815 7.07053326923
816 7.07837657476
817 7.04617903079
818 6.64720086367
819 6.69336125589
820 6.81898753871
821 7.26009153015
822 7.37332180787
823 7.45548762176
824 7.49827626621
825 7.39554927129
826 7.40934375
827 7.42035493082
828 7.67808096954
829 7.09532525201
830 7.16901005298
831 7.20977471794
832 7.43088244667
833 7.20849008202
834 7.24186661058
835 7.41962397806
836 7.10617862408
837 7.46765918432
838 6.92575397406
839 7.1314239022
840 7.66580657723
841 7.23864726495
842 7.31282600073
843 7.18948531824
844 8.14213520028
845 8.11858397946
846 8.03124405056
847 8.67806164935
848 9.15274692442
849 9.08763823189
850 8.83617747452
851 8.95116756519
852 8.76673842211
853 8.84599905865
854 8.6675363346
855 8.59139488841
856 8.09430822544
857 9.04561937115
858 9.35380129751
859 9.08746753279
860 9.11185249157
861 9.5479753506
862 9.81455323302
863 9.05679765387
864 8.7259711478
865 8.21702511379
866 8.09955329804
867 8.41398854199
868 8.37924342463
869 8.82185952848
870 8.79571222775
871 8.45222929405
872 8.53704394104
873 8.49753425927
874 8.00203001775
875 8.35609921951
876 8.41820719452
877 8.83005416396
878 9.08499256243
879 8.800749179
880 9.04403439962
881 8.50834602734
882 8.74442501955
883 8.38174897038
884 8.10813029789
885 8.28459432255
886 7.62013895219
887 7.98214818705
888 8.15925291709
889 7.71950251425
890 8.15332926466
891 8.44108247522
892 8.14982025914
893 7.74078560842
894 7.82602883832
895 8.28815370231
896 8.18585377023
897 8.60500691785
898 8.27414925577
899 8.78213125421
900 8.89122018256
901 8.72755678559
902 8.29027759493
903 8.33931332656
904 8.00777581919
905 8.30435231254
906 8.68683913001
907 8.7607067983
908 8.71421846432
909 8.70188823344
910 8.38798157955
911 8.26112734479
912 8.52519509717
913 8.13019546331
914 8.16461811683
915 8.22602172904
916 8.38740637138
917 8.00265209474
918 8.23275109732
919 7.94775073525
920 8.15284676951
921 7.94858008444
922 8.20144616758
923 8.50770492197
924 8.17658836477
925 8.07469077046
926 7.89506180561
927 8.31049044435
928 8.08971129197
929 7.92870650981
930 7.803460761
931 8.2492877256
932 8.48691227228
933 8.43670679525
934 8.23870098144
935 8.19211344568
936 8.45666557321
937 9.03759513262
938 9.07758538007
939 9.07326631044
940 9.2401542832
941 9.07415075373
942 9.18541819197
943 9.11758249951
944 8.91876121237
945 9.14048796596
946 9.20169668558
947 9.23728227969
948 8.92938747416
949 8.62296955336
950 8.23112704047
951 8.21044082943
952 8.65756513628
953 8.62719022653
954 8.41481807256
955 8.28914835544
956 8.78546551399
957 8.8413557949
958 9.00573956835
959 8.70879525656
960 9.28597394837
961 9.30992707018
962 9.17164576103
963 8.15275054062
964 8.7241757702
965 9.49965412419
966 9.77307489129
967 9.48750965033
968 9.4877634452
969 9.63495717656
970 9.87519907795
971 9.77189235439
972 9.58477722779
973 9.36145890488
974 8.88936831884
975 8.99429436474
976 8.62319751228
977 8.8435721642
978 8.91529219635
979 8.59533438289
980 8.90886379159
981 8.69766798952
982 9.08174762986
983 9.17607824873
984 9.52971894183
985 9.99130533961
986 10.2138831788
987 10.4357131872
988 10.8181918252
989 10.294384867
990 10.8582180422
991 10.8020510293
992 10.7207297253
993 10.6238168755
994 10.5423512129
995 10.2929767625
996 9.90140757399
997 9.98025163349
998 10.1675862633
999 10.4831990173
