0 0.0
1 -0.466426146879
2 -0.249934190853
3 -0.580524511704
4 -0.336256724419
5 -0.311865039973
6 -0.272537781274
7 -0.289007914282
8 -0.484228128416
9 -0.211329227129
10 -0.264483963591
11 -0.0322368641516
12 -0.213199191444
13 -0.220166887255
14 -0.0743258531114
15 -0.15233650691
16 -0.0453950500847
17 0.00729789854046
18 -0.00534304863617
19 -0.0788927521694
20 -0.0013142108441
21 0.00386629697073
22 -0.0500427820181
23 -0.131268690866
24 -0.11708441888
25 -0.427731637706
26 0.0442521197078
27 -0.108109979001
28 -0.00294634946841
29 -0.0874149597509
30 -0.0749780352484
31 -0.200092052185
32 -0.0761817371026
33 -0.35466020262
34 -0.214884577849
35 -0.237711888373
36 -0.218089663575
37 -0.377581498268
38 -0.239090534816
39 -0.417396711351
40 -0.307066415961
41 -0.343239030888
42 -0.0561661177151
43 -0.316703956074
44 -0.12145729341
45 -0.333880938686
46 -0.357976611085
47 -0.247154708442
48 -0.0340367881493
49 -0.231036632148
50 -0.0892114453987
51 -0.0999094461574
52 -0.0618145459288
53 0.0062611759949
54 -0.203003465
55 -0.141273309192
56 -0.394530483482
57 -0.171741524951
58 -0.297017406236
59 -0.0290461656217
60 0.061105281135
61 0.201234896032
62 -0.020856364775
63 0.325195693695
64 -0.0646458732401
65 -0.216434034537
66 0.015459647628
67 -0.0420572047487
68 -0.197277906809
69 0.0526941398213
70 -0.369828740144
71 -0.0975285045517
72 0.0106146290541
73 0.0299672372967
74 0.150647760604
75 0.0342415487579
76 -0.152565746584
77 0.0696346135298
78 -0.0109236748449
79 0.101194491686
80 -0.189411431991
81 -0.263843886766
82 -0.257701508513
83 -0.152481834763
84 -0.125068624976
85 -0.128260120369
86 -0.280603678116
87 0.0495903564213
88 -0.227547855909
89 -0.113773625169
90 -0.0333422538486
91 -0.213446069729
92 -0.199174441893
93 -0.440289920963
94 -0.150247209879
95 -0.187579659252
96 0.046506205222
97 0.0363752707901
98 -0.163839290213
99 -0.134017283512
100 -0.0677595972273
101 -0.385766716254
102 -0.162051552526
103 -0.251221722969
104 -0.289771344109
105 -0.27741995955
106 -0.335653067893
107 -0.441107976645
108 -0.356430325586
109 -0.361682411325
110 -0.296080303161
111 -0.215806561952
112 -0.388684838012
113 -0.346299403536
114 -0.487440984165
115 -0.236898780973
116 -0.341768931966
117 -0.257291750251
118 -0.402927741749
119 -0.409195768941
120 -0.25213496033
121 -0.284483495201
122 -0.380359612793
123 -0.472066157432
124 -0.299061216214
125 -0.0834255158668
126 -0.191896089915
127 -0.308655797285
128 -0.3228716181
129 -0.491302160868
130 -0.251086338856
131 -0.195274968372
132 -0.538359410573
133 -0.17554755701
134 -0.283074248416
135 -0.448028564829
136 -0.0939250188739
137 -0.0452985849802
138 -0.243416567575
139 -0.542601353362
140 -0.217605367061
141 -0.449953842277
142 -0.305072181056
143 -0.154381724753
144 -0.231679287581
145 -0.252614963065
146 -0.494059759214
147 -0.14480457476
148 -0.233217977397
149 -0.254327738296
150 -0.025747041757
151 0.144880297645
152 0.287646641026
153 -0.0482259299027
154 0.19495332531
155 0.0565250629352
156 0.193703065227
157 0.140724951532
158 0.332322246902
159 0.255084305649
160 0.238622998379
161 0.454817715158
162 0.300106541145
163 0.383577947746
164 0.228334965595
165 0.375394600141
166 0.313715449217
167 0.246711062901
168 0.587383972167
169 0.833702040284
170 0.649841019599
171 0.338942097234
172 0.605488368842
173 0.526736701168
174 0.608138353218
175 0.757270352371
176 0.647886733017
177 0.922127793946
178 0.878478417073
179 0.487683645455
180 0.642488728928
181 0.592703015987
182 0.926349720919
183 0.863457186327
184 1.13444913813
185 0.936200383532
186 1.25888969828
187 1.08258049418
188 1.20463135531
189 1.13149947207
190 0.775481287809
191 0.832102782891
192 0.766793352175
193 0.657810583068
194 0.858006497872
195 1.16690456789
196 1.04960516851
197 0.82028846369
198 1.13212087409
199 0.872632643971
200 1.1698906837
201 0.952829852789
202 0.96887569384
203 1.38117863966
204 1.16899483265
205 1.24786785778
206 0.968736355393
207 1.04047736937
208 1.11270656776
209 1.16666634172
210 1.31101391094
211 1.10675576424
212 1.40461735594
213 0.857378850252
214 0.870114342799
215 0.934653085281
216 1.25410145894
217 1.35605131446
218 1.22726425821
219 1.28831357341
220 1.36954385429
221 1.47167976188
222 1.79712149511
223 1.5697081312
224 1.62062055713
225 1.07634489684
226 1.25505141424
227 1.61752228037
228 1.16802947728
229 1.52543363751
230 1.48888872458
231 1.57678471305
232 2.15276438369
233 1.96630857741
234 1.95615975655
235 1.8640495592
236 1.67907644055
237 2.02038888298
238 2.30014617159
239 2.58407466456
240 2.45930235173
241 1.7883733662
242 1.94467994994
243 1.99261670839
244 1.87776798624
245 1.96471391879
246 2.25717213727
247 2.20647716559
248 2.09411169903
249 2.06685789221
250 2.14529296604
251 2.2255662133
252 2.35998233508
253 2.36678678891
254 2.25544272956
255 2.3198548884
256 2.13372110211
257 2.13190776874
258 2.06973922111
259 1.93557855681
260 2.19763458264
261 2.3841463606
262 2.3807066617
263 2.42906665672
264 2.16806876913
265 2.24238734159
266 2.13516009045
267 2.30421709668
268 2.23856132665
269 1.77530400469
270 2.00174006427
271 2.12162399157
272 2.50495065173
273 2.32957930016
274 2.53532782956
275 2.73643829669
276 2.53313513483
277 2.50449628547
278 2.13205474855
279 1.97627172043
280 2.05384947795
281 2.16841986686
282 1.93446398689
283 2.5678244316
284 2.09648700406
285 2.17634271048
286 1.66864271131
287 1.96519237137
288 1.88115394793
289 1.94180326804
290 2.2233419803
291 2.23523743757
292 2.43264269487
293 2.29917685813
294 2.19819739053
295 2.13805277315
296 2.25955411716
297 2.14594516441
298 2.52502401937
299 2.14471118173
300 2.2867698709
301 2.22194205678
302 2.37830976902
303 2.37808004176
304 2.26888209474
305 2.04044730607
306 2.35040139773
307 2.24029408868
308 2.11179517398
309 2.04706299232
310 2.10792228316
311 2.42093834361
312 2.37620049096
313 2.49610153357
314 2.26940728577
315 1.9004080027
316 2.69104397604
317 2.58923844231
318 2.29199947007
319 2.5875177976
320 2.33867117961
321 1.8528847928
322 2.50225165003
323 2.31175116708
324 2.43959697486
325 2.39607476468
326 2.86217178424
327 2.84006171891
328 2.78275072369
329 2.49940324728
330 2.60548351974
331 2.83535598909
332 2.61510818996
333 2.52977991332
334 2.6522135425
335 2.68081373309
336 2.77412883834
337 3.17310160172
338 2.76883891675
339 2.94403538758
340 3.22231447743
341 3.03866308972
342 3.31237526501
343 3.10821421527
344 3.05182394078
345 2.94332282871
346 3.01524130992
347 3.40087410802
348 2.8233587666
349 2.72867212586
350 2.74676631453
351 2.67261939491
352 2.52793197933
353 2.63177578149
354 2.63042313205
355 2.49971008506
356 2.62557980665
357 2.20281909598
358 2.11235991282
359 2.25889620682
360 2.02230767085
361 2.38945293703
362 2.4484206429
363 2.52117145607
364 2.69237957883
365 2.78854349583
366 2.52482906253
367 2.1438399043
368 2.70037946253
369 2.61362143245
370 2.32761878795
371 2.13207834459
372 2.14809004407
373 2.57930433064
374 2.33716092052
375 2.29502313192
376 2.30932118016
377 2.52674011192
378 2.45626156141
379 2.13836780107
380 2.30640685176
381 2.17970150907
382 2.27023425744
383 2.08360606468
384 2.3411312313
385 2.7536061174
386 2.13151015154
387 1.61835373453
388 1.66351896048
389 1.5899206485
390 1.59115538885
391 1.9118396618
392 2.06253621589
393 2.25482145131
394 2.74714710703
395 2.6561318343
396 2.6391760679
397 2.67545142983
398 2.70744036179
399 2.70825203933
400 2.8094024198
401 2.81016351987
402 2.81436409937
403 2.75221654962
404 3.06486958878
405 2.59565580096
406 2.30089461917
407 2.68136477867
408 2.53428525036
409 2.89765261493
410 2.70706196331
411 3.0643348491
412 2.93943427646
413 3.2308476635
414 3.21656139084
415 2.62538141244
416 2.59262747985
417 2.7654466058
418 3.08844650292
419 3.35073860461
420 3.5084895195
421 3.04035921619
422 3.33373789093
423 2.95233118336
424 2.97273611343
425 3.30884502921
426 3.56252959466
427 3.50909150168
428 3.64464373586
429 3.49734068098
430 3.40789698523
431 3.86572163226
432 3.72081781982
433 3.72224997713
434 3.51013019983
435 3.61309426276
436 3.36215307574
437 3.82588140154
438 3.48979484726
439 3.38366142628
440 3.68815989322
441 3.77817127038
442 3.84153771846
443 3.49625437948
444 3.35713701893
445 3.31936510983
446 3.21126358717
447 2.8967288051
448 2.87491486289
449 3.1920353301
450 3.08755331811
451 3.04542969062
452 3.15058033306
453 3.33122157204
454 3.23147742724
455 3.17994265422
456 3.07240477991
457 3.22032775701
458 2.80955340417
459 2.84848480253
460 2.94549358405
461 3.10239519423
462 3.103744793
463 3.19592087653
464 2.95840959916
465 2.96446959712
466 3.37400357947
467 3.61845594886
468 3.36970564591
469 3.33681481673
470 3.0885942116
471 2.95659430375
472 3.34075328416
473 3.27085275013
474 2.69623871231
475 2.86806446143
476 2.49680834785
477 2.36417262041
478 2.73906928137
479 2.90118584141
480 2.9289286925
481 2.9678477846
482 2.71096810371
483 2.88979104513
484 2.72122632753
485 2.73711794921
486 3.40833577359
487 3.56090067965
488 4.00586838856
489 3.81396306939
490 3.15435626365
491 3.76106450521
492 3.37637015514
493 3.39495267838
494 3.5012903484
495 3.65794939256
496 3.80952032533
497 3.80975992564
498 3.68294366711
499 3.72251295126
500 3.93402655728
501 4.1094722546
502 3.72751622025
503 3.80651891529
504 3.89203601512
505 3.68608221909
506 3.75530388161
507 4.25856392188
508 3.86065805613
509 3.96265431356
510 4.06578859295
511 3.8023742175
512 4.08499902815
513 3.89177378786
514 3.93816960607
515 4.22782457191
516 3.84507118434
517 3.99573398917
518 4.15904880929
519 4.54333114894
520 4.06534050617
521 3.65342761835
522 3.61408029431
523 3.98150891278
524 4.15540865346
525 4.10448371937
526 3.96662498092
527 4.07793967256
528 3.79030779312
529 3.90424093344
530 3.88501096542
531 4.22633151794
532 4.10719834272
533 4.03020633487
534 3.8791448532
535 3.73236887236
536 4.23180339792
537 4.11336158096
538 4.03040871597
539 3.9231299281
540 3.91921149094
541 4.12582860298
542 3.78286850695
543 4.17836041726
544 4.37931518547
545 4.31592584311
546 4.04102833434
547 3.79555454578
548 3.89254992587
549 3.69229390272
550 3.5938469011
551 3.56901980079
552 3.77142783199
553 3.76806180167
554 3.60925081235
555 3.69207677465
556 3.81192229488
557 4.26574065803
558 4.53098121582
559 4.64828496478
560 4.40377775777
561 4.72392145844
562 4.46638384464
563 4.58422866299
564 4.46745921148
565 4.1148380577
566 4.21175802722
567 4.52170370043
568 4.35358599763
569 3.97610796257
570 4.01567768419
571 3.80447069079
572 3.88863342311
573 3.71244488664
574 4.10347778894
575 4.1013981909
576 3.94384863774
577 3.84638137
578 4.27065670304
579 4.16913300584
580 4.79493072158
581 4.58847540259
582 5.04000879493
583 4.51325623834
584 4.39112410523
585 4.50635271699
586 4.11976141097
587 4.00211988535
588 3.64493065721
589 3.64937282726
590 3.84763642289
591 4.00956640137
592 3.99011790646
593 4.14868962617
594 3.9653995277
595 3.85783346018
596 3.79751677352
597 3.80301445149
598 3.6331845008
599 3.69507234762
600 3.92218678301
601 4.48940702415
602 4.25336292238
603 4.22538559572
604 4.16165857157
605 4.05089010612
606 3.78181904046
607 4.32752285363
608 4.12576099091
609 4.07489312363
610 4.51315191045
611 4.46577683145
612 4.24027746427
613 3.94600351292
614 4.24800382611
615 4.07193476916
616 4.3041439381
617 4.23559927116
618 4.56324596212
619 4.38753398501
620 4.35439343516
621 4.37827376327
622 4.64162801206
623 4.16799161219
624 4.1881327166
625 4.18469366146
626 4.6804347983
627 4.35899901125
628 4.55445994058
629 4.64673822155
630 4.51236952035
631 4.5029371394
632 4.4813955952
633 4.73754871821
634 4.61047983602
635 4.61771916919
636 3.98197312966
637 4.42228857386
638 4.49982598134
639 4.54413322684
640 4.60871792173
641 4.33800238896
642 4.56658978489
643 4.76578906837
644 4.48726649675
645 4.6939149945
646 4.70150110827
647 4.78858314706
648 5.16033519856
649 4.72466300388
650 4.71885792221
651 4.97832665201
652 4.94727832999
653 4.73713972008
654 5.14171301773
655 5.05324020384
656 5.0178000457
657 4.74240362964
658 4.52381346157
659 4.39763203483
660 4.13728530346
661 4.08975006606
662 3.93156551822
663 3.99407012351
664 4.29086728936
665 4.00189283627
666 4.22024807154
667 4.29098642503
668 4.432526762
669 4.24453323961
670 4.29772859511
671 4.09201073479
672 3.9310521489
673 3.89673179891
674 3.87476210169
675 3.86498413377
676 3.89376496447
677 4.16509174651
678 4.48878931412
679 3.88785825069
680 3.98918080004
681 4.06938946266
682 3.72167446347
683 3.62261980192
684 2.95881330651
685 3.59426753052
686 3.65901857418
687 3.70936375117
688 3.90609083402
689 3.92380638984
690 3.94017632914
691 3.72312302257
692 3.96763316209
693 4.11540926865
694 4.23588561508
695 4.03018226058
696 4.3086343346
697 4.34967775265
698 3.95740380866
699 3.5224293086
700 3.55391603294
701 3.70989198246
702 3.97842182778
703 4.21572956873
704 3.61963439731
705 3.87961139808
706 3.94926849298
707 3.66017446255
708 4.00951591882
709 3.78383987965
710 3.71087889128
711 3.8946294562
712 3.42481788933
713 3.36906055811
714 3.8869516072
715 4.36439406063
716 3.96410704563
717 3.93850063426
718 4.12480745035
719 3.86074056958
720 4.12915133465
721 3.8987346312
722 4.27868424392
723 4.22657714583
724 4.22610953344
725 4.5656505057
726 4.40646254902
727 4.46117604636
728 4.13521590356
729 3.83871650517
730 3.81824297628
731 3.97356709851
732 3.80507697783
733 4.03790645979
734 4.33495466046
735 4.38607832736
736 4.09850100796
737 3.95878405519
738 4.0019007808
739 4.13844632058
740 4.28296643913
741 4.34719879209
742 4.55354886689
743 4.18161721738
744 4.25499519011
745 4.76126605311
746 3.87602863231
747 3.98855623773
748 4.1240469694
749 3.982597051
750 4.41050920881
751 4.32528530212
752 4.32103885696
753 4.53895713911
754 4.1706938418
755 4.36871879281
756 4.32097465961
757 4.31678511983
758 4.67779322839
759 4.93856461061
760 4.81941262207
761 4.4681159375
762 4.42986634156
763 4.29225131312
764 4.15913694955
765 4.37413383903
766 4.83262261471
767 4.205831753
768 4.34400963709
769 4.32535731715
770 4.50391174687
771 4.36619600704
772 4.44200726809
773 4.16497991754
774 4.15349616618
775 4.66100737502
776 5.05515837157
777 5.03061077503
778 5.28884797521
779 5.26071296857
780 5.29644030911
781 5.10378928792
782 5.48981856688
783 5.2938367975
784 4.89337684273
785 5.01348972132
786 5.10453239916
787 5.34855312551
788 5.45474431312
789 5.69133699285
790 5.63657725022
791 5.88787472085
792 5.91650770379
793 5.48452670887
794 5.22409948799
795 5.22647158625
796 5.48635506639
797 5.81069976244
798 5.82824875306
799 5.96775768064
800 5.98528969774
801 5.93046156499
802 5.52372371309
803 5.59447272719
804 6.06385426522
805 6.27642740608
806 5.96871539252
807 5.75155997339
808 5.74658165979
809 5.84123705956
810 6.18800592934
811 5.90969835388
812 5.41130779079
813 5.1470050407
814 5.12210972743
815 5.19015378958
816 5.30344142212
817 5.31677503188
818 5.06117511873
819 5.08902321586
820 5.50792598301
821 5.35718730254
822 5.49475669804
823 4.98093897229
824 5.09590624938
825 5.0114931484
826 5.32718921184
827 5.2825818547
828 4.76725156567
829 5.22148817464
830 4.71565215289
831 4.49184130858
832 4.74229260207
833 5.01207642832
834 4.84928774249
835 5.02610398069
836 5.35899812938
837 5.30510522979
838 5.44687641343
839 5.35687867456
840 5.38937883106
841 5.32371701971
842 5.59498634046
843 5.52887130476
844 5.20589553837
845 5.8459043943
846 5.6536257962
847 5.27741717222
848 5.29972373323
849 5.33532088637
850 4.83056415046
851 5.62109867622
852 5.26422035735
853 4.98988644233
854 5.19083092272
855 5.12482218337
856 4.68554302863
857 4.52805680792
858 4.90749185503
859 4.98492630253
860 5.00452858747
861 4.91864581183
862 4.68369899291
863 4.6073702048
864 4.57930858031
865 5.26218295375
866 4.88902349787
867 4.99589212411
868 5.29998051929
869 5.00587783668
870 4.64521063325
871 5.01064704099
872 5.1714573098
873 4.77929028359
874 5.37971557053
875 5.20016357158
876 4.96631367941
877 5.03182137656
878 4.7674896723
879 5.07404181283
880 5.34734821191
881 5.29846299078
882 5.23889230453
883 5.38080913271
884 5.14348781723
885 4.87271239822
886 4.9126899795
887 5.32538941014
888 4.51878928737
889 4.99161072535
890 5.06649036991
891 5.57616040992
892 5.22446459184
893 5.76413809318
894 5.31516181772
895 5.38315257377
896 5.12002584196
897 5.04817664337
898 5.15386384514
899 5.27628196167
900 4.9488221795
901 4.82376293639
902 4.80686665233
903 5.35591118085
904 4.5243268754
905 4.75892189136
906 4.89887316636
907 4.32022626559
908 4.51806022791
909 4.40788838242
910 4.60610890519
911 4.74408039039
912 4.89791132443
913 4.62415623033
914 4.78315748523
915 4.74947218899
916 5.11433914928
917 4.89294081553
918 4.8768335185
919 5.16644425861
920 5.07731402094
921 4.93812193219
922 4.99130005841
923 5.00887007601
924 4.70578891096
925 4.61051422219
926 4.77566514602
927 4.70126280167
928 4.86445616386
929 4.59922535614
930 4.57619644592
931 4.12991353861
932 4.52026376088
933 4.93819339159
934 5.29458134521
935 4.95989660123
936 4.63622236376
937 5.11475593356
938 5.11236343994
939 4.52676951735
940 4.78223714288
941 4.75538214408
942 4.47129272648
943 5.11268423617
944 5.14889524137
945 4.72871375861
946 4.77966889397
947 5.12512929431
948 5.01060589922
949 4.84930721944
950 4.90676617457
951 4.84098020699
952 4.82294038626
953 4.7231415246
954 4.62408544436
955 4.93302868212
956 5.16497546155
957 5.08422936966
958 5.19452880435
959 5.61418013197
960 5.1778229587
961 5.20984857098
962 4.96361970891
963 5.19202346089
964 5.50755337971
965 5.66974137738
966 6.08946111915
967 6.31119664597
968 6.29964091691
969 6.54951347152
970 6.25623345547
971 6.26269271494
972 6.23596344972
973 6.21939847875
974 6.19084384369
975 6.26143822599
976 6.38733099787
977 6.07658545822
978 6.21614169243
979 5.99452660372
980 6.36027848163
981 6.62408725062
982 6.55188621722
983 6.58907003757
984 6.8478528561
985 7.3158498965
986 7.32456197219
987 7.26947574861
988 6.97462592848
989 7.20381895854
990 7.44269869865
991 7.87097679227
992 8.01155408433
993 8.42942913403
994 7.91609545481
995 8.18582083129
996 8.37657261455
997 8.73410594386
998 9.09408168636
999 8.79659791675
