0 0.0
1 0.188871696312
2 0.249041950396
3 -0.00376353473053
4 0.0670068444301
5 -0.0280344281239
6 0.0139903797904
7 0.000958609516761
8 0.008505458768
9 0.215683988146
10 0.260616149289
11 0.119620446556
12 0.435613280836
13 0.394377027931
14 0.390255293299
15 0.419192336929
16 0.53563532896
17 0.451383786031
18 0.369636420903
19 0.61242320976
20 0.545073272711
21 0.29256881894
22 0.179387378119
23 0.499437369316
24 0.102355748377
25 0.343153987192
26 0.385243019333
27 0.214487747951
28 0.281189816712
29 0.382226804505
30 0.419583842674
31 0.0780377175586
32 -0.0456374229827
33 0.229327302773
34 0.253267590302
35 0.326596452464
36 0.407824022299
37 0.382371441504
38 0.468962811486
39 0.165142814254
40 0.434472171929
41 0.367833257612
42 0.436109603862
43 0.40907189029
44 0.556383973378
45 0.260797461724
46 0.354625646576
47 0.334864960999
48 0.351931321796
49 0.496124367867
50 0.336291816223
51 0.589817134792
52 0.31070239655
53 0.428645958193
54 0.475489467916
55 0.0628726846433
56 0.404196404723
57 0.614409738686
58 0.389564922817
59 0.201279656652
60 0.319558297101
61 0.402239301738
62 0.608986656327
63 0.441955985637
64 0.569339334777
65 0.658193351024
66 0.994267789248
67 0.664749717942
68 0.617432047685
69 0.653219476957
70 0.577190478714
71 0.752494133155
72 0.848695069919
73 0.994431206298
74 1.00793053386
75 0.846853420309
76 0.880378282625
77 0.951934499834
78 1.0854087198
79 0.990956207176
80 0.753684007262
81 0.964539231338
82 0.688963103419
83 0.726747354308
84 0.625663805636
85 0.57619579505
86 0.643509941957
87 0.640975473934
88 0.893909592449
89 0.84284771502
90 1.13658246958
91 1.01213080271
92 0.82328214471
93 0.907252443373
94 0.971297627491
95 0.850158983791
96 0.71519165243
97 0.613116323529
98 0.699231333761
99 0.921929646927
100 0.954733425968
101 0.751103356439
102 0.436784630832
103 0.690158671302
104 0.610962614271
105 0.694574545195
106 0.857041781363
107 0.801560857591
108 0.806003643718
109 0.609068392385
110 0.800521534538
111 0.678562911394
112 0.89396848489
113 0.944420273193
114 0.951853594934
115 0.79414109638
116 0.73881950953
117 0.803102186218
118 0.964276457323
119 0.864492558804
120 0.842204431788
121 0.959614081713
122 1.1110582258
123 1.05464376203
124 0.722963290362
125 1.10812196968
126 0.89283624816
127 0.945781220627
128 0.773912105905
129 0.894172231759
130 1.3199578783
131 1.15693364123
132 0.940432656224
133 0.75101134103
134 0.859019848053
135 1.04799828637
136 0.92940134902
137 0.8155699214
138 0.768237788763
139 0.989945932961
140 1.08265294931
141 1.04540848983
142 1.07746450118
143 1.10778760713
144 1.02378603483
145 0.998528648033
146 0.842025137624
147 0.935532796956
148 1.13323023462
149 1.03358298697
150 0.696021169151
151 1.01058205444
152 0.769816414008
153 1.06860958552
154 0.760418106049
155 0.806356041482
156 1.02736690373
157 0.963813742217
158 0.804961346681
159 0.809835541548
160 0.881985791943
161 0.810585542944
162 0.692117227654
163 0.926925962992
164 0.882626607307
165 0.851568506463
166 0.748354600784
167 0.889231576694
168 1.05344171303
169 0.868024479146
170 1.07892680973
171 1.34071943511
172 0.99276394848
173 1.1786377249
174 0.813281293202
175 1.15807871828
176 0.911433613923
177 1.06323082683
178 1.22893453388
179 1.00937624746
180 1.34456247031
181 1.30995417074
182 1.38913428579
183 1.08599610097
184 1.14397232882
185 1.00816654558
186 1.06711639177
187 1.0298974726
188 0.881930576464
189 0.969320487589
190 0.912901030562
191 0.759590932162
192 0.75345682828
193 1.07234606593
194 1.03103426269
195 1.19995252745
196 1.24839960138
197 1.27266966876
198 1.24893567865
199 0.983579137987
200 1.09347965742
201 0.85228002976
202 1.08157079146
203 1.22202548324
204 1.35128523023
205 1.43924667825
206 1.21472830519
207 1.35694116147
208 1.34164416403
209 1.01175792771
210 1.18724783065
211 1.16518457902
212 1.60171734278
213 1.42539310547
214 1.33682438442
215 1.17000340707
216 0.991070390207
217 1.22749385454
218 1.28251088106
219 1.0276546088
220 1.42188028544
221 1.10344326601
222 1.56704659534
223 1.12783658142
224 1.50949048624
225 1.45256359983
226 1.49963128145
227 1.53419907781
228 1.52194971149
229 1.52507857776
230 1.11677259752
231 1.38026038622
232 1.49180055428
233 1.48480605206
234 1.63961841851
235 1.4444046673
236 1.57169601835
237 1.37239030317
238 1.58444022189
239 1.42315014975
240 1.54993111893
241 1.54763448076
242 1.52427007359
243 1.62168759704
244 1.60907624698
245 1.46442673649
246 1.53871483387
247 1.72615461798
248 1.67429221736
249 1.52171590294
250 1.48807483494
251 1.63366269536
252 1.70454316301
253 1.54768715895
254 1.71680407228
255 1.59967221105
256 1.56928373898
257 1.78960125463
258 1.48376447661
259 1.57883769253
260 1.69196997812
261 1.77354595499
262 2.01822642625
263 1.8659146608
264 1.85398805004
265 2.03756722977
266 1.74831594099
267 1.4930909782
268 1.77559990151
269 1.81881571727
270 1.74932467965
271 1.57101333996
272 1.89182852105
273 1.76798278467
274 1.93650260519
275 1.85120742682
276 2.11606168766
277 1.93262880762
278 1.77506113348
279 1.89396772761
280 1.86739406841
281 1.59292219886
282 1.96771857966
283 1.56694485734
284 2.22191128745
285 2.09629283126
286 2.25659565075
287 2.29574127075
288 2.24763336713
289 2.10564883374
290 2.2798493678
291 2.07338486506
292 1.74348543123
293 1.96964200836
294 2.12314712198
295 2.06599703853
296 2.07820881723
297 1.86683366535
298 2.05527076406
299 2.01821700438
300 2.28237782325
301 2.3929899077
302 2.13536473601
303 1.60627454497
304 1.708939835
305 2.17423906434
306 2.37016966869
307 2.15482715606
308 1.87575297255
309 2.00292528898
310 2.24792488701
311 2.19208704864
312 1.99687659327
313 1.88339015011
314 2.17763869306
315 2.58180159235
316 2.0542471993
317 2.19641036846
318 2.25184794698
319 1.86258523836
320 1.95486658338
321 1.73423969652
322 1.85345860299
323 1.52014112891
324 1.78770456972
325 1.91892840496
326 2.43950334135
327 2.29402521141
328 1.83150785378
329 2.16947038531
330 2.08511078995
331 2.23254638949
332 1.8794219331
333 1.94958165675
334 2.00871650503
335 1.78496199612
336 2.17500645548
337 2.58473279917
338 1.95417470188
339 2.3409874972
340 1.89275587775
341 1.95516270197
342 2.31153722026
343 2.04845619876
344 2.13217093242
345 2.20789590397
346 2.22095908164
347 2.14149825776
348 2.46144662134
349 2.44246388922
350 2.59515266397
351 2.62673896127
352 2.2846704351
353 2.31972007156
354 2.40324488276
355 2.27533482025
356 2.68705592354
357 2.72232835191
358 2.42029680222
359 2.12498726807
360 2.21991693061
361 2.48081144707
362 1.87326270963
363 2.23825336211
364 1.91402422514
365 2.09110381569
366 2.22973624168
367 2.28030221375
368 2.50110523483
369 2.57557696845
370 2.82263847142
371 2.65713915696
372 2.35036329593
373 2.43920664054
374 2.26457650286
375 2.2535762397
376 2.52927264615
377 2.47758732661
378 2.47597980138
379 2.72976538894
380 2.92186953445
381 2.50696002188
382 2.84319380044
383 2.44906032769
384 2.60874904823
385 2.70333432409
386 2.56587231618
387 2.52859703574
388 2.5179496918
389 2.08307071242
390 2.25929688588
391 2.52447436714
392 2.32758756685
393 2.79478720826
394 2.5719860211
395 2.14124276192
396 2.05505949681
397 2.00937488542
398 2.05549283214
399 2.37180868413
400 2.57449806232
401 2.51616349749
402 3.05988774893
403 2.87982610099
404 2.60427032587
405 2.87990103112
406 2.73059739093
407 2.79142295313
408 3.31925177646
409 3.10802567213
410 3.23931394574
411 3.10318311885
412 2.93588808384
413 3.00902917585
414 2.50708645976
415 2.80383053535
416 2.67967477451
417 2.91094652175
418 2.46141173378
419 2.72252804392
420 2.56975030569
421 2.41512575776
422 2.92089679633
423 2.40343047038
424 2.53840653561
425 2.5706655388
426 2.96534615243
427 2.99167388632
428 3.26779058382
429 3.40057310822
430 3.49639342795
431 3.35496647053
432 3.52824908961
433 3.58181574881
434 3.71207072654
435 3.40837133536
436 3.48126357172
437 3.40390928085
438 3.28809464856
439 3.18199126267
440 3.31982048798
441 3.5182998955
442 3.29474346134
443 3.51178517668
444 3.42298550565
445 3.53628481887
446 3.5928199688
447 4.02435985601
448 3.91939383671
449 3.67291045378
450 2.81994146126
451 3.57652642361
452 3.35556405289
453 3.18398850598
454 3.2345734555
455 2.82049684892
456 2.91671386442
457 3.19504806869
458 2.94282711608
459 2.7777056979
460 2.83710109831
461 3.31168591491
462 3.76843292924
463 3.1087238445
464 3.30837796257
465 3.05865842577
466 2.92763334612
467 2.86842648537
468 2.84608302722
469 2.9792889621
470 3.19915597502
471 2.68499688891
472 2.91640941711
473 2.7246176261
474 2.72719558867
475 2.60361834875
476 2.98585862119
477 3.27833779126
478 3.36291239525
479 3.09960511229
480 3.54454608692
481 3.51282781429
482 3.20420924982
483 3.30449584644
484 3.26614482392
485 3.34624975881
486 3.46757537973
487 3.19927030514
488 3.05680992129
489 3.26658133709
490 3.6287470435
491 3.75348933226
492 3.27077724938
493 3.36835551079
494 3.09152686099
495 3.04865126269
496 3.24807224273
497 3.27074190803
498 3.61720381165
499 3.50420511545
500 3.31433829717
501 2.98760242239
502 3.03772777401
503 3.27165827461
504 3.05835658657
505 2.50109427953
506 2.75578068398
507 3.07650231127
508 2.98273787416
509 3.08672252304
510 2.60057489563
511 2.78027965759
512 2.70877421387
513 3.08627373526
514 3.28318692937
515 3.37834944699
516 3.35279214665
517 3.72655630503
518 3.34146909733
519 3.52642575676
520 3.26113647256
521 3.64570529212
522 3.86214267208
523 3.58834356534
524 3.84567149085
525 3.50262830754
526 3.53503739541
527 3.57368548998
528 3.53363382002
529 4.05061325836
530 3.67840850187
531 4.0601319279
532 3.77256329439
533 3.79100009254
534 4.31129404555
535 4.39150053812
536 4.55711493668
537 4.10249238288
538 4.1296862244
539 3.80982335904
540 3.94985679642
541 4.18107359165
542 4.2911542392
543 4.06946546246
544 3.90239877147
545 3.86715042174
546 4.23168990997
547 4.39947286378
548 4.65264393044
549 4.31116197684
550 4.08350075983
551 4.32680959991
552 4.08252564656
553 3.52036520679
554 3.53776003344
555 4.06558067172
556 3.80895059864
557 3.54261203546
558 4.03800022288
559 4.4464289541
560 4.24345770783
561 4.58753641909
562 4.35543664279
563 4.2167897337
564 4.24154400302
565 4.08442351646
566 3.97245653804
567 3.55932494953
568 3.68348824633
569 3.69427736474
570 3.75197890314
571 3.5077267305
572 3.91325554866
573 3.7310176941
574 3.86231268875
575 3.84791011455
576 3.34396510514
577 3.46425529324
578 3.22451932235
579 3.54201637183
580 3.95176819154
581 3.4472151271
582 3.26952773675
583 3.70753084246
584 3.49060383878
585 3.444759198
586 3.20959640358
587 3.53474367997
588 3.43488273349
589 3.71795611103
590 3.78275295125
591 4.21331538856
592 4.35502830451
593 4.43011834187
594 4.3000170556
595 4.38294072749
596 4.57096729503
597 4.48646392602
598 4.82555411556
599 4.72901649089
600 5.62421330833
601 5.61966331805
602 5.26131259687
603 5.37064827831
604 5.09260681624
605 5.75415682439
606 6.30837025267
607 5.99661569988
608 6.26202201421
609 6.33095268733
610 5.86647596762
611 5.76067337118
612 6.4419488147
613 5.98891355222
614 6.25498624244
615 6.02138294838
616 6.08225486001
617 6.70390388673
618 6.9538743602
619 6.95893817879
620 6.86897308135
621 6.92302075487
622 7.31355117303
623 6.76436764355
624 6.26790624539
625 6.17323652006
626 6.5692456564
627 6.69422075679
628 6.47114233708
629 6.47728809452
630 6.39556285754
631 6.55363018053
632 6.51507205215
633 6.35245457047
634 7.30710337492
635 7.22959231278
636 7.40599297921
637 7.17505636753
638 7.98042423872
639 7.65718162235
640 8.00292859245
641 7.76961077922
642 8.03433903721
643 8.37242565115
644 8.23537356363
645 8.35529836469
646 8.41653869415
647 8.50247327384
648 9.01874688183
649 9.44618427855
650 8.871028445
651 8.91627377467
652 9.19815964343
653 9.4134643864
654 8.97523769712
655 9.30594522618
656 9.7234581336
657 10.2059441898
658 10.4890446082
659 10.4334732119
660 10.0487847905
661 9.94878846173
662 10.0968582943
663 9.87269503756
664 9.87075754081
665 9.87722681716
666 10.1521230462
667 11.2011436266
668 11.2144357419
669 11.8417990092
670 11.5235419899
671 11.8345788598
672 12.4549188347
673 12.7811950417
674 12.49209169
675 12.2671881248
676 11.8523084587
677 12.121172678
678 12.4122597644
679 12.6050532993
680 12.6205871797
681 12.5979744624
682 12.9413596447
683 13.0434163737
684 13.2318222032
685 12.8928026301
686 13.3044540636
687 13.2692246173
688 12.8042628996
689 12.255931576
690 12.2360207144
691 12.3486358722
692 12.6075172656
693 11.582090629
694 11.507412682
695 12.0211143546
696 11.880010419
697 12.4785340759
698 12.489286729
699 12.337943566
700 13.0202241055
701 13.2998438041
702 13.5179661553
703 13.8903165373
704 14.3579704213
705 14.1125196772
706 14.2925462374
707 14.0633836132
708 14.3293229734
709 14.2883692114
710 14.2306454161
711 14.3744420499
712 14.5525570926
713 14.151113314
714 7.62229855265
715 7.80820145008
716 7.77526101983
717 7.39686267124
718 7.45338323109
719 7.04190854905
720 7.25489348991
721 6.82891645188
722 7.50767336763
723 7.72332220953
724 7.14848850254
725 7.614504855
726 7.25854378219
727 7.98563955065
728 7.5875341213
729 8.08565755927
730 8.09335595333
731 8.19588966912
732 7.871541704
733 8.08627334936
734 7.95149128715
735 7.48186349538
736 8.34037889079
737 8.23362338755
738 8.43426587646
739 7.60204126386
740 7.33608947898
741 7.6210288946
742 8.23808425038
743 7.93571346462
744 8.20904317725
745 8.78287254239
746 8.15033858161
747 8.43160755391
748 9.09247561564
749 8.54099627174
750 8.6164045111
751 8.47248346964
752 8.28778930683
753 8.44588586458
754 8.08780838506
755 8.02483167204
756 7.41149491843
757 7.96175401321
758 7.43782479601
759 7.48237625041
760 7.72974378078
761 6.90587218879
762 7.22214715258
763 6.81848664503
764 6.35729989415
765 6.60616482276
766 6.08610066889
767 5.79877092772
768 6.06991825545
769 6.36623148553
770 6.52785051671
771 6.6971844648
772 6.07919791719
773 6.59104146039
774 6.54001849178
775 6.8099841526
776 6.31817539314
777 6.17731510881
778 6.71737564379
779 7.25850227715
780 6.98327725828
781 6.97454148328
782 7.08247135269
783 7.28625764313
784 6.94653552467
785 7.34406242787
786 6.54522130014
787 5.83979417363
788 5.24096280766
789 5.92668760185
790 6.03491574528
791 6.24556323381
792 5.83710794605
793 5.78091601624
794 5.85925184525
795 5.98760768959
796 6.03275956264
797 6.31355749052
798 6.86161850018
799 6.66565618896
800 6.34609405761
801 6.24882787587
802 6.15050687146
803 6.54636261541
804 6.29027087643
805 6.37222280709
806 6.17249661643
807 6.23871219066
808 6.14568185291
809 6.73188265984
810 6.94001021063
811 7.0864395357
812 6.96674066229
813 7.43149123645
814 6.27385623373
815 6.63619316332
816 6.51529272465
817 6.71948095371
818 6.7681016451
819 6.68035910708
820 7.18534009239
821 6.54190209935
822 7.2230967485
823 6.47541283363
824 6.7693586155
825 6.36853407336
826 6.6967087639
827 6.57679218524
828 6.05539446334
829 6.49017866797
830 6.73705089653
831 6.65951317069
832 7.39737889732
833 7.0760679612
834 6.6327151119
835 6.86993253908
836 6.84824635783
837 7.14176102832
838 6.89328011198
839 6.8728170833
840 6.78487891826
841 7.02488321684
842 7.24307007735
843 7.64138725825
844 7.56749258521
845 7.16419376282
846 7.21124573875
847 6.91248638159
848 7.18089929815
849 7.73205840729
850 7.82463248044
851 8.40673263144
852 8.33676709792
853 8.14698894049
854 8.73180649614
855 8.36051917985
856 8.41403869526
857 7.80141728323
858 7.97841043632
859 8.21428254287
860 8.0518219213
861 8.22792762701
862 8.76285841572
863 8.42860099856
864 8.53584661549
865 9.18451459326
866 9.08703120563
867 9.19915550525
868 9.53071157904
869 10.6262731208
870 10.4869075937
871 10.8558034624
872 11.1499880606
873 11.4001037056
874 11.7022043922
875 11.4695888565
876 11.3280562313
877 11.8428151915
878 11.5424297541
879 12.1217839748
880 12.5076057722
881 12.704112498
882 15.9244994494
883 15.8255779547
884 15.5753010804
885 15.4728440236
886 15.5190127682
887 15.7806030909
888 15.4228936949
889 15.4926093945
890 15.690744234
891 16.0206443902
892 15.6238176513
893 15.7766103452
894 15.6829909422
895 16.0961342812
896 16.3399835618
897 12.9338145395
898 12.238498037
899 11.7879445278
900 11.6810833383
901 11.4195376498
902 12.0235988358
903 11.8588562185
904 11.9509433025
905 12.0312428528
906 12.2181942584
907 12.2411806446
908 11.8376084981
909 11.5839858314
910 16.0471024089
911 16.0442993938
912 16.3726883577
913 16.5583811456
914 16.3137363057
915 16.0058186255
916 16.0997535245
917 16.0123024614
918 16.1134169517
919 12.1949031816
920 16.1788550653
921 16.1274405497
922 15.8295051176
923 15.5779374193
924 16.0738473243
925 15.622145446
926 16.126137309
927 16.5692457743
928 16.1226308619
929 16.0307857911
930 16.2969555792
931 16.3229397326
932 15.6644573729
933 15.2103372041
934 15.5080271952
935 15.3241357439
936 15.4322335903
937 15.182912068
938 15.533205819
939 15.5149864269
940 15.6458809475
941 16.0237587323
942 15.6308416439
943 15.5713697069
944 16.2649068999
945 15.902918852
946 15.4851086281
947 15.2614459217
948 15.1059302785
949 15.1288038394
950 15.686683133
951 15.5681947842
952 15.5306476818
953 10.2585664548
954 10.6337528821
955 10.8049987731
956 15.812783428
957 15.707277411
958 15.6536640284
959 15.5767078808
960 15.4911171275
961 15.2720034229
962 15.075482917
963 15.3028781828
964 15.3451366162
965 15.6555572466
966 15.9111843126
967 10.9642736224
968 10.1878296215
969 10.5745832981
970 10.6039642502
971 10.7867170171
972 11.1292736695
973 10.411184547
974 10.5217543747
975 11.0460542044
976 9.94301382363
977 10.4073345595
978 9.9596095517
979 16.4695060337
980 16.4233005446
981 16.4153527058
982 15.8681175128
983 15.3236088543
984 14.6477614035
985 15.0661152222
986 15.094942815
987 15.0174959222
988 14.7151357442
989 14.8550493941
990 14.8425356846
991 14.680100112
992 14.6605824215
993 14.6151662981
994 14.9762366003
995 14.9528793352
996 15.4410643898
997 15.5761508386
998 15.5602267434
999 15.5734199916
