1005000 698.264
1012500 454.38
1020000 463.499
1027500 384.281
1035000 386.775
1042500 380.518
1050000 554.534
1057500 466.548
1065000 422.704
1072500 537.123
1080000 418.736
1087500 404.064
1095000 508.72
1102500 484.415
1110000 417.948
1117500 296.879
1125000 453.598
1132500 370.559
1140000 445.404
1147500 451.025
1155000 373.246
1162500 500.286
1170000 386.267
1177500 463.015
1185000 408.638
1192500 487.984
1200000 447.159
1207500 446.646
1215000 426.271
1222500 546.129
1230000 543.672
1237500 467.773
1245000 558.977
1252500 420.143
1260000 466.611
1267500 526.237
1275000 569.863
1282500 479.594
1290000 471.106
1297500 508.035
1305000 463.024
1312500 579.361
1320000 617.585
1327500 494.373
1335000 503.258
1342500 614.23
1350000 552.361
1357500 541.866
1365000 678.124
1372500 724.892
1380000 587.091
1387500 637.132
1395000 374.778
1402500 519.392
1410000 511.225
1417500 373.108
1425000 510.672
1432500 689.928
1440000 607.45
1447500 656.448
1455000 747.884
1462500 682.565
1470000 602.148
1477500 649.193
1485000 676.197
1492500 598.032
1500000 580.363
1507500 670.758
1515000 621.166
1522500 623.988
1530000 521.351
1537500 606.975
1545000 605.854
1552500 505.517
1560000 590.719
1567500 728.845
1575000 652.74
1582500 591.001
1590000 583.03
1597500 684.997
1605000 681.849
1612500 668.516
1620000 674.716
1627500 695.488
1635000 651.371
1642500 575.502
1650000 630.938
1657500 625.989
1665000 814.564
1672500 832.628
1680000 704.462
1687500 660.986
1695000 672.765
1702500 568.056
1710000 670.978
1717500 669.318
1725000 692.461
1732500 723.494
1740000 712.804
1747500 639.458
1755000 662.798
1762500 595.956
1770000 599.874
1777500 756.138
1785000 702.173
1792500 676.096
1800000 629.382
1807500 649.045
1815000 706.71
1822500 617.624
1830000 572.09
1837500 601.91
1845000 698.418
1852500 725.076
1860000 656.816
1867500 787.403
1875000 752.075
1882500 672.984
1890000 676.046
1897500 739.73
1905000 702.131
1912500 734.325
1920000 776.949
1927500 633.06
1935000 640.494
1942500 625.371
1950000 593.348
1957500 658.681
1965000 626.734
1972500 684.125
1980000 758.858
1987500 654.693
1995000 705.761
2002500 696.994
2010000 732.605
2017500 592.635
2025000 608.589
2032500 655.39
2040000 652.933
2047500 688.381
2055000 702.175
2062500 591.906
2070000 737.273
2077500 656.19
2085000 791.643
2092500 660.694
2100000 632.581
2107500 737.256
2115000 676.323
2122500 795.081
2130000 541.692
2137500 674.665
2145000 581.002
2152500 634.091
2160000 680.231
2167500 696.865
2175000 671.808
2182500 573.329
2190000 688.496
2197500 825.274
2205000 587.348
2212500 676.766
2220000 485.73
2227500 618.013
2235000 526.903
2242500 327.379
2250000 433.765
2257500 465.189
2265000 403.714
2272500 497.333
2280000 355.724
2287500 584.677
2295000 513.993
2302500 484.512
2310000 354.592
2317500 340.066
2325000 372.123
2332500 393.599
2340000 405.867
2347500 468.543
2355000 341.944
2362500 522.714
2370000 279.585
2377500 359.544
2385000 560.526
2392500 382.333
2400000 469.481
2407500 630.592
2415000 497.906
2422500 470.176
2430000 617.562
2437500 383.088
2445000 568.906
2452500 439.17
2460000 425.844
2467500 452.091
2475000 507.407
2482500 429.828
2490000 473.383
2497500 438.477
2505000 369.626
2512500 576.549
2520000 383.429
2527500 526.491
2535000 408.575
2542500 565.515
2550000 537.572
2557500 535.459
2565000 523.736
2572500 436.503
2580000 449.227
2587500 451.361
2595000 400.543
2602500 445.281
2610000 536.247
2617500 637.544
2625000 404.401
2632500 400.202
2640000 374.827
2647500 470.467
2655000 343.346
2662500 251.493
2670000 320.771
2677500 393.397
2685000 233.269
2692500 446.85
2700000 542.447
2707500 355.624
2715000 497.987
2722500 437.017
2730000 361.241
2737500 460.903
2745000 291.63
2752500 475.144
2760000 299.221
2767500 384.948
2775000 323.409
2782500 349.973
2790000 343.641
2797500 346.348
2805000 372.885
2812500 412.088
2820000 412.973
2827500 318.303
2835000 346.439
2842500 292.209
2850000 317.227
2857500 400.721
2865000 486.039
2872500 367.741
2880000 261.928
2887500 431.493
2895000 235.237
2902500 496.526
2910000 512.066
2917500 409.175
2925000 498.708
2932500 428.912
2940000 340.188
2947500 326.661
2955000 276.724
2962500 364.56
2970000 316.744
2977500 460.85
2985000 172.948
2992500 385.909
3000000 392.659
3007500 389.936
3015000 476.88
3022500 371.347
3030000 430.094
3037500 558.478
3045000 425.593
3052500 438.595
3060000 343.135
3067500 131.789
3075000 289.09
3082500 200.919
3090000 301.252
3097500 308.446
3105000 307.194
3112500 407.539
3120000 308.981
3127500 313.822
3135000 311.265
3142500 337.124
3150000 242.071
3157500 376.549
3165000 228.903
3172500 342.09
3180000 166.338
3187500 136.168
3195000 175.921
3202500 119.572
3210000 323.726
3217500 166.349
3225000 319.015
3232500 306.147
3240000 306.733
3247500 285.922
3255000 211.604
3262500 114.159
3270000 172.841
3277500 326.398
3285000 242.099
3292500 353.855
3300000 325.553
3307500 498.12
3315000 364.847
3322500 262.733
3330000 315.371
3337500 304.46
3345000 358.746
3352500 294.801
3360000 371.334
3367500 425.692
3375000 433.289
3382500 245.952
3390000 337.853
3397500 353.94
3405000 353.884
3412500 310.682
3420000 444.61
3427500 347.475
3435000 406.053
3442500 427.524
3450000 433.668
3457500 508.468
3465000 325.424
3472500 378.613
3480000 324.12
3487500 395.021
3495000 346.563
3502500 428.368
3510000 316.019
3517500 507.784
3525000 408.572
3532500 457.218
3540000 429.896
3547500 383.728
3555000 479.552
3562500 420.39
3570000 417.434
3577500 376.527
3585000 441.241
3592500 410.346
3600000 149.896
3607500 361.846
3615000 516.096
3622500 469.166
3630000 412.715
3637500 308.151
3645000 445.941
3652500 467.851
3660000 269.934
3667500 424.591
3675000 291.587
3682500 530.653
3690000 383.513
3697500 347.526
3705000 457.343
3712500 437.953
3720000 334.867
3727500 331.119
3735000 376.121
3742500 374.065
3750000 484.185
3757500 449.349
3765000 458.403
3772500 402.715
3780000 523.976
3787500 417.123
3795000 387.947
3802500 385.506
3810000 296.244
3817500 397.972
3825000 399.49
3832500 339.077
3840000 421.285
3847500 239.081
3855000 381.239
3862500 247.141
3870000 457.67
3877500 449.046
3885000 287.571
3892500 221.813
3900000 273.235
3907500 207.955
3915000 247.45
3922500 101.593
3930000 326.635
3937500 369.861
3945000 292.147
3952500 220.197
3960000 190.794
3967500 209.617
3975000 31.9311
3982500 41.0069
3990000 166.794
3997500 326.691
4005000 330.479
4012500 322.155
4020000 114.946
4027500 299.381
4035000 230.81
4042500 194.479
4050000 363.201
4057500 490.555
4065000 233.941
4072500 307.392
4080000 108.411
4087500 268.78
4095000 422.324
4102500 105.842
4110000 284.898
4117500 278.49
4125000 316.397
4132500 155.424
4140000 -27.8341
4147500 96.4177
4155000 180.61
4162500 290.189
4170000 373.551
4177500 351.396
4185000 324.763
4192500 374.137
4200000 366.413
4207500 241.776
4215000 371.099
4222500 498.997
4230000 398.572
4237500 193.836
4245000 317.583
4252500 295.721
4260000 235.917
4267500 347.702
4275000 249.287
4282500 115.17
4290000 46.8304
4297500 168.613
4305000 233.954
4312500 156.149
4320000 194.806
4327500 252.637
4335000 79.4834
4342500 218.733
4350000 179.719
4357500 192.362
4365000 191.569
4372500 236.477
4380000 277.206
4387500 237.339
4395000 132.646
4402500 115.902
4410000 79.0559
4417500 107.103
4425000 -3.17414
4432500 78.8674
4440000 188.896
4447500 127.815
4455000 189.53
4462500 312.214
4470000 290.826
4477500 -56.2948
4485000 83.9465
4492500 155.405
4500000 43.9972
4507500 -7.38625
4515000 178.622
4522500 175.668
4530000 152.717
4537500 194.495
4545000 28.4152
4552500 199.512
4560000 100.927
4567500 99.7407
4575000 -2.40629
4582500 83.2199
4590000 250.099
4597500 160.311
4605000 115.056
4612500 171.366
4620000 -15.7968
4627500 24.5683
4635000 59.4945
4642500 219.756
4650000 296.38
4657500 286.61
4665000 144.956
4672500 105.458
4680000 174.405
4687500 284.305
4695000 167.958
4702500 99.2763
4710000 130.52
4717500 232.19
4725000 27.5387
4732500 287.963
4740000 114.684
4747500 101.037
4755000 34.7558
4762500 -20.6019
4770000 113.428
4777500 18.4567
4785000 -152.728
4792500 -213.261
4800000 35.3689
4807500 92.4629
4815000 111.741
4822500 124.431
4830000 34.177
4837500 157.257
4845000 102.182
4852500 -3.97866
4860000 -27.2812
4867500 -45.9831
4875000 -99.3811
4882500 -131.449
4890000 -210.54
4897500 -91.32
4905000 -52.6734
4912500 -154.104
4920000 -112.832
4927500 -49.9223
4935000 -18.5338
4942500 -67.1584
4950000 -83.302
4957500 -93.5851
4965000 54.3499
4972500 -190.521
4980000 77.5109
4987500 9.3325
4995000 -115.132
5002500 -47.7092
5010000 -7.69429
5017500 94.4077
5025000 -2.20813
5032500 -64.4124
5040000 215.732
5047500 78.7009
5055000 265.551
5062500 224.567
5070000 13.7765
5077500 71.4309
5085000 -55.8735
5092500 225.453
5100000 -25.2426
5107500 -89.1116
5115000 46.7853
5122500 -152.222
5130000 -184.493
5137500 35.1777
5145000 53.3179
5152500 6.09434
5160000 -123.255
5167500 -56.5426
5175000 -141.64
5182500 -109.842
5190000 -131.435
5197500 -91.7829
5205000 -39.8366
5212500 133.93
5220000 228.369
5227500 87.0951
5235000 -53.1582
5242500 153.638
5250000 -55.1536
5257500 70.4059
5265000 -44.5696
5272500 163.165
5280000 -15.1971
5287500 168.79
5295000 112.396
5302500 38.4514
5310000 85.2269
5317500 60.9219
5325000 -146.864
5332500 5.73844
5340000 30.19
5347500 -8.02251
5355000 -49.0964
5362500 3.73326
5370000 82.2215
5377500 82.4637
5385000 -78.0773
5392500 48.2535
5400000 -67.6836
5407500 -142.586
5415000 3.30222
5422500 31.2713
5430000 94.2112
5437500 133.989
5445000 189.607
5452500 105.17
5460000 105.091
5467500 149.606
5475000 195.882
5482500 -17.9275
5490000 -26.0346
5497500 14.2159
5505000 24.789
5512500 43.0819
5520000 83.5369
5527500 19.7567
5535000 2.71133
5542500 35.4078
5550000 40.5238
5557500 162.637
5565000 -0.0807303
5572500 129.579
5580000 167.772
5587500 262.001
5595000 148.302
5602500 223.378
5610000 5.9447
5617500 37.209
5625000 82.1418
5632500 -0.396163
5640000 123.897
5647500 129.346
5655000 165.109
5662500 109.654
5670000 -80.88
5677500 30.4564
5685000 102.401
5692500 131.9
5700000 181.3
5707500 21.5801
5715000 124.04
5722500 147.453
5730000 63.1024
5737500 262.323
5745000 143.455
5752500 234.135
5760000 161.608
5767500 11.3748
5775000 -38.8344
5782500 53.6386
5790000 -16.9352
5797500 87.4467
5805000 98.7464
5812500 220.838
5820000 111.665
5827500 97.9303
5835000 35.4008
5842500 -44.5165
5850000 -166.792
5857500 -89.9185
5865000 -26.8645
5872500 -25.1706
5880000 -16.5782
5887500 281.92
5895000 245.308
5902500 241.267
5910000 63.3476
5917500 -26.2986
5925000 -187.963
5932500 -53.2372
5940000 2.39823
5947500 -2.70485
5955000 -18.9583
5962500 30.3881
5970000 87.6828
5977500 94.9072
5985000 -31.7923
5992500 -97.0942
6000000 -25.0747
6007500 -59.7335
6015000 -245.575
6022500 -185.545
6030000 -254.876
6037500 -79.2281
6045000 -158.843
6052500 -20.7044
6060000 -38.634
6067500 -49.1686
6075000 218.02
6082500 145.534
6090000 118.388
6097500 66.5034
6105000 19.8364
6112500 -47.6512
6120000 -75.5029
6127500 -46.8465
6135000 -0.366188
6142500 74.2467
6150000 73.8093
6157500 119.316
6165000 73.5758
6172500 30.205
6180000 -45.7881
6187500 -251.145
6195000 29.3218
6202500 -172.581
6210000 95.3882
6217500 -128.486
6225000 139.24
6232500 186.285
6240000 -7.88954
6247500 119.202
6255000 -44.1689
6262500 36.6127
6270000 63.9093
6277500 -51.8305
6285000 227.37
6292500 127.912
6300000 61.6315
6307500 43.6178
6315000 175.074
6322500 53.2714
6330000 149.281
6337500 202.56
6345000 257.958
6352500 242.001
6360000 145.458
6367500 143.333
6375000 136.829
6382500 53.827
6390000 147.595
6397500 155.261
6405000 230.941
6412500 214.436
6420000 148.482
6427500 275.693
6435000 184.295
6442500 164.952
6450000 210.991
6457500 327.761
6465000 235.004
6472500 393.275
6480000 439.678
6487500 420.348
6495000 296.979
6502500 219.621
6510000 54.1244
6517500 145.823
6525000 128.072
6532500 148.07
6540000 71.16
6547500 165.677
6555000 57.3135
6562500 -80.4698
6570000 -47.1615
6577500 -156.884
6585000 -47.7878
6592500 36.8795
6600000 -104.537
6607500 -193.283
6615000 -57.8085
6622500 -78.9211
6630000 8.47799
6637500 9.17008
6645000 -38.471
6652500 124.726
6660000 179.546
6667500 107.465
6675000 214.732
6682500 291.538
6690000 384.81
6697500 275.919
6705000 263.874
6712500 145.798
6720000 38.4262
6727500 169.215
6735000 60.2786
6742500 40.5394
6750000 75.8415
6757500 162.488
6765000 -85.1995
6772500 -30.6061
6780000 97.4493
6787500 -7.44158
6795000 -41.6924
6802500 149.93
6810000 149.017
6817500 22.5877
6825000 -9.59543
6832500 39.321
6840000 27.0882
6847500 53.3171
6855000 -93.2861
6862500 -125.207
6870000 -91.126
6877500 88.2792
6885000 -41.07
6892500 43.3812
6900000 9.50977
6907500 -6.06117
6915000 -7.386
6922500 -0.234313
6930000 69.7704
6937500 -41.2063
6945000 90.9455
6952500 32.8385
6960000 33.3614
6967500 -59.7439
6975000 60.3858
6982500 -53.2521
6990000 93.1944
6997500 57.6816
7005000 -3.31201
7012500 -235.545
7020000 51.994
7027500 29.4048
7035000 -13.3341
7042500 -72.0117
7050000 119.742
7057500 -53.3565
7065000 12.8936
7072500 54.0221
7080000 38.3274
7087500 59.5341
7095000 -114.953
7102500 151.379
7110000 76.3312
7117500 29.4962
7125000 -76.6834
7132500 -42.3031
7140000 17.6265
7147500 250.899
7155000 -27.4293
7162500 -40.167
7170000 -34.1703
7177500 -0.731038
7185000 -225.139
7192500 -59.7913
7200000 -65.6636
7207500 122.951
7215000 195.514
7222500 131.171
7230000 173.119
7237500 136.617
7245000 52.3125
7252500 216.344
7260000 201.212
7267500 98.1614
7275000 77.9884
7282500 -108.899
7290000 -86.3567
7297500 -17.449
7305000 -193.287
7312500 52.9991
7320000 19.1316
7327500 204.4
7335000 285.199
7342500 -1.25068
7350000 69.2117
7357500 92.3349
7365000 -4.33149
7372500 -132.871
7380000 83.8153
7387500 212.074
7395000 10.7897
7402500 -124.627
7410000 -13.4955
7417500 198.538
7425000 42.42
7432500 139.823
7440000 -48.7628
7447500 -90.8887
7455000 -21.6667
7462500 -66.2576
7470000 -136.622
7477500 -39.1252
7485000 -205.124
7492500 -206.793
7500000 -136.342
7507500 -148.137
7515000 -98.2952
7522500 -29.7376
7530000 -48.8014
7537500 -208.838
7545000 -43.9603
7552500 -64.0575
7560000 -142.991
7567500 -168.01
7575000 -27.9936
7582500 -59.4343
7590000 -21.6635
7597500 -100.57
7605000 -146.634
7612500 -145.512
7620000 -134.145
7627500 -195.793
7635000 -181.329
7642500 -49.7984
7650000 -106.902
7657500 -81.0495
7665000 -4.55364
7672500 -28.4923
7680000 68.1402
7687500 71.2228
7695000 -58.4834
7702500 105.717
7710000 -132.864
7717500 -125.057
7725000 -132.324
7732500 -58.1388
7740000 133.442
7747500 181.326
7755000 100.067
7762500 -91.2943
7770000 30.1347
7777500 209.004
7785000 391.363
7792500 167.955
7800000 50.749
7807500 -73.2444
7815000 31.4783
7822500 103.302
7830000 157.881
7837500 153.917
7845000 0.855926
7852500 14.5031
7860000 -10.9699
7867500 149.125
7875000 -3.21285
7882500 -15.8738
7890000 97.6623
7897500 163.097
7905000 200.138
7912500 110.187
7920000 49.1915
7927500 173.666
7935000 107.467
7942500 104.38
7950000 121.129
7957500 175.395
7965000 64.7192
7972500 41.6147
7980000 -64.1989
7987500 -12.348
7995000 70.686
8002500 190.092
8010000 57.7679
8017500 176.046
8025000 65.1378
8032500 100.086
8040000 -51.0609
8047500 -32.233
8055000 72.4668
8062500 89.5594
8070000 113.786
8077500 114.189
8085000 131.833
8092500 24.0873
8100000 -71.398
8107500 -9.11241
8115000 39.0977
8122500 98.341
8130000 71.4971
8137500 -15.313
8145000 17.4291
8152500 7.87354
8160000 -54.2811
8167500 316.559
8175000 -97.4349
8182500 -52.5648
8190000 -53.9634
8197500 39.2989
8205000 -71.0021
8212500 -89.6309
8220000 -111.713
8227500 -16.6222
8235000 50.571
8242500 122.356
8250000 173.483
8257500 57.7851
8265000 29.9151
8272500 11.9027
8280000 22.0719
8287500 -113.52
8295000 -5.84939
8302500 -35.8017
8310000 17.8227
8317500 -42.8116
8325000 9.01451
8332500 -92.3338
8340000 -104.248
8347500 -51.0714
8355000 227.681
8362500 173.121
8370000 129.73
8377500 239.77
8385000 173.201
8392500 246.295
8400000 270.732
8407500 215.86
8415000 281.296
8422500 265.153
8430000 194.952
8437500 173.196
8445000 327.04
8452500 183.871
8460000 207.575
8467500 -25.1997
8475000 -0.901775
8482500 -104.613
8490000 -105.033
8497500 -185.897
8505000 -137.628
