1005000 698.264
1012500 587.709
1020000 633.735
1027500 620.331
1035000 660.607
1042500 760.848
1050000 570.394
1057500 633.312
1065000 636.673
1072500 613.133
1080000 580.989
1087500 429.151
1095000 630.707
1102500 666.773
1110000 506.972
1117500 590.831
1125000 572.088
1132500 713.59
1140000 472.456
1147500 462.436
1155000 557.65
1162500 634.239
1170000 625.651
1177500 572.627
1185000 451.998
1192500 602.65
1200000 679.89
1207500 683.161
1215000 727.822
1222500 639.609
1230000 566.059
1237500 654.499
1245000 537.263
1252500 741.195
1260000 615.348
1267500 572.919
1275000 680.505
1282500 747.19
1290000 632.695
1297500 719.425
1305000 626.541
1312500 550.886
1320000 598.006
1327500 583.442
1335000 621.538
1342500 799.891
1350000 704.396
1357500 681.383
1365000 754.086
1372500 690.752
1380000 678.715
1387500 629.918
1395000 723.344
1402500 715.585
1410000 618.513
1417500 660.968
1425000 605.108
1432500 616.525
1440000 741.244
1447500 685.271
1455000 756.056
1462500 706.998
1470000 724.462
1477500 625.868
1485000 666.852
1492500 651.151
1500000 724.2
1507500 660.649
1515000 657.319
1522500 625.003
1530000 690.893
1537500 514.058
1545000 649.152
1552500 611.124
1560000 716.789
1567500 670.929
1575000 543.819
1582500 712.422
1590000 624.45
1597500 618.414
1605000 698.014
1612500 646.819
1620000 576.556
1627500 751.237
1635000 684.687
1642500 813.688
1650000 724.687
1657500 768.69
1665000 661.389
1672500 662.189
1680000 738.936
1687500 601.651
1695000 844.09
1702500 797.13
1710000 741.43
1717500 653.166
1725000 836.779
1732500 866.37
1740000 820.121
1747500 750.772
1755000 797.962
1762500 874.798
1770000 748.97
1777500 602.235
1785000 669.425
1792500 642.397
1800000 684.346
1807500 678.128
1815000 544.289
1822500 609.503
1830000 556.801
1837500 703.405
1845000 579.327
1852500 513.434
1860000 512.659
1867500 678.834
1875000 667.1
1882500 580.451
1890000 584.252
1897500 514.634
1905000 480.74
1912500 615.662
1920000 624.544
1927500 640.708
1935000 650.617
1942500 544.021
1950000 676.545
1957500 567.5
1965000 619.447
1972500 655.99
1980000 607.194
1987500 622.76
1995000 591.839
2002500 605.169
2010000 612.6
2017500 691.975
2025000 629.066
2032500 656.152
2040000 746.054
2047500 715.615
2055000 674.255
2062500 678.138
2070000 816.758
2077500 697.967
2085000 688.985
2092500 728.454
2100000 617.804
2107500 712.349
2115000 675.638
2122500 722.371
2130000 810.988
2137500 592.325
2145000 744.482
2152500 728.246
2160000 554.075
2167500 683.801
2175000 735.274
2182500 697.129
2190000 519.734
2197500 706.249
2205000 831.873
2212500 651.989
2220000 666.91
2227500 786.586
2235000 788.928
2242500 624.33
2250000 621.5
2257500 790.55
2265000 631.62
2272500 670.768
2280000 703.373
2287500 536.472
2295000 828.481
2302500 745.556
2310000 643.243
2317500 739.68
2325000 796.234
2332500 675.346
2340000 500.869
2347500 582.469
2355000 604.198
2362500 743.226
2370000 752.72
2377500 781.812
2385000 620.166
2392500 716.903
2400000 672.443
2407500 630.661
2415000 641.095
2422500 597.828
2430000 681.529
2437500 667.569
2445000 702.999
2452500 739.693
2460000 688.112
2467500 826.192
2475000 716.983
2482500 807.375
2490000 884.365
2497500 789.605
2505000 894.919
2512500 700.344
2520000 675.115
2527500 763.209
2535000 805.699
2542500 795.467
2550000 781.304
2557500 709.339
2565000 821.37
2572500 879.093
2580000 964.089
2587500 948.235
2595000 850.783
2602500 942.655
2610000 830.89
2617500 854.576
2625000 838.743
2632500 899.873
2640000 739.177
2647500 784.471
2655000 865.155
2662500 929.989
2670000 907.167
2677500 872.71
2685000 833.94
2692500 880.088
2700000 805.657
2707500 939.452
2715000 895.545
2722500 1024.44
2730000 904.871
2737500 964.422
2745000 947.105
2752500 898.663
2760000 1048.13
2767500 992.989
2775000 999.527
2782500 1035.45
2790000 974.064
2797500 979.038
2805000 895.534
2812500 1004.9
2820000 913.626
2827500 869.627
2835000 896.621
2842500 822.49
2850000 893.6
2857500 1066.31
2865000 1007.55
2872500 934.358
2880000 840.177
2887500 907.62
2895000 804.58
2902500 785.149
2910000 794.78
2917500 874.13
2925000 760.313
2932500 859.277
2940000 814.822
2947500 852.258
2955000 969.964
2962500 891.063
2970000 903.861
2977500 970.675
2985000 852.754
2992500 903.923
3000000 995.54
3007500 1035.24
3015000 968.84
3022500 984.457
3030000 1052.72
3037500 861.044
3045000 868.091
3052500 993.556
3060000 894.77
3067500 993.731
3075000 908.742
3082500 862.707
3090000 861.743
3097500 748.843
3105000 928.55
3112500 849.104
3120000 962.296
3127500 884.147
3135000 956.407
3142500 741.165
3150000 806.167
3157500 824.565
3165000 1057.18
3172500 903.037
3180000 976.522
3187500 724.005
3195000 681.118
3202500 648.411
3210000 597.174
3217500 394.872
3225000 482.897
3232500 516.049
3240000 540.837
3247500 538.089
3255000 395.67
3262500 467.637
3270000 418.525
3277500 466.622
3285000 403.995
3292500 276.378
3300000 310.622
3307500 489.061
3315000 461.576
3322500 339.629
3330000 347.028
3337500 377.206
3345000 441.638
3352500 402.482
3360000 387.386
3367500 350.261
3375000 318.017
3382500 201.953
3390000 388.461
3397500 430.284
3405000 329.139
3412500 390.985
3420000 263.78
3427500 336.033
3435000 413.672
3442500 540.906
3450000 356.428
3457500 559.244
3465000 542.034
3472500 440.905
3480000 490.935
3487500 390.857
3495000 441.27
3502500 328.17
3510000 461.727
3517500 437.61
3525000 336.767
3532500 375.73
3540000 323.61
3547500 261.839
3555000 452.248
3562500 268.952
3570000 180.273
3577500 277.624
3585000 233.469
3592500 319.376
3600000 222.355
3607500 250.814
3615000 292.936
3622500 287.884
3630000 153.988
3637500 242.46
3645000 206.145
3652500 380.587
3660000 316.5
3667500 264.944
3675000 236.865
3682500 265.853
3690000 208.391
3697500 146.524
3705000 277.807
3712500 408.274
3720000 360.502
3727500 370.711
3735000 296.641
3742500 426.497
3750000 379.114
3757500 368.293
3765000 208.814
3772500 375.817
3780000 351.64
3787500 338.346
3795000 381.439
3802500 443.78
3810000 385.601
3817500 298.185
3825000 272.93
3832500 345.242
3840000 394.285
3847500 597.862
3855000 381.284
3862500 463.293
3870000 266.743
3877500 181.452
3885000 119.307
3892500 141.561
3900000 131.446
3907500 129.88
3915000 56.4322
3922500 85.8395
3930000 92.685
3937500 208.676
3945000 221.959
3952500 390.714
3960000 285.399
3967500 327.792
3975000 203.696
3982500 338.337
3990000 78.4383
3997500 54.6844
4005000 65.295
4012500 157.939
4020000 19.0652
4027500 109.71
4035000 77.4621
4042500 39.5204
4050000 10.1952
4057500 139.315
4065000 438.951
4072500 248.324
4080000 57.8177
4087500 -53.1415
4095000 -170.95
4102500 -27.5063
4110000 -209.792
4117500 1.31447
4125000 127.231
4132500 -28.2009
4140000 5.96636
4147500 -83.6095
4155000 -40.1325
4162500 -144.533
4170000 -140.218
4177500 -23.4478
4185000 186.465
4192500 144.673
4200000 -0.381012
4207500 -66.1056
4215000 80.4404
4222500 17.964
4230000 -13.5521
4237500 62.2032
4245000 25.7603
4252500 109.556
4260000 224.576
4267500 39.6959
4275000 -69.9036
4282500 2.84393
4290000 14.3076
4297500 65.652
4305000 99.1344
4312500 -37.8641
4320000 320.698
4327500 193.163
4335000 93.1853
4342500 -2.93888
4350000 84.5508
4357500 149.682
4365000 219.28
4372500 -10.8277
4380000 -108.741
4387500 74.8645
4395000 161.803
4402500 98.3089
4410000 43.1286
4417500 49.8622
4425000 86.1821
4432500 119.125
4440000 334.587
4447500 178.878
4455000 291.331
4462500 120.776
4470000 11.3582
4477500 221.744
4485000 139.209
4492500 197.903
4500000 175.62
4507500 187.152
4515000 108.581
4522500 157.284
4530000 111.433
4537500 97.305
4545000 -121.292
4552500 -5.88311
4560000 -58.8923
4567500 54.1841
4575000 23.9026
4582500 -81.2398
4590000 90.1129
4597500 -37.1829
4605000 23.1334
4612500 2.75688
4620000 75.6794
4627500 26.7853
4635000 124.819
4642500 -127.069
4650000 -34.1147
4657500 139.141
4665000 20.6572
4672500 164.542
4680000 -89.8396
4687500 -69.2971
4695000 -205.357
4702500 124.232
4710000 334.756
4717500 112.374
4725000 94.3085
4732500 184.612
4740000 87.4113
4747500 10.4889
4755000 131.669
4762500 74.2389
4770000 172.025
4777500 268.73
4785000 98.6444
4792500 34.6183
4800000 22.3736
4807500 -26.8351
4815000 120.159
4822500 49.8168
4830000 183.29
4837500 13.2567
4845000 293.195
4852500 198.707
4860000 156.296
4867500 -41.0046
4875000 34.6754
4882500 179.997
4890000 104.338
4897500 190.2
4905000 193.466
4912500 130.983
4920000 25.9236
4927500 -109.373
4935000 -25.9952
4942500 -219.48
4950000 -184.38
4957500 -98.5322
4965000 50.9967
4972500 145.412
4980000 94.6468
4987500 99.9696
4995000 305.826
5002500 203.97
5010000 215.697
5017500 -96.418
5025000 -127.384
5032500 44.7519
5040000 151.711
5047500 53.7604
5055000 222.931
5062500 -30.1223
5070000 46.0487
5077500 -165.486
5085000 -10.0963
5092500 38.8232
5100000 107.873
5107500 11.9526
5115000 16.8138
5122500 113.464
5130000 89.3363
5137500 -14.244
5145000 111.244
5152500 99.6537
5160000 -75.3857
5167500 130.767
5175000 15.0597
5182500 202.44
5190000 12.8068
5197500 97.6945
5205000 55.6253
5212500 -183.175
5220000 -107.551
5227500 -61.3676
5235000 -12.0329
5242500 59.0108
5250000 179.306
5257500 55.5185
5265000 4.90917
5272500 -29.4239
5280000 -27.0484
5287500 -35.8642
5295000 12.111
5302500 55.2172
5310000 -33.9373
5317500 38.5641
5325000 50.2159
5332500 59.3344
5340000 207.789
5347500 111.455
5355000 31.0878
5362500 -40.7952
5370000 -47.0883
5377500 -64.3062
5385000 52.3539
5392500 97.7969
5400000 -9.72151
5407500 -93.4077
5415000 45.6519
5422500 56.6387
5430000 66.1793
5437500 -54.7629
5445000 -29.1141
5452500 32.5947
5460000 -28.9538
5467500 89.1883
5475000 76.5385
5482500 78.4278
5490000 -16.0109
5497500 -65.449
5505000 -162.246
5512500 -205.681
5520000 -78.8298
5527500 -68.3901
5535000 -38.9496
5542500 -60.3884
5550000 -148.294
5557500 -205.551
5565000 -54.8791
5572500 -9.89623
5580000 127.99
5587500 133.044
5595000 167.35
5602500 157.208
5610000 -11.8357
5617500 71.2169
5625000 89.0427
5632500 173.45
5640000 124.451
5647500 53.7355
5655000 228.681
5662500 205.112
5670000 64.4419
5677500 92.7827
5685000 -48.4556
5692500 42.6456
5700000 75.5431
5707500 5.68862
5715000 107.042
5722500 419.034
5730000 285.753
5737500 213.4
5745000 115.131
5752500 111.954
5760000 82.3708
5767500 64.6486
5775000 198.251
5782500 97.777
5790000 -71.8844
5797500 -53.4389
5805000 63.9647
5812500 116.105
5820000 142.183
5827500 -11.6373
5835000 -38.0961
5842500 146.592
5850000 98.2369
5857500 142.105
5865000 152.593
5872500 -50.1814
5880000 219.069
5887500 230.763
5895000 72.0182
5902500 180.025
5910000 113.239
5917500 360.631
5925000 171.68
5932500 111.467
5940000 12.8848
5947500 145.049
5955000 85.6261
5962500 75.0115
5970000 112.541
5977500 45.5441
5985000 106.468
5992500 92.6439
6000000 150.546
6007500 149.122
6015000 213.272
6022500 254.568
6030000 164.743
6037500 30.1777
6045000 157.3
6052500 14.8481
6060000 10.3443
6067500 156.735
6075000 322.482
6082500 271.61
6090000 309.275
6097500 18.1249
6105000 117.695
6112500 68.4301
6120000 151.926
6127500 117.829
6135000 153.794
6142500 141.065
6150000 106.18
6157500 68.6425
6165000 151.922
6172500 162.004
6180000 -3.55952
6187500 80.9702
6195000 215.373
6202500 237.702
6210000 131.889
6217500 124.892
6225000 89.2869
6232500 -119.066
6240000 90.5981
6247500 31.3624
6255000 131.171
6262500 -15.7816
6270000 66.715
6277500 32.0946
6285000 148.075
6292500 -113.915
6300000 -8.5103
6307500 35.3812
6315000 -134.837
6322500 34.5044
6330000 5.32844
6337500 37.8897
6345000 -31.5018
6352500 -117.358
6360000 -77.176
6367500 -122.028
6375000 -141.164
6382500 -28.7182
6390000 -13.5235
6397500 -33.3186
6405000 20.9609
6412500 -52.3338
6420000 -122.352
6427500 -162.51
6435000 -230.842
6442500 -154.227
6450000 -259.513
6457500 18.331
6465000 -208.979
6472500 -125.705
6480000 -64.1783
6487500 -307.461
6495000 -140.633
6502500 34.5258
6510000 -130.308
6517500 -175.175
6525000 4.74474
6532500 -111.347
6540000 168.662
6547500 104.561
6555000 61.3363
6562500 -72.7379
6570000 109.897
6577500 21.3305
6585000 -130.792
6592500 -53.4175
6600000 -22.2983
6607500 -31.0344
6615000 77.9528
6622500 215.791
6630000 40.8373
6637500 -38.0373
6645000 -93.7182
6652500 56.2298
6660000 -60.3586
6667500 -13.6594
6675000 -67.8853
6682500 -100.743
6690000 -47.216
6697500 -151.081
6705000 32.8475
6712500 -101.572
6720000 224.612
6727500 -24.6697
6735000 -78.9726
6742500 -120.765
6750000 31.8332
6757500 99.291
6765000 -35.8553
6772500 -88.9759
6780000 -75.6646
6787500 -184.35
6795000 -82.9284
6802500 -112.406
6810000 -332.611
6817500 -24.8785
6825000 -231.528
6832500 -233.61
6840000 -274.384
6847500 -362.373
6855000 -115.942
6862500 -268.693
6870000 -172.257
6877500 -246.702
6885000 -126.309
6892500 -81.4416
6900000 -67.1966
6907500 -209.808
6915000 -86.9674
6922500 -44.3622
6930000 -48.338
6937500 54.1481
6945000 -73.1691
6952500 70.3602
6960000 -79.0726
6967500 -25.2858
6975000 14.8628
6982500 39.495
6990000 -34.3431
6997500 -16.018
7005000 -16.5923
7012500 -61.5001
7020000 -30.3324
7027500 117.194
7035000 251.187
7042500 5.00219
7050000 -134.845
7057500 7.09523
7065000 -9.58565
7072500 -48.2336
7080000 30.8508
7087500 19.7791
7095000 26.7415
7102500 55.0557
7110000 -14.3558
7117500 89.7603
7125000 181.652
7132500 10.6992
7140000 74.3116
7147500 119.551
7155000 103.221
7162500 -65.9456
7170000 69.9115
7177500 13.3418
7185000 74.5906
7192500 -21.7837
7200000 151.858
7207500 119.908
7215000 -4.66131
7222500 -20.3674
7230000 47.8507
7237500 102.362
7245000 101.55
7252500 -45.3605
7260000 -92.4749
7267500 168.933
7275000 202.894
7282500 232.818
7290000 60.0865
7297500 178.19
7305000 18.6692
7312500 75.6088
7320000 -155.03
7327500 3.63375
7335000 101.376
7342500 -118.542
7350000 112.087
7357500 79.0866
7365000 60.799
7372500 -1.58051
7380000 -41.9623
7387500 -22.8671
7395000 209.62
7402500 120.25
7410000 148.667
7417500 163.623
7425000 234.882
7432500 166.418
7440000 90.7995
7447500 -30.6948
7455000 22.5066
7462500 -33.4054
7470000 118.945
7477500 94.0961
7485000 5.21985
7492500 -53.7316
7500000 34.9974
7507500 158.97
7515000 229.61
7522500 219.408
7530000 320.225
7537500 164.491
7545000 -71.6592
7552500 60.8865
7560000 48.8594
7567500 115.231
7575000 86.7924
7582500 145.338
7590000 77.4114
7597500 166.398
7605000 24.071
7612500 211.739
7620000 115.35
7627500 238.622
7635000 331.224
7642500 150.546
7650000 144.7
7657500 166.054
7665000 32.9146
7672500 63.0869
7680000 100.458
7687500 111.392
7695000 104.785
7702500 46.7719
7710000 77.0113
7717500 184.369
7725000 146.783
7732500 140.174
7740000 57.1273
7747500 125.975
7755000 104.332
7762500 113.523
7770000 100.333
7777500 75.2643
7785000 70.5303
7792500 282.567
7800000 241.94
7807500 217.85
7815000 136.894
7822500 101.243
7830000 -104.071
7837500 -215.626
7845000 2.32086
7852500 118.14
7860000 89.1084
7867500 22.0202
7875000 -158.709
7882500 72.6373
7890000 51.6077
7897500 73.0415
7905000 -104.071
7912500 62.9779
7920000 -13.7476
7927500 8.23378
7935000 -119.108
7942500 -11.1681
7950000 172.308
7957500 83.8068
7965000 -91.9272
7972500 87.6811
7980000 45.9494
7987500 -28.3906
7995000 85.9032
8002500 26.7127
8010000 139.642
8017500 -25.9417
8025000 -76.4411
8032500 162.99
8040000 218.076
8047500 309.812
8055000 124.179
8062500 250.264
8070000 83.9826
8077500 203.011
8085000 135.771
8092500 3.07224
8100000 -48.2676
8107500 41.5905
8115000 -81.1454
8122500 -193.277
8130000 -95.2418
8137500 19.4418
8145000 -275.188
8152500 -129.058
8160000 85.4403
8167500 182.455
8175000 -29.8671
8182500 85.213
8190000 149.862
8197500 172.567
8205000 82.871
8212500 159.466
8220000 169.449
8227500 -122.972
8235000 -91.9095
8242500 -108.508
8250000 148.802
8257500 67.9295
8265000 15.8005
8272500 249.351
8280000 171.225
8287500 101.794
8295000 41.0541
8302500 125.988
8310000 16.1554
8317500 -70.5154
8325000 -117.846
8332500 -63.5503
8340000 30.2102
8347500 47.9646
8355000 -28.617
8362500 -52.9347
8370000 -5.99739
8377500 -67.2874
8385000 122.505
8392500 107.549
8400000 49.4772
8407500 -5.53121
8415000 107.068
8422500 32.8098
8430000 132.7
8437500 54.7539
8445000 253.932
8452500 -24.876
8460000 155.584
8467500 218.85
8475000 145.249
8482500 38.9385
8490000 85.8045
8497500 -63.8865
8505000 -264.501
