0 0.0
1 -0.000464622248185
2 -0.0373875231098
3 -0.152276254903
4 -0.256236757081
5 -0.0131389097301
6 0.0304630032029
7 -0.135373980894
8 0.111235903774
9 0.205840722598
10 0.0445732815476
11 0.0772603665463
12 -0.256631981411
13 -0.235595481581
14 0.144525797131
15 -0.2703379046
16 -0.127104901583
17 0.0119528314212
18 -0.154113568754
19 -0.133706029617
20 0.0320963435556
21 0.302870366618
22 0.204923530866
23 0.220226682584
24 0.0282726682433
25 -0.105965588562
26 0.00352863955104
27 0.0432933739125
28 0.116938909687
29 0.18702533718
30 0.487340066987
31 0.337396572848
32 0.44272169473
33 0.377079287875
34 0.164157310513
35 0.483980128848
36 0.232453361415
37 0.159731184545
38 0.334324167152
39 0.253090254533
40 0.431970957384
41 0.22847146875
42 0.280791072797
43 0.375419974353
44 0.422464732015
45 0.406173200776
46 0.371096154307
47 0.58745518742
48 -0.00171506187916
49 0.466380266781
50 0.229133195603
51 0.347934793222
52 0.362935407249
53 0.518269551213
54 0.418650374497
55 0.193349725393
56 0.0643246833682
57 0.177285413928
58 0.249249193043
59 0.30175248665
60 0.148858385329
61 0.501172618298
62 0.165866446517
63 0.327627516021
64 0.26587014466
65 0.296701663184
66 0.314433499603
67 0.487544269481
68 0.238002626787
69 0.110690682342
70 0.233864781836
71 0.0185705929015
72 0.0450872962651
73 0.091887315836
74 0.102712486492
75 0.0746167376484
76 0.214001854248
77 0.241394410378
78 0.377932815185
79 0.496657469699
80 0.353625539597
81 0.318718296055
82 0.543302160898
83 0.347641131298
84 0.471628833272
85 0.424324288
86 0.288411693343
87 0.328479714203
88 0.38091609695
89 0.221513475882
90 0.125854628175
91 0.324748060087
92 0.2152442898
93 0.142176985918
94 0.167733328707
95 0.430968332093
96 0.31667313263
97 0.45125635848
98 0.583325235625
99 0.21771744769
100 0.37267904468
101 0.203744598238
102 0.352581400691
103 0.288397629569
104 0.485228927655
105 0.618563761897
106 0.656969818145
107 0.534513540728
108 0.99896054045
109 0.830786671091
110 0.647367100244
111 0.564978353825
112 0.409903505015
113 0.688965830303
114 0.748084310094
115 0.658883303335
116 0.827700687158
117 0.844541961473
118 0.781397456732
119 0.913734752253
120 1.05123994193
121 0.99551609281
122 0.900134315415
123 0.944429626092
124 1.1157712592
125 1.01265325615
126 1.3807262284
127 0.812732598693
128 1.02518635436
129 1.16176154728
130 1.00530172486
131 0.971142928817
132 0.928352044147
133 1.00895846629
134 1.1061595691
135 0.91294551188
136 0.624825842899
137 0.434994724603
138 0.595508506748
139 0.783471209022
140 0.659500158979
141 0.613235751038
142 0.62394196705
143 0.601536227699
144 0.486977973889
145 0.714820276041
146 0.702102196744
147 0.585172240473
148 0.811436751989
149 0.770522970942
150 0.741914335569
151 0.754113514077
152 0.644123716525
153 0.573035918654
154 0.579142025395
155 0.846606856503
156 0.466370742679
157 0.413540886463
158 0.666794836074
159 0.414603314878
160 0.486643690421
161 0.751430376629
162 0.476377753647
163 0.606158591146
164 0.550044674745
165 0.550363573467
166 0.735260074953
167 0.572171573156
168 0.955149351877
169 0.631175919883
170 0.59791957438
171 0.369752303174
172 0.432775956169
173 0.457441037577
174 0.398685336172
175 0.64774145073
176 0.6074525307
177 0.873181687509
178 1.0801718871
179 1.19273218625
180 1.13384555732
181 0.806756975002
182 0.840261275996
183 0.841262444392
184 1.0385683957
185 0.565700525511
186 0.959421267716
187 0.506206766025
188 0.622041060551
189 0.436196529942
190 0.594056947692
191 0.638000379329
192 0.802569261642
193 0.889265744482
194 0.828871500676
195 0.980705634134
196 0.743179752514
197 0.586560732319
198 0.543847881655
199 0.724396941949
200 0.749814337455
201 0.63236771595
202 0.908714149529
203 0.681038576878
204 0.609769917281
205 0.813529626763
206 0.798835417174
207 0.831277457398
208 0.835697413628
209 0.863404313149
210 0.97005137637
211 0.724131167601
212 0.856895464466
213 0.685971668147
214 0.808454682287
215 0.956549425654
216 1.14426177096
217 0.737463368762
218 1.0534613631
219 0.70544380621
220 0.72788510854
221 0.491578672738
222 0.379879627318
223 0.579604573714
224 0.578625085015
225 0.662101839031
226 0.592583775397
227 0.5920282907
228 0.464287115072
229 0.67228048384
230 0.65079198049
231 0.677409552987
232 0.681463921025
233 1.019247891
234 0.71001270128
235 0.455286505131
236 0.860197517933
237 0.756719259282
238 0.859992067528
239 0.650745435583
240 0.818764447952
241 0.682679950011
242 0.697167515087
243 0.913225327832
244 0.78517550708
245 0.824314917183
246 0.975036342487
247 0.732104646056
248 0.580162943105
249 0.688692740195
250 0.913609095258
251 0.796605176105
252 0.849199079975
253 0.813809537674
254 0.832508599349
255 0.812739716157
256 0.760909724844
257 1.01831661028
258 0.693172240362
259 0.862326566473
260 0.763768458801
261 0.723958231904
262 0.835473881957
263 0.989230392
264 0.839431085498
265 0.999087628515
266 0.586666554567
267 1.04733771
268 1.18306801117
269 0.955587646395
270 0.961161963439
271 1.07506029823
272 0.98168592307
273 1.17022973695
274 0.955872906037
275 1.21002129288
276 1.31386215354
277 1.33938002995
278 1.38684991743
279 1.607756833
280 1.732901611
281 1.19810869578
282 1.31996730572
283 1.61595594396
284 1.78878090077
285 1.70217961121
286 1.80760795903
287 1.67733958694
288 1.85274901897
289 1.71781384423
290 2.15553104538
291 1.90507217584
292 1.83729909385
293 1.93203817673
294 2.28695344056
295 2.29752097803
296 2.247065746
297 2.12396508037
298 2.18809372222
299 2.24325113707
300 2.48947717474
301 2.22594894069
302 2.25795195909
303 2.54237671116
304 2.53090332402
305 2.65579665737
306 2.48553167871
307 2.95940984083
308 2.78670149377
309 2.92833022919
310 2.8860518242
311 3.06492705907
312 2.96699670336
313 2.87568931553
314 2.79872649784
315 2.8304080362
316 3.04424392919
317 3.2623687712
318 3.23934781816
319 3.26572393673
320 3.36894346116
321 2.95820842813
322 3.24504942608
323 3.3019249833
324 2.99699402678
325 2.96691667032
326 2.87307484421
327 2.80607495664
328 2.85377222108
329 3.22231893306
330 3.20546665788
331 3.63065262237
332 3.31528638598
333 3.50830977003
334 3.63224010607
335 3.22824138098
336 3.24108180302
337 3.51037856341
338 3.32687489392
339 3.22982872995
340 3.11499450308
341 3.21873074899
342 3.03138471828
343 3.29443049555
344 3.72388553995
345 3.65657615752
346 3.49330897995
347 3.27096265173
348 3.02434371948
349 3.08985830021
350 3.43465985258
351 3.10091140272
352 3.64256909356
353 3.52513286712
354 3.17698697365
355 3.38397154008
356 3.32260613484
357 2.91684809093
358 3.06399701299
359 3.11188675614
360 3.14474706057
361 2.8393178884
362 2.97132222625
363 2.47559581946
364 2.52238251857
365 2.70100613085
366 2.43817622786
367 2.14646948278
368 2.63818060438
369 2.43658952718
370 2.63028464237
371 2.62722035806
372 2.79099795559
373 3.02428437607
374 2.69800541092
375 2.68622139486
376 2.68415707205
377 2.94987679399
378 2.88646757964
379 3.24746541664
380 2.70177830145
381 3.01719038939
382 2.97709033342
383 3.1334183406
384 3.28637255119
385 2.68722952311
386 2.70263997327
387 3.0211336425
388 3.32728688322
389 3.08802909002
390 3.11219682616
391 3.05807144648
392 2.5671467529
393 2.82919842277
394 2.6758795926
395 2.71084424632
396 3.10771803339
397 2.74652950307
398 2.63380259652
399 3.49897540308
400 3.60918721601
401 3.6303580003
402 3.6461258025
403 3.51896522833
404 4.03363255822
405 3.75438849428
406 3.69278380712
407 3.13914064008
408 3.28156201573
409 3.45536694472
410 3.19208066577
411 3.44649750296
412 3.514009467
413 3.10165588241
414 3.5092573743
415 3.81880369409
416 3.70104563469
417 3.85009848057
418 3.88641609344
419 3.88301837158
420 3.8565201319
421 3.59435330408
422 3.30250335089
423 3.65600841852
424 4.34519701826
425 4.22357669379
426 3.74176220629
427 3.87939604114
428 3.76186912256
429 3.64017014287
430 3.49293383306
431 3.75371847756
432 3.96890706857
433 3.81998048166
434 4.26302882133
435 4.07655191834
436 4.38436979147
437 4.16091492136
438 4.34189556379
439 4.3756272565
440 4.21699949844
441 4.41335741857
442 4.88292219241
443 4.72481682912
444 4.3661527357
445 4.37272891209
446 3.90691432249
447 4.04883298807
448 3.89160182
449 4.0402916906
450 3.84063681168
451 4.06709190095
452 3.91366460712
453 4.27301011048
454 4.45240671904
455 3.91898557476
456 3.5727950998
457 3.90130532958
458 3.4861435806
459 3.421111853
460 3.57983595032
461 3.36917588175
462 3.31569058698
463 3.33280638556
464 3.70466635367
465 4.09114794743
466 3.75202041876
467 3.55440764415
468 3.13720805643
469 3.2490877185
470 3.41212581234
471 3.67598230045
472 3.23683064147
473 3.40871722167
474 3.44972415756
475 2.37501479491
476 2.90071506104
477 3.05673336451
478 3.04913958118
479 2.71314515052
480 2.85385106087
481 3.73726663301
482 2.80933048214
483 3.11012395094
484 2.95954928013
485 3.21726254614
486 3.01206772811
487 3.2465066856
488 3.45373010925
489 3.59724731366
490 3.65630333079
491 3.90806266761
492 3.45339590822
493 3.69275477583
494 3.41578581102
495 3.06916178918
496 3.08479463795
497 3.21047698366
498 3.2553824277
499 3.18232203555
500 2.80930067716
501 3.30842020746
502 3.34738289503
503 3.46417869933
504 3.36737168496
505 3.43505798769
506 3.31336590895
507 3.04258701161
508 3.35977151237
509 3.41531909167
510 3.37576713929
511 3.61326504214
512 3.60870794752
513 3.77706726213
514 3.60259626147
515 3.87925011095
516 3.62538902544
517 3.80072570801
518 3.65594426156
519 3.38540738062
520 2.87111241988
521 3.19604732554
522 3.60673026323
523 3.56927052471
524 3.11922648038
525 3.36748586362
526 3.51331543034
527 3.50202908656
528 4.08771838831
529 3.91364435854
530 4.12628929513
531 3.52221835061
532 3.51059605271
533 3.02246947937
534 3.18073759805
535 2.71808916919
536 2.8541796103
537 3.41986784448
538 2.73873070033
539 3.11940082004
540 3.2521767017
541 3.69996085823
542 3.85622420904
543 3.49997847234
544 3.47920316554
545 3.13653942237
546 3.20375316475
547 3.16150039011
548 2.9003020234
549 2.89303936151
550 3.03931354088
551 3.39694329995
552 3.97837311891
553 3.41536291195
554 3.53860967786
555 3.06758835677
556 3.65803990128
557 3.36506914965
558 3.26888207079
559 3.43347708698
560 3.46416787743
561 4.38397813475
562 4.25125024257
563 4.11939213981
564 3.9645985262
565 4.23750825844
566 5.05363455178
567 4.9386660637
568 4.28975982437
569 4.06574883079
570 4.08867565924
571 4.20629029251
572 4.14875229139
573 4.02220115378
574 3.88242390213
575 3.14865918531
576 3.6505359768
577 3.80791900188
578 3.82195748099
579 3.74649731686
580 3.5873872664
581 3.4662702349
582 3.65373858228
583 3.9849440768
584 3.92640112134
585 3.88139963133
586 4.00558735014
587 3.97323282412
588 3.67986970936
589 3.64510248975
590 3.7800511415
591 3.45374426381
592 3.55839061935
593 3.57888738693
594 4.24066631994
595 4.53195487688
596 4.0748554756
597 4.18683695448
598 4.02900287457
599 4.51669822572
600 4.9911826009
601 4.51424116373
602 4.47005149498
603 4.89823482315
604 5.81038984389
605 5.46177355643
606 4.71914541765
607 4.80949756956
608 5.06795247822
609 4.34624851634
610 4.97077053802
611 4.58459524339
612 4.70550790303
613 5.25371879987
614 4.73872779361
615 4.99585410261
616 4.80928740324
617 4.83276495209
618 5.01293733678
619 4.55321601932
620 4.48629704515
621 5.12722140556
622 4.56684649145
623 4.94438667659
624 4.61853330031
625 4.2773370437
626 4.36659483449
627 4.17169526864
628 4.26878519777
629 4.99866226539
630 4.88725920351
631 5.04655168744
632 4.58379213941
633 4.54226123969
634 4.59576659417
635 4.40939443092
636 4.49346272458
637 4.33506105874
638 4.66891976619
639 5.17921628457
640 4.9237931186
641 4.78327495602
642 4.86593371738
643 5.41630987722
644 5.64556560019
645 5.34772976113
646 5.45617291037
647 5.62974774403
648 5.88419759149
649 5.92108725066
650 6.01463435894
651 5.8954823552
652 6.06183682268
653 5.75797224531
654 6.24207286078
655 6.15025507984
656 6.13541389162
657 6.27337524257
658 6.04435239476
659 5.99015780278
660 5.39483786502
661 6.18262741955
662 6.44735316305
663 6.40841402477
664 6.34165480626
665 6.06714807059
666 6.16389886585
667 6.48977963016
668 5.8762091136
669 5.8991107493
670 5.95766439388
671 5.66512416016
672 5.09775731192
673 5.5061971795
674 5.62787027555
675 5.50900734004
676 5.39772174324
677 5.42978322935
678 6.1129541388
679 6.09180387396
680 6.29946361033
681 5.59590077821
682 5.85942556746
683 5.42644594815
684 5.91703710142
685 5.76348826309
686 5.72044359729
687 5.77571995946
688 5.85962197952
689 5.54828357861
690 5.50149245934
691 5.70865946712
692 5.79146864776
693 5.07852433474
694 5.18087028441
695 5.25303255987
696 5.42342957111
697 5.1864519107
698 5.44002191888
699 5.4142308578
700 4.86856902825
701 4.75302599717
702 4.86825425604
703 4.94958573225
704 4.98975373669
705 4.62312155427
706 4.56323475222
707 4.51137124405
708 4.25820742876
709 4.10447251146
710 4.11860960681
711 4.18061100246
712 4.04632555918
713 4.18698501104
714 3.87551438983
715 3.9720338198
716 4.22887372681
717 4.49588406259
718 4.8988839755
719 4.71299799289
720 4.40542679942
721 4.54489126312
722 4.84917484307
723 4.67485890706
724 4.6917904626
725 4.1896422007
726 4.51250041404
727 4.79042626386
728 4.62306047874
729 5.05594329457
730 5.04517331236
731 4.89056942621
732 4.93069086307
733 4.7820400259
734 5.0720365562
735 5.39763941108
736 5.71335900046
737 5.43660285582
738 5.57565770218
739 5.05554167426
740 4.9070427504
741 5.34859291336
742 5.92531600215
743 5.32348940397
744 5.24236872571
745 5.22344811645
746 5.09046756462
747 4.4358382896
748 4.81604278752
749 4.95212874204
750 4.61599537337
751 3.81657119198
752 3.7983908665
753 3.83160271342
754 4.40227486958
755 3.96476975276
756 3.8681762158
757 3.73555693534
758 3.91153490997
759 3.97401808326
760 4.01790493885
761 4.03919015482
762 4.08841117932
763 4.10792419183
764 4.21408815307
765 3.91816889095
766 3.92275809138
767 3.81437453221
768 4.16686900461
769 3.89304694886
770 4.40531129403
771 4.58490228676
772 4.84793591459
773 4.72014660678
774 4.74444513485
775 4.51281222552
776 4.33709719574
777 4.45375935613
778 4.42217889374
779 4.36191160377
780 4.35724950931
781 4.58440777084
782 4.30299671615
783 4.48174210736
784 4.83369100389
785 4.63349567467
786 4.70207500666
787 4.26356197154
788 4.23777754577
789 4.39290661384
790 4.2889352125
791 4.31305810649
792 4.4381143102
793 4.67945114405
794 4.3696687749
795 4.48033277561
796 4.59931388019
797 4.76526161493
798 4.39000096815
799 4.27402349043
800 4.44741523729
801 4.07562079903
802 4.51208527423
803 4.18282304957
804 4.68537046791
805 4.45142475789
806 4.32293723311
807 4.2926846151
808 4.75491003867
809 4.96145794629
810 4.8274887669
811 4.37041033587
812 4.38503211688
813 4.31688953056
814 4.57341551757
815 4.59373856796
816 4.8445991756
817 4.52310574713
818 4.87363937676
819 4.92530390295
820 4.92291753062
821 5.74122241121
822 5.33941165981
823 5.4905817518
824 5.59238462709
825 5.78690392797
826 5.71810408997
827 5.55825787119
828 5.44984944048
829 5.05560020787
830 5.33383100336
831 5.06970333975
832 5.17996764115
833 5.36931023091
834 5.48324818222
835 5.4340964383
836 5.76111411075
837 6.09622980646
838 6.80720930113
839 6.19631093006
840 5.92063508839
841 5.60716802165
842 5.90786372184
843 6.85774023762
844 6.75366455337
845 6.01595553867
846 6.48416524421
847 6.31903483924
848 5.96188107661
849 6.26720737675
850 6.179672151
851 5.64269326058
852 5.64343500701
853 5.70974126918
854 5.3082755345
855 5.16506367246
856 5.30943759014
857 5.85039881463
858 5.46894689758
859 5.49501722315
860 5.4355448561
861 5.65496255537
862 5.34154461111
863 5.2911428146
864 5.47888710423
865 4.96413500115
866 5.61513273546
867 5.48015170966
868 5.65626663317
869 5.9155494757
870 5.391567352
871 6.06114923377
872 6.06671035122
873 5.97118426975
874 6.04183045227
875 6.27423382843
876 5.97059422228
877 5.90863037554
878 6.01311487699
879 6.68332999321
880 6.97773830944
881 7.3533181866
882 7.54086273972
883 7.82553499551
884 7.44202240639
885 7.51169163128
886 7.20899313871
887 6.81720674061
888 6.60476339126
889 6.22646924531
890 6.45156714305
891 6.6826254364
892 6.77754878458
893 6.85241770452
894 7.40123579934
895 7.5732957071
896 7.41143607157
897 7.7061951584
898 7.24159483315
899 7.4778274571
900 7.20615432697
901 7.09831378673
902 7.03742406581
903 6.74519132002
904 7.00599329521
905 6.74806159449
906 6.94859311531
907 7.18999347095
908 6.82980601901
909 6.87481025574
910 6.70660968853
911 6.86218451418
912 7.04090378944
913 6.96162503198
914 6.51282538188
915 6.37150200979
916 6.74714050169
917 6.64486607867
918 6.91115877752
919 6.57202506209
920 5.95992287345
921 5.92719182363
922 5.88515308773
923 5.83250029219
924 5.42069307197
925 5.38379874017
926 5.59369686272
927 5.11213725441
928 5.22924664864
929 5.13977981374
930 4.92799108184
931 5.1328193993
932 5.01437409276
933 4.69287949066
934 4.72922098208
935 5.06832780449
936 5.15763447707
937 5.40069512071
938 5.61360267293
939 5.37657683663
940 5.62019145475
941 5.61027070043
942 5.63465564129
943 5.4251186659
944 5.87144506752
945 5.72896288922
946 5.88109740163
947 5.42595027005
948 5.77980718297
949 5.94397600751
950 5.80733843326
951 5.81639957591
952 5.36823424295
953 6.04068139537
954 6.58499300481
955 6.52907706885
956 6.61561739721
957 6.53934402085
958 6.72117309798
959 6.34467775938
960 6.09004708063
961 6.14252370242
962 5.78052668676
963 6.15302912454
964 6.7108071993
965 6.78596331522
966 6.6716700697
967 6.76752663993
968 6.58170126286
969 7.05080704869
970 6.79192073044
971 6.42467923378
972 5.77259903695
973 5.69503506209
974 6.28887357893
975 6.48525285882
976 6.37749292855
977 6.75768118715
978 6.50771749577
979 6.41948793978
980 5.9333761684
981 5.87681999978
982 6.23595096935
983 6.83563191073
984 7.40618930267
985 7.47544921026
986 7.4021451739
987 7.57946121148
988 6.98286018325
989 6.60759809085
990 6.84893131763
991 6.46163787673
992 5.9610745494
993 5.79679338236
994 6.03181510904
995 6.34106728623
996 6.05545332088
997 5.75342276748
998 5.87824298816
999 6.12851674085
