1005000 698.265
1012500 489.275
1020000 524.385
1027500 507.984
1035000 444.099
1042500 386.996
1050000 564.499
1057500 447.314
1065000 434.249
1072500 486.469
1080000 667.931
1087500 521.058
1095000 513.078
1102500 526.934
1110000 510.486
1117500 444.14
1125000 515.954
1132500 410.738
1140000 560.724
1147500 531.812
1155000 396.337
1162500 496.521
1170000 435.503
1177500 524.898
1185000 660.552
1192500 524.86
1200000 570.319
1207500 429.345
1215000 461.027
1222500 577.227
1230000 578.044
1237500 687.277
1245000 682.28
1252500 712.764
1260000 635.623
1267500 671.275
1275000 630.79
1282500 717.081
1290000 754.784
1297500 725.497
1305000 673.506
1312500 579.799
1320000 771.241
1327500 688.753
1335000 633.512
1342500 729.33
1350000 721.577
1357500 795.526
1365000 820.051
1372500 800.499
1380000 751.107
1387500 824.167
1395000 687.178
1402500 638.603
1410000 750.677
1417500 770.486
1425000 829.394
1432500 830.879
1440000 835.423
1447500 850.298
1455000 786.35
1462500 763.008
1470000 853.823
1477500 740.034
1485000 795.075
1492500 780.468
1500000 778.448
1507500 849.812
1515000 754.223
1522500 669.262
1530000 603.501
1537500 676.055
1545000 743.742
1552500 633.839
1560000 775.037
1567500 718.288
1575000 843.858
1582500 751.361
1590000 697.047
1597500 791.78
1605000 879.149
1612500 806.173
1620000 712.23
1627500 709.592
1635000 688.501
1642500 680.687
1650000 713.516
1657500 730.287
1665000 851.139
1672500 818.866
1680000 654.26
1687500 676.2
1695000 648.372
1702500 753.426
1710000 715.026
1717500 680.739
1725000 656.941
1732500 703.315
1740000 723.125
1747500 726.349
1755000 858.849
1762500 650.774
1770000 850.724
1777500 734.817
1785000 908.558
1792500 738.776
1800000 802.26
1807500 953.713
1815000 749.941
1822500 888.568
1830000 847.181
1837500 868.905
1845000 740.873
1852500 733.92
1860000 783.462
1867500 787.668
1875000 766.441
1882500 722.035
1890000 779.27
1897500 773.328
1905000 784.096
1912500 824.23
1920000 624.609
1927500 695.859
1935000 712.829
1942500 659.939
1950000 704.872
1957500 786.384
1965000 726.091
1972500 773.812
1980000 653.093
1987500 631.027
1995000 817.467
2002500 829.19
2010000 719.279
2017500 758.442
2025000 773.008
2032500 755.738
2040000 636.399
2047500 576.135
2055000 803.58
2062500 797.33
2070000 658.753
2077500 674.121
2085000 890.394
2092500 750.707
2100000 886.403
2107500 859.288
2115000 746.674
2122500 791.912
2130000 814.306
2137500 770.278
2145000 786.57
2152500 857.688
2160000 889.696
2167500 730.516
2175000 713.528
2182500 852.609
2190000 883.64
2197500 851.906
2205000 874.802
2212500 790.482
2220000 854.663
2227500 754.216
2235000 900.688
2242500 842.895
2250000 871.592
2257500 783.547
2265000 803.695
2272500 776.931
2280000 799.884
2287500 890.139
2295000 775.37
2302500 616.477
2310000 798.221
2317500 747.842
2325000 801.003
2332500 859.051
2340000 947.114
2347500 834.775
2355000 974.119
2362500 888.262
2370000 1035.74
2377500 886.457
2385000 866.25
2392500 906.938
2400000 828.048
2407500 821.295
2415000 827.964
2422500 952.923
2430000 816.25
2437500 836.505
2445000 783.168
2452500 857.311
2460000 872.956
2467500 1044.09
2475000 894.979
2482500 846.232
2490000 653.408
2497500 879.531
2505000 953.907
2512500 978.896
2520000 872.897
2527500 942.046
2535000 988.487
2542500 897.167
2550000 891.558
2557500 839.285
2565000 849.881
2572500 964.342
2580000 895.422
2587500 886.58
2595000 706.91
2602500 886.554
2610000 809.09
2617500 810.239
2625000 962.741
2632500 869.057
2640000 1078.77
2647500 762.549
2655000 936.459
2662500 868.601
2670000 885.982
2677500 895.03
2685000 968.657
2692500 1119.16
2700000 961.487
2707500 815.973
2715000 894.138
2722500 868.986
2730000 880.76
2737500 949.863
2745000 927.593
2752500 972.708
2760000 870.417
2767500 946.987
2775000 754.462
2782500 900.628
2790000 969.742
2797500 872.782
2805000 964.2
2812500 875.307
2820000 821.147
2827500 750.95
2835000 735.505
2842500 799.131
2850000 771.862
2857500 857.168
2865000 842.264
2872500 739.536
2880000 862.988
2887500 795.928
2895000 967.716
2902500 904.47
2910000 964.626
2917500 841.646
2925000 770.188
2932500 892.89
2940000 960.304
2947500 879.816
2955000 971.682
2962500 927.629
2970000 934.046
2977500 1016.62
2985000 668.801
2992500 694.442
3000000 697.981
3007500 753.917
3015000 659.103
3022500 625.857
3030000 525.218
3037500 531.293
3045000 545.664
3052500 474.079
3060000 633.999
3067500 755.328
3075000 527.276
3082500 606.995
3090000 641.161
3097500 441.986
3105000 609.664
3112500 620.724
3120000 566.272
3127500 592.116
3135000 505.914
3142500 515.344
3150000 492.2
3157500 406.688
3165000 366.014
3172500 289.968
3180000 231.38
3187500 197.683
3195000 199.568
3202500 281.211
3210000 221.829
3217500 228.052
3225000 269.316
3232500 210.56
3240000 242.786
3247500 136.341
3255000 187.581
3262500 -37.9995
3270000 21.8576
3277500 126.082
3285000 67.2773
3292500 16.667
3300000 13.5038
3307500 82.6174
3315000 251.726
3322500 157.784
3330000 75.7138
3337500 169.186
3345000 297.281
3352500 185.186
3360000 312.804
3367500 174.829
3375000 168.369
3382500 257.353
3390000 137.916
3397500 176.839
3405000 119.445
3412500 131.659
3420000 -14.2381
3427500 19.3398
3435000 -60.784
3442500 -89.5317
3450000 177.882
3457500 214.726
3465000 64.0385
3472500 53.5256
3480000 75.8567
3487500 -9.59537
3495000 8.14635
3502500 81.7918
3510000 -9.60075
3517500 91.6549
3525000 102.913
3532500 -3.64239
3540000 -40.6176
3547500 23.6927
3555000 39.304
3562500 -8.59552
3570000 176.935
3577500 9.58306
3585000 39.2937
3592500 -12.4496
3600000 101.415
3607500 -121.459
3615000 -128.635
3622500 -82.6133
3630000 163.716
3637500 50.4973
3645000 27.1384
3652500 254.473
3660000 94.3446
3667500 -39.8034
3675000 -26.9853
3682500 -128.225
3690000 -56.9906
3697500 153.69
3705000 115.144
3712500 37.9675
3720000 -21.1065
3727500 106.996
3735000 -0.684412
3742500 -24.5019
3750000 181.917
3757500 106.528
3765000 168.357
3772500 363.852
3780000 64.1841
3787500 59.1299
3795000 93.9744
3802500 108.52
3810000 221.069
3817500 28.0667
3825000 110.07
3832500 11.2008
3840000 -42.643
3847500 95.9661
3855000 239.841
3862500 93.8531
3870000 -4.24253
3877500 125.27
3885000 196.687
3892500 194.235
3900000 225.899
3907500 154.194
3915000 314.163
3922500 94.7983
3930000 111.515
3937500 98.5542
3945000 120.446
3952500 146.322
3960000 6.20013
3967500 151.71
3975000 87.1734
3982500 113.173
3990000 7.8796
3997500 -98.4418
4005000 -19.4104
4012500 48.0335
4020000 87.9718
4027500 43.6241
4035000 207.902
4042500 126.576
4050000 40.3909
4057500 37.9788
4065000 -6.52551
4072500 -85.171
4080000 100.664
4087500 56.9052
4095000 242.304
4102500 281.355
4110000 141.244
4117500 177.639
4125000 172.499
4132500 157.451
4140000 178.14
4147500 448.533
4155000 132.551
4162500 249.055
4170000 155.723
4177500 140.387
4185000 76.7854
4192500 48.8782
4200000 120.897
4207500 -131.278
4215000 117.968
4222500 70.3068
4230000 196.22
4237500 155.333
4245000 -32.641
4252500 56.0201
4260000 -17.047
4267500 194.004
4275000 179.841
4282500 153.851
4290000 79.542
4297500 21.7175
4305000 123.168
4312500 86.1837
4320000 70.1005
4327500 130.091
4335000 11.706
4342500 91.9597
4350000 193.427
4357500 205.035
4365000 132.157
4372500 119.684
4380000 -50.2425
4387500 -4.34746
4395000 68.4432
4402500 163.181
4410000 77.3321
4417500 155.521
4425000 9.21902
4432500 40.8289
4440000 292.861
4447500 178.245
4455000 123.442
4462500 30.5456
4470000 -13.4166
4477500 64.4389
4485000 -47.7419
4492500 236.807
4500000 101.508
4507500 49.1713
4515000 -10.2514
4522500 123.545
4530000 101.404
4537500 285.182
4545000 98.1068
4552500 207.252
4560000 197.773
4567500 106.411
4575000 2.7279
4582500 101.255
4590000 -47.7045
4597500 13.1738
4605000 -38.3752
4612500 146.54
4620000 -60.8981
4627500 92.2273
4635000 51.8943
4642500 48.6554
4650000 -0.55639
4657500 50.4598
4665000 50.8871
4672500 -68.9044
4680000 132.934
4687500 114.285
4695000 -147.517
4702500 -135.445
4710000 -56.9967
4717500 122.751
4725000 218.395
4732500 -120.96
4740000 59.7804
4747500 134.136
4755000 75.0245
4762500 47.6839
4770000 -47.9153
4777500 -220.573
4785000 -35.3327
4792500 51.7968
4800000 -24.6185
4807500 32.4811
4815000 83.8716
4822500 156.441
4830000 73.4798
4837500 182.996
4845000 113.044
4852500 133.838
4860000 236.352
4867500 169.232
4875000 43.8202
4882500 19.8869
4890000 130.623
4897500 132.288
4905000 217.352
4912500 121.945
4920000 36.1005
4927500 0.476823
4935000 111.074
4942500 155.715
4950000 73.7658
4957500 16.8601
4965000 152.949
4972500 97.1809
4980000 -137.136
4987500 -257.417
4995000 10.622
5002500 -95.9261
5010000 -88.7153
5017500 -28.8366
5025000 3.81219
5032500 -69.5584
5040000 -190.313
5047500 -36.7256
5055000 -45.8056
5062500 247.684
5070000 129.15
5077500 132.857
5085000 76.9465
5092500 87.1942
5100000 10.1624
5107500 -139.232
5115000 -17.9481
5122500 125.359
5130000 10.9849
5137500 98.0704
5145000 123.728
5152500 165.534
5160000 -55.6859
5167500 -138.231
5175000 25.1337
5182500 -76.784
5190000 180.6
5197500 175.256
5205000 140.145
5212500 219.17
5220000 76.6419
5227500 44.5161
5235000 -59.0938
5242500 50.3215
5250000 -111.524
5257500 -32.8855
5265000 -111.302
5272500 61.0157
5280000 -22.2736
5287500 -4.37243
5295000 38.0991
5302500 -83.6428
5310000 -252.315
5317500 -100.911
5325000 83.1267
5332500 -137.956
5340000 57.285
5347500 -34.8318
5355000 -174.844
5362500 -251.567
5370000 16.5721
5377500 87.8101
5385000 181.481
5392500 160.083
5400000 161.599
5407500 176.639
5415000 136.163
5422500 23.6982
5430000 -12.5319
5437500 17.0766
5445000 108.47
5452500 117.069
5460000 -44.4573
5467500 252.349
5475000 168.535
5482500 103.854
5490000 -45.5931
5497500 250.716
5505000 220.116
5512500 171.453
5520000 250.542
5527500 166.953
5535000 127.069
5542500 180.945
5550000 199.318
5557500 157.61
5565000 21.5681
5572500 60.1276
5580000 0.353283
5587500 -190.78
5595000 -121.131
5602500 131.387
5610000 79.5989
5617500 168.272
5625000 85.9586
5632500 0.282761
5640000 85.7972
5647500 105.471
5655000 134.097
5662500 -81.7377
5670000 43.9389
5677500 -48.6821
5685000 55.1622
5692500 18.0069
5700000 178.526
5707500 158.409
5715000 -79.6434
5722500 86.9482
5730000 -197.171
5737500 -200.287
5745000 -135.766
5752500 -3.16387
5760000 231.589
5767500 57.4679
5775000 16.4777
5782500 2.93182
5790000 110.684
5797500 92.5993
5805000 -68.3161
5812500 13.8371
5820000 -27.1502
5827500 -150.292
5835000 -33.0948
5842500 86.8685
5850000 52.3578
5857500 -115.207
5865000 -52.5712
5872500 56.6241
5880000 64.214
5887500 -82.3656
5895000 -208.31
5902500 -61.5997
5910000 165.03
5917500 -25.3016
5925000 18.2298
5932500 -13.8514
5940000 106.078
5947500 102.876
5955000 81.3968
5962500 114.186
5970000 -143.261
5977500 -67.3741
5985000 228.125
5992500 86.3307
6000000 95.9002
6007500 171.517
6015000 -88.4805
6022500 -33.7342
6030000 123.36
6037500 -71.2372
6045000 33.5976
6052500 158.444
6060000 228.06
6067500 2.02869
6075000 65.9636
6082500 131.795
6090000 -70.8311
6097500 10.5682
6105000 37.6479
6112500 -9.12556
6120000 -209.902
6127500 66.7593
6135000 37.2267
6142500 -104.699
6150000 134.759
6157500 195.559
6165000 176.148
6172500 22.5145
6180000 -11.6973
6187500 -77.1775
6195000 -55.6434
6202500 135.956
6210000 135.137
6217500 83.3135
6225000 -165.438
6232500 -135.937
6240000 -54.8757
6247500 57.5387
6255000 -18.9
6262500 109.213
6270000 40.5114
6277500 113.283
6285000 250.098
6292500 187.405
6300000 41.6495
6307500 -50.4394
6315000 -43.2791
6322500 -233.215
6330000 -180.455
6337500 -232.728
6345000 49.2451
6352500 -193.689
6360000 -149.066
6367500 -72.2976
6375000 -252.167
6382500 -130.043
6390000 -279.553
6397500 -121.214
6405000 51.0706
6412500 166.684
6420000 100.185
6427500 37.5974
6435000 -156.209
6442500 -33.9394
6450000 5.66062
6457500 52.0682
6465000 217.469
6472500 115.427
6480000 -111.95
6487500 -58.054
6495000 31.5536
6502500 170.425
6510000 -15.4156
6517500 -135.365
6525000 6.01667
6532500 7.20059
6540000 92.7969
6547500 14.3634
6555000 52.9836
6562500 -35.4428
6570000 274.379
6577500 274.062
6585000 507.338
6592500 -9.47558
6600000 148.726
6607500 108.28
6615000 46.4619
6622500 -34.6693
6630000 -190.175
6637500 -70.8055
6645000 -148.335
6652500 -138.804
6660000 -26.255
6667500 162.159
6675000 -49.1256
6682500 36.3483
6690000 -125.423
6697500 55.7057
6705000 41.4978
6712500 -39.9354
6720000 217.535
6727500 -151.258
6735000 59.0342
6742500 -7.16326
6750000 -203.932
6757500 200.724
6765000 105.916
6772500 -107.016
6780000 259.002
6787500 200.973
6795000 -77.1478
6802500 -168.819
6810000 -126.808
6817500 -123.668
6825000 -17.8439
6832500 -64.9906
6840000 131.346
6847500 -182.658
6855000 -1.44248
6862500 10.5143
6870000 63.3478
6877500 -130.666
6885000 -103.521
6892500 112.986
6900000 161.419
6907500 -75.7136
6915000 59.9745
6922500 -114.901
6930000 -9.58593
6937500 66.3746
6945000 -15.5914
6952500 -25.854
6960000 233.478
6967500 98.715
6975000 118.743
6982500 80.7146
6990000 245.73
6997500 -136.884
7005000 -130.998
7012500 -221.116
7020000 -49.0519
7027500 -7.6416
7035000 -275.173
7042500 -104.349
7050000 -181.446
7057500 -87.4041
7065000 21.5119
7072500 56.5122
7080000 -25.647
7087500 130.292
7095000 127.969
7102500 185.053
7110000 19.2615
7117500 -89.4319
7125000 15.0991
7132500 -21.8122
7140000 105.343
7147500 26.1462
7155000 -6.21692
7162500 194.597
7170000 271.865
7177500 -56.0282
7185000 105.709
7192500 -107.455
7200000 95.1049
7207500 95.3712
7215000 155.396
7222500 -23.0173
7230000 44.3841
7237500 -71.5525
7245000 -245.031
7252500 -189.942
7260000 139.756
7267500 39.1516
7275000 -38.5813
7282500 28.163
7290000 -112.906
7297500 -64.6705
7305000 17.2354
7312500 219.671
7320000 36.8808
7327500 150.706
7335000 210.816
7342500 43.876
7350000 69.8052
7357500 148.614
7365000 138.807
7372500 32.2082
7380000 -44.147
7387500 -56.8415
7395000 -117.746
7402500 -50.8235
7410000 -99.4002
7417500 11.2339
7425000 -27.6945
7432500 -17.7
7440000 148.397
7447500 -110.308
7455000 14.083
7462500 100.902
7470000 27.8262
7477500 -53.8227
7485000 113.737
7492500 -25.7627
7500000 13.1806
7507500 26.5503
7515000 48.3667
7522500 117.839
7530000 221.944
7537500 282.241
7545000 105.181
7552500 306.556
7560000 282.809
7567500 64.6944
7575000 -29.6583
7582500 74.7024
7590000 -65.6474
7597500 -151.097
7605000 -35.4225
7612500 -27.8768
7620000 203.973
7627500 -5.79351
7635000 20.5259
7642500 73.1286
7650000 -27.3591
7657500 -39.4954
7665000 -3.22984
7672500 -12.2473
7680000 32.595
7687500 -79.3074
7695000 -131.565
7702500 -18.9269
7710000 -88.5786
7717500 -39.6258
7725000 -49.3805
7732500 -5.24682
7740000 145.781
7747500 143.031
7755000 279.99
7762500 36.2581
7770000 -30.3642
7777500 -37.0959
7785000 7.48112
7792500 153.901
7800000 229.549
7807500 114.755
7815000 88.963
7822500 138.358
7830000 -43.2398
7837500 124.764
7845000 -20.3018
7852500 -14.0894
7860000 4.90362
7867500 -21.044
7875000 89.5622
7882500 64.3371
7890000 -51.1851
7897500 -24.4075
7905000 22.8915
7912500 -100.193
7920000 -68.843
7927500 11.6489
7935000 -16.1589
7942500 248.7
7950000 88.5064
7957500 102.003
7965000 159.441
7972500 291.614
7980000 152.242
7987500 195.561
7995000 -124.667
8002500 3.64484
8010000 15.6896
8017500 104.251
8025000 208.074
8032500 -39.2706
8040000 -13.6087
8047500 5.99165
8055000 -24.3648
8062500 198.077
8070000 180.965
8077500 89.9104
8085000 -121.912
8092500 259.623
8100000 98.3314
8107500 -16.3598
8115000 68.7499
8122500 -106.642
8130000 -172.063
8137500 -136.939
8145000 106.641
8152500 105.19
8160000 -27.8804
8167500 132.384
8175000 -4.89882
8182500 0.821348
8190000 -51.1585
8197500 -40.6023
8205000 30.9104
8212500 -135.465
8220000 -215.307
8227500 -79.0926
8235000 -3.82927
8242500 37.0267
8250000 37.4654
8257500 -171.235
8265000 109.561
8272500 287.92
8280000 141.86
8287500 112.337
8295000 -9.20078
8302500 -20.6734
8310000 -6.23356
8317500 33.5854
8325000 -150.541
8332500 11.9949
8340000 36.188
8347500 1.60307
8355000 9.55231
8362500 -202.28
8370000 -174.11
8377500 -199.94
8385000 -104.392
8392500 -105.496
8400000 110.359
8407500 181.121
8415000 131.139
8422500 118.476
8430000 17.0359
8437500 -3.63826
8445000 -64.145
8452500 83.1657
8460000 -8.36014
8467500 -87.3066
8475000 11.1228
8482500 121.844
8490000 27.9818
8497500 27.6763
8505000 -47.7134
