0 0.0
1 -0.0487513063728
2 0.16018929937
3 0.0120758281023
4 -0.113705459781
5 -0.107367585852
6 -0.0364072016757
7 0.0786203023548
8 0.0937338810807
9 -0.0278408808491
10 -0.0448920079747
11 -0.204075588346
12 -0.342595675273
13 -0.283325739577
14 -0.228313949234
15 -0.0936139994064
16 -0.128190640913
17 -0.0715411754567
18 -0.0539268032044
19 -0.0461720785902
20 0.0563600821785
21 -0.0403452745753
22 -0.194811141881
23 -0.132928003909
24 0.0361207122767
25 -0.0145788948357
26 -0.162748772082
27 -0.16835418743
28 0.140618736497
29 -0.382391956506
30 -0.263488888281
31 -0.207262899115
32 -0.177969957012
33 -0.103878550284
34 -0.106886417131
35 -0.295232027132
36 -0.486165665547
37 -0.203459013042
38 -0.236096493852
39 -0.368135709724
40 -0.359056012799
41 -0.269588679487
42 -0.239382174237
43 -0.185123967814
44 -0.0473009677055
45 -0.269464058367
46 -0.23413512364
47 -0.350794360923
48 -0.32760670507
49 -0.453580143337
50 -0.30135984988
51 -0.249106631352
52 -0.436589973262
53 -0.14563398848
54 -0.290374690561
55 -0.0264066224093
56 -0.0155776326374
57 -0.269505923847
58 -0.046250996156
59 -0.0490984288212
60 -0.120898951035
61 -0.195362335241
62 -0.143223657205
63 0.219049308888
64 -0.255603685642
65 -0.0791584503387
66 -0.0219327628606
67 -0.10580528426
68 -0.282890592702
69 0.0313657846147
70 -0.338879206355
71 -0.0203293586478
72 0.0155282935852
73 -0.0113063538295
74 -0.0727211212511
75 -0.328533754513
76 -0.101377184301
77 -0.0381416879502
78 -0.203797715511
79 -0.193968089188
80 -0.0633400938356
81 -0.192596799827
82 -0.378688524515
83 -0.25788019827
84 -0.260797033326
85 -0.181032209413
86 -0.314378052997
87 -0.25790826458
88 -0.0797774952802
89 0.120757450998
90 0.0796174163187
91 0.0424388025743
92 -0.233379229154
93 -0.105164261251
94 -0.213139370165
95 0.0527568166358
96 0.0371949646778
97 0.299564504043
98 0.253175558552
99 0.0782258594521
100 0.0689903572272
101 -0.132218467246
102 0.135393287613
103 0.0684592271641
104 -0.122823305821
105 -0.0166711817441
106 -0.137761778184
107 0.118199399449
108 0.190144214423
109 0.0101599649914
110 0.15350306478
111 0.270874894107
112 -0.133607842353
113 0.246705676733
114 0.116061140412
115 0.0800258969634
116 0.0352906982018
117 0.19008932153
118 0.152967292693
119 0.00653113527523
120 0.427293320628
121 0.606041887485
122 0.385183398246
123 0.363338663727
124 0.11167484005
125 0.0161464047551
126 -0.0267416631457
127 0.137897163105
128 0.399785895416
129 0.210566184403
130 0.112904033588
131 0.246618590565
132 0.237737304166
133 0.181499800963
134 0.433106712967
135 0.422146308882
136 0.445781631988
137 0.566951558268
138 0.403242206075
139 0.288444547893
140 0.355014697313
141 0.897714167642
142 0.51433844446
143 0.547155025522
144 0.509224085431
145 0.698071647466
146 0.744589852489
147 0.428321832209
148 0.499794747258
149 0.546163950389
150 0.564670392445
151 0.144433540668
152 0.210077268033
153 0.26778916056
154 0.324689265319
155 0.459175863198
156 0.422964450607
157 0.364222841477
158 0.69585287338
159 0.419972842821
160 0.432990267817
161 0.426688041042
162 0.814720625493
163 0.442709199239
164 0.452197015516
165 0.483017063596
166 0.775785106552
167 0.556050136529
168 0.750638514525
169 0.563422895783
170 0.769767517739
171 0.608525505544
172 0.317611018993
173 0.162269908951
174 0.182553768104
175 0.185878884635
176 0.273307319788
177 0.344263548511
178 0.283823325765
179 0.716129159763
180 0.889932926563
181 0.732427281783
182 0.346685115291
183 0.776195122109
184 0.54941209738
185 0.674213333323
186 0.434487273813
187 1.00606839486
188 0.727238382116
189 1.03736274424
190 0.545014831677
191 0.741311170215
192 0.714422640397
193 0.825511670403
194 0.877917875594
195 0.848386729886
196 0.823946007723
197 1.10093152753
198 1.04096066831
199 0.925289662769
200 1.04867899487
201 0.812000092986
202 0.963888630816
203 1.0582762084
204 1.15944919132
205 0.928576315216
206 0.901680904863
207 0.815868714971
208 1.00755021736
209 0.924375499199
210 0.796722276749
211 1.01465665503
212 0.996288060688
213 0.823139078868
214 0.797455711956
215 0.837901070526
216 0.507134818127
217 0.837499015684
218 1.09292025606
219 0.751740676299
220 0.771528037867
221 1.0086329491
222 1.08946518853
223 1.1055541358
224 0.788103879607
225 0.925316181747
226 0.890724518299
227 0.656397619127
228 0.967190909191
229 0.58806571078
230 0.493669240397
231 0.896411702045
232 0.748916961244
233 0.751985467473
234 0.796938322094
235 0.839772501915
236 0.903940760821
237 1.27152921306
238 1.09214319259
239 0.816792351712
240 0.830523054713
241 0.725364052107
242 0.856750013171
243 0.727727849726
244 0.861499983145
245 0.841596091936
246 0.92967797915
247 0.830020929138
248 0.497331477361
249 0.893979006762
250 0.670849254405
251 0.757959008114
252 0.663356383896
253 0.783856676155
254 0.673587342137
255 0.72474184526
256 0.589829281704
257 0.870741704921
258 0.91001883822
259 0.878051078164
260 1.01975155587
261 1.13422200426
262 1.30063737895
263 1.20896873186
264 0.765403633764
265 1.0913120622
266 1.20374708142
267 1.45535487742
268 1.37308579205
269 1.50092113138
270 0.92899370629
271 0.669297483564
272 0.989344889026
273 1.34704719114
274 1.30512480269
275 1.44867194546
276 1.35178981064
277 1.3633990957
278 1.17653682475
279 1.18778636696
280 1.43572171639
281 1.10675609384
282 1.15127682311
283 1.29931425679
284 1.32959688767
285 1.32003863985
286 1.21992798723
287 1.24625854949
288 1.56396005796
289 1.3225138035
290 1.23044118242
291 1.62738574365
292 1.53245162147
293 1.55433580575
294 1.7735092924
295 1.63054328696
296 1.66664219977
297 1.35013881934
298 1.4953719776
299 1.16010994627
300 1.6095760355
301 1.78531380026
302 1.72267245038
303 1.99416269761
304 1.98474156014
305 1.62387460104
306 1.47995707465
307 1.7952685699
308 1.92047886713
309 1.72033233301
310 1.69162093744
311 2.11230521498
312 2.29233717716
313 1.88907119954
314 2.05241122659
315 1.8987787315
316 1.88435943182
317 1.66145036285
318 1.77729511031
319 1.74311241349
320 1.74218020661
321 1.85542787072
322 1.52727898438
323 1.34605308873
324 1.52714201056
325 1.51662720508
326 1.83860789171
327 1.65640682685
328 1.85467149609
329 1.32899159578
330 1.80842182812
331 1.78714268514
332 2.34452333951
333 2.26466464595
334 2.20889121501
335 1.96135642049
336 2.1685569605
337 1.88089640405
338 2.03775498687
339 2.31210990959
340 2.21446457345
341 2.43037305036
342 2.68323333018
343 2.61624110696
344 2.70039826361
345 3.03562858867
346 3.02560210979
347 2.78802464832
348 3.11867796152
349 2.58834960886
350 2.9306525996
351 2.54309412564
352 2.85147837577
353 2.72860853475
354 2.99447481508
355 3.02614498698
356 3.19037345043
357 3.03118520867
358 3.54716838245
359 3.74571558983
360 3.31718684504
361 2.95510848079
362 2.89419354833
363 2.88065202478
364 2.70585848664
365 3.01229823005
366 3.03345381195
367 3.05183746115
368 3.09352493416
369 2.69065888223
370 2.37964659619
371 2.73816693274
372 2.54387792927
373 2.60381167367
374 2.49671971793
375 2.48494727171
376 2.59293911463
377 2.30056081331
378 2.46725701111
379 2.4306683841
380 2.32604143279
381 2.68951630055
382 2.23933073463
383 2.23673959192
384 2.06744700509
385 2.02451561001
386 2.2424433397
387 1.79348792995
388 2.08449046916
389 1.83854919265
390 2.24814410946
391 2.62881692896
392 2.43567420103
393 2.86716549667
394 3.07763634446
395 2.84798336914
396 2.61320771103
397 2.64649341394
398 2.93638340122
399 3.0430157303
400 3.13906867913
401 3.1953660896
402 3.20703883721
403 3.20971848739
404 2.98827538447
405 3.05303717786
406 3.0680677398
407 3.02069666162
408 2.96401232421
409 3.26376337695
410 2.60785078534
411 2.6756886316
412 2.84114588847
413 2.62969450131
414 2.28277941121
415 2.55227039995
416 2.28125439713
417 2.59043783892
418 2.19726574984
419 2.68017680997
420 3.09369840448
421 2.60853028318
422 2.65199135424
423 2.67206953423
424 2.54239265167
425 3.0592913352
426 2.71366620562
427 2.93570446043
428 2.54373948516
429 2.76562729306
430 2.77842630646
431 2.80426084671
432 3.05183086642
433 3.16187626343
434 2.73229203905
435 3.12598735533
436 3.30921257343
437 3.20295586806
438 3.00660264931
439 3.15137221132
440 2.70321664006
441 2.77669857144
442 3.00370414395
443 2.88572571423
444 2.95881505056
445 3.47362259167
446 3.54664457176
447 3.11904071831
448 3.41597863841
449 3.45044979196
450 3.72420902802
451 3.77197595485
452 4.09091825296
453 3.53260171672
454 4.01436672012
455 3.46057532888
456 3.57100566967
457 3.65175123429
458 4.28992549932
459 4.18659294707
460 3.95681890401
461 4.55487810031
462 4.39563991197
463 4.80362211323
464 4.66374973625
465 5.07854210173
466 5.00199068756
467 4.72873914077
468 4.73862379539
469 4.71803881675
470 4.58564744136
471 4.33870540499
472 4.1604733982
473 4.40638467932
474 4.81154549955
475 4.9538601056
476 4.89599100001
477 5.12521132936
478 4.69561919211
479 4.87869485362
480 4.96802872324
481 4.79868081037
482 4.90132239296
483 4.18651855409
484 4.69132355542
485 4.35862142961
486 4.51917675647
487 4.25580465021
488 4.3453900583
489 4.09867277453
490 4.40327500404
491 4.64892916449
492 4.21637276422
493 4.13903718953
494 4.14612780076
495 3.89178846247
496 3.94436771463
497 3.97309985908
498 4.28707167354
499 4.45552151794
500 4.43047077505
501 3.97157504938
502 3.6744351115
503 3.40621805289
504 3.52507296214
505 3.55223688386
506 4.18604445618
507 3.79752893542
508 3.56220181337
509 4.17371322126
510 3.98972682605
511 3.80655820114
512 3.59993899062
513 3.54615267474
514 3.79379827207
515 3.90596301763
516 3.69817740932
517 4.00863019863
518 3.9348326981
519 4.48313836918
520 4.77712301088
521 4.47670514391
522 4.20091180334
523 4.28222700864
524 4.0642123399
525 4.55619687185
526 4.11133121697
527 4.29618079051
528 4.40470090567
529 4.09598426871
530 4.14122994061
531 4.24863004544
532 4.56603603126
533 4.63814476542
534 4.205312428
535 3.99863774583
536 4.38513949611
537 4.26668260929
538 4.31132990823
539 4.34987565496
540 4.12542394476
541 4.41350437319
542 4.40411699875
543 4.34193221096
544 4.1367589376
545 4.18217440616
546 4.17432944041
547 4.72320226369
548 4.29994886513
549 4.32405852261
550 4.2121014555
551 3.88165063177
552 3.8964588592
553 4.13209998145
554 3.63915988499
555 3.84397964634
556 3.92891158514
557 4.52391040374
558 3.94558942138
559 3.86936397744
560 4.0999712743
561 4.56963597674
562 4.07559189659
563 3.79318835365
564 3.48083632319
565 3.57891755872
566 4.17597247621
567 3.61946635168
568 4.07436178773
569 4.18325827856
570 4.2519900274
571 4.40535500304
572 4.33689290009
573 4.45368410916
574 4.33539129311
575 4.23287425501
576 4.09332523093
577 3.73410723218
578 4.1831717007
579 4.24197428665
580 3.88076649672
581 4.0795299641
582 4.1543303849
583 4.32589918227
584 4.15600408488
585 4.06894548657
586 4.23729294101
587 3.88923397997
588 3.88771050931
589 4.39861969863
590 4.41927223317
591 4.00357152887
592 4.03050088288
593 4.00282859535
594 4.30973654107
595 4.49865732297
596 3.98725011014
597 3.7564047772
598 4.0759395191
599 3.99827623766
600 4.09318750493
601 3.99735744075
602 3.54445886954
603 3.89686808452
604 3.85383542316
605 4.24968373252
606 3.76417643262
607 3.7142677201
608 3.7508573429
609 3.97875805243
610 4.11385401456
611 3.94941164157
612 3.92921820223
613 3.88212070953
614 3.92548918319
615 4.01582133915
616 3.9137723952
617 4.29034751368
618 4.11644916992
619 3.99849615647
620 3.82810471495
621 4.08187624229
622 4.27924378329
623 4.0515670923
624 4.24494106788
625 4.35880105313
626 4.2638979055
627 4.50676898818
628 4.81296512882
629 4.88742742656
630 4.82499457512
631 4.92250853114
632 5.54511902304
633 5.32288688692
634 5.31244765972
635 5.06917698824
636 4.97631031239
637 4.85038134941
638 5.20149872732
639 4.93654878805
640 5.64852552114
641 5.18505673032
642 5.33933089474
643 5.17377580806
644 5.03709633789
645 5.04259508614
646 5.22769539429
647 5.26962011042
648 4.64923615962
649 4.72533643139
650 4.41517738491
651 4.46837890337
652 3.88585147723
653 3.61549418354
654 4.15939519562
655 4.16797771713
656 4.43462915
657 4.19161196027
658 3.7445805583
659 4.02842644284
660 3.6868557084
661 4.08414863982
662 3.80986636065
663 3.96424190404
664 4.29093308249
665 4.45426600373
666 4.40572461179
667 4.02552411284
668 4.5246855974
669 3.78113209637
670 3.64838697695
671 3.91927829735
672 3.99873413698
673 4.20295419702
674 4.06086010279
675 4.08849301742
676 4.08181880281
677 4.29803937368
678 3.98337095533
679 3.94702586884
680 4.05269386658
681 3.70792782569
682 3.85589109894
683 4.31009448324
684 4.18348619643
685 4.2516664969
686 3.82743001195
687 4.00408331556
688 4.07725985814
689 4.08699999999
690 4.03588581096
691 3.77919380487
692 3.70894224636
693 3.67145576427
694 3.72665918177
695 3.92141962662
696 3.71191260791
697 3.99762609099
698 3.8567918893
699 4.2071844622
700 3.90492392281
701 4.11214857761
702 4.47056596557
703 4.2736040769
704 3.97155421644
705 4.17586955302
706 4.30469110248
707 4.54396837545
708 5.00583889425
709 4.94015696099
710 4.80221549039
711 5.05880938825
712 5.10675381401
713 4.47391410163
714 4.11586497165
715 4.03980320032
716 4.44294755836
717 4.32795363504
718 4.68104861211
719 4.31894771577
720 4.32740154353
721 4.37953777054
722 4.4881035516
723 4.48196049568
724 4.66017154836
725 4.16091955
726 4.13996688892
727 4.40803622593
728 4.21616099769
729 3.9152565026
730 4.02790513982
731 3.94532756245
732 3.99668941681
733 4.46101549309
734 4.38387155689
735 4.59901201305
736 4.47179401628
737 4.39831005983
738 4.72168327244
739 4.52100168189
740 4.33865350901
741 4.37411092544
742 4.2604255178
743 4.14807052654
744 4.34945874268
745 4.11053001763
746 4.03277920404
747 4.35131823303
748 4.18695245721
749 3.61425550303
750 3.53414081382
751 3.89780902264
752 3.98765368228
753 4.51973412723
754 4.34298556262
755 4.62087936949
756 4.66936498613
757 4.66348582869
758 4.73854401626
759 4.76912338768
760 4.81536903291
761 4.65685586126
762 4.67469234324
763 4.9289520193
764 5.09032822353
765 4.89071568076
766 4.83300685127
767 4.72503181824
768 4.46997525059
769 4.46234079482
770 4.55606932083
771 4.21474738875
772 4.34212540969
773 4.18704842004
774 4.66605734642
775 4.98655599365
776 4.77685780045
777 5.06874020273
778 5.34167090313
779 5.42936292239
780 4.89313394053
781 5.27413980239
782 5.61322892227
783 5.52513379412
784 5.95745240448
785 5.97039592235
786 5.49341382073
787 5.21144011534
788 5.19172237925
789 5.26941429804
790 5.02401657947
791 5.13681449582
792 5.43742986378
793 5.6792490813
794 6.06546850587
795 6.36190906941
796 6.53957484678
797 6.21082716081
798 5.99091270787
799 6.04315016028
800 6.05248338793
801 6.48398983226
802 6.72194396133
803 6.81957402338
804 6.34921199641
805 6.66164786952
806 6.83562731558
807 6.97200442768
808 7.74430449707
809 8.10361261117
810 7.95955944527
811 7.71219301602
812 7.52037312135
813 7.7416078511
814 7.72618849992
815 8.13376297618
816 8.63985840846
817 8.10182317996
818 8.25284855779
819 8.68281980645
820 8.21413816251
821 8.14349798868
822 8.21201411956
823 7.77264407992
824 7.82049867436
825 7.88424688309
826 7.66753257541
827 7.4449002476
828 7.66391187316
829 7.50101482613
830 6.77774782205
831 6.84769658953
832 6.88295457751
833 6.48480075144
834 6.81936754221
835 7.04499975469
836 6.35355728897
837 6.02079067145
838 5.77195274701
839 5.9402495178
840 6.23817717445
841 6.6303489833
842 7.22899071785
843 6.62744311725
844 6.90592385749
845 6.59965774079
846 6.8955240088
847 6.73623693776
848 6.08633521211
849 6.43874955804
850 6.59218812482
851 6.00584803753
852 6.1366740662
853 6.3172994639
854 6.35481532449
855 5.71545387269
856 6.43532956958
857 6.92161599876
858 6.11436319487
859 6.13379980311
860 5.94202987058
861 5.92204839848
862 5.44575660768
863 5.22215154235
864 4.70863536209
865 4.23787077767
866 4.73500251009
867 4.96325759876
868 5.24886164823
869 4.75167618805
870 5.02822187179
871 5.25573924957
872 5.62336676855
873 5.3832848702
874 5.57637657495
875 5.33959658642
876 5.28536089475
877 5.72237933501
878 5.98085732008
879 5.89445965844
880 6.07522785638
881 5.61708979043
882 5.72625544817
883 5.65983835237
884 5.71951659596
885 5.59852152183
886 5.39800442438
887 5.50160570488
888 5.65231395999
889 5.80004286393
890 6.37489228303
891 6.43826021659
892 5.82441129838
893 6.29473665816
894 6.56272078901
895 6.54537457974
896 6.76255044815
897 6.20748531098
898 6.62596483034
899 5.99900586094
900 6.0267335799
901 6.42837519013
902 5.70310893428
903 4.98739336801
904 5.05427210294
905 4.90975050106
906 5.28744841954
907 4.86450525615
908 4.46875459637
909 4.39509280343
910 4.8405438797
911 5.11107697287
912 5.95897423942
913 5.21053619516
914 5.53724542556
915 4.83178963246
916 5.44959996509
917 5.5718550621
918 5.43218288527
919 4.71572848591
920 4.61411837098
921 5.17291458956
922 5.08385602366
923 4.86390102873
924 4.18534443469
925 4.6706720661
926 4.6478793138
927 4.73805303626
928 4.64782777687
929 5.38731219992
930 5.41703512868
931 5.05002799041
932 4.99283402426
933 5.33655774289
934 5.30913475371
935 5.04998900777
936 4.90851447594
937 4.57567027103
938 4.70881879909
939 4.7262353556
940 4.69009697296
941 4.48036431573
942 4.73077544444
943 4.99810979968
944 4.91731376812
945 4.87605826432
946 4.4926274604
947 4.80964915391
948 4.74489426009
949 4.95860506233
950 5.35298278633
951 5.13265123024
952 4.86701976264
953 4.97365113914
954 4.91191947547
955 4.82206784798
956 4.68185053192
957 4.64724681602
958 4.51650785833
959 4.53610890898
960 4.56367088136
961 4.74068887096
962 4.75772261135
963 4.77077230446
964 4.59956774001
965 4.24177222548
966 4.53736812373
967 3.99069521035
968 4.66304647692
969 4.13749710985
970 3.92352149265
971 3.41322692934
972 3.65928760209
973 3.19213029941
974 3.48777138361
975 3.54913656948
976 4.04400169828
977 4.57791018262
978 4.28407175304
979 4.47552207279
980 4.67060860544
981 4.29601541564
982 4.07277441569
983 4.56777081955
984 4.75532600972
985 4.09403819814
986 4.00063056622
987 4.54197263917
988 4.60148376922
989 4.42124734176
990 3.94339525542
991 4.18947742116
992 4.68744694355
993 4.83534724548
994 4.80458348962
995 5.12991364691
996 5.38252165791
997 4.92083813876
998 4.8708246942
999 5.25452780163
