0 0.0
1 -0.0703452700735
2 -0.0345805077856
3 0.108292333522
4 0.0358973687549
5 -0.108695955256
6 0.041576383457
7 -0.0920488062337
8 -0.0439718040425
9 0.206731465267
10 0.0416112416015
11 0.0853085568407
12 0.018052144602
13 0.00635667575837
14 -0.0747662982244
15 0.172007412489
16 0.406745867706
17 -0.0512164623431
18 0.271023275453
19 0.0283306538878
20 -0.192716487016
21 -0.104824437943
22 0.0627843322058
23 -0.00763840794951
24 0.276663071756
25 0.109623695404
26 0.229788707284
27 0.190199509308
28 0.707065565574
29 0.670926447044
30 0.35062027451
31 0.624110520996
32 0.627135216248
33 0.0947368929644
34 0.38210395151
35 0.470341457099
36 0.278948837153
37 0.484838930454
38 0.442805303301
39 0.477336774645
40 0.361517285858
41 0.573683987578
42 0.479522478327
43 0.282906178077
44 0.38145459438
45 0.607649092236
46 0.51371206697
47 0.684764310138
48 0.226265802619
49 0.612097039526
50 0.787877898709
51 0.49048318811
52 0.590380884558
53 0.455109240507
54 0.440228609464
55 0.728064070946
56 0.626814375619
57 0.757252481458
58 0.694967170425
59 0.679980481067
60 0.587101535992
61 0.585427652905
62 0.338460791596
63 0.154824167596
64 0.485491837952
65 0.456926532132
66 0.788110785545
67 0.376444998978
68 0.543179800571
69 0.595736452046
70 0.388475287689
71 0.578650590882
72 0.487941737774
73 0.716917346788
74 0.590738052419
75 0.583284122319
76 0.325037233838
77 0.214558486669
78 0.532649250603
79 0.553982778828
80 0.52407767352
81 0.571831347937
82 0.450302885675
83 0.70912394416
84 0.770531323982
85 0.407338557046
86 0.529327890092
87 0.55523105575
88 0.121229793913
89 0.367282313593
90 0.520221743224
91 0.601466369717
92 0.339368782645
93 0.617074222365
94 0.193486057211
95 0.391899607434
96 0.553257078493
97 0.876453865329
98 0.753247765416
99 0.504395201432
100 0.789033223355
101 0.442936355814
102 0.451837510679
103 0.535310551588
104 0.629220526658
105 0.468401445758
106 0.402453419561
107 0.420854816413
108 0.265987307337
109 0.666154484875
110 0.356580169216
111 0.662909859296
112 0.376472452362
113 0.710838712119
114 0.84743074382
115 0.621272761367
116 0.582522534914
117 0.590450783914
118 0.72301890365
119 0.522718454752
120 0.65218411027
121 0.663309878044
122 0.836946807586
123 1.07879422882
124 0.734101409608
125 0.995819026167
126 1.18670285557
127 0.990821597473
128 0.856950134713
129 1.10321158388
130 0.731389941429
131 0.926902197243
132 0.800842647369
133 0.84760714899
134 0.805188722753
135 0.536325191365
136 0.64729356822
137 0.905633896485
138 1.14210038088
139 0.557090887399
140 0.545686518658
141 1.03491053621
142 1.49700677488
143 1.11339573737
144 1.11543102488
145 1.24389517588
146 1.01065188124
147 1.10346630356
148 1.37546779805
149 1.15811236504
150 1.30388808577
151 1.31077470557
152 1.13773458896
153 1.40265297968
154 1.33297311641
155 1.18808475419
156 1.36055030457
157 1.41243348203
158 1.64119192427
159 1.3987387909
160 1.31006672221
161 1.27782453191
162 1.30407264702
163 1.28879129633
164 1.27472255659
165 1.24302866885
166 1.36734880362
167 1.55443847805
168 1.68127068005
169 1.90670104801
170 1.99782970992
171 1.62200123942
172 1.58535472769
173 1.23773890961
174 1.55555084173
175 1.54557272696
176 1.41556720899
177 1.46738823489
178 1.56829690822
179 1.48843302029
180 1.41277884038
181 1.5670314731
182 1.85245797511
183 1.87993230092
184 1.56845066971
185 1.77962903347
186 1.5066742532
187 1.55426991386
188 1.51309880027
189 1.71121206235
190 1.73973491722
191 2.02316876616
192 1.49791108501
193 1.77698003566
194 1.55319194208
195 1.89992474095
196 1.89735842911
197 1.74834015826
198 1.74797149261
199 1.644282662
200 1.64108523026
201 2.03995103063
202 1.84943600261
203 1.88912746065
204 1.76784753545
205 1.97051147804
206 2.04066137962
207 1.80020183062
208 1.68771179613
209 1.76984067141
210 1.90890032392
211 1.5813578297
212 1.93066708771
213 1.89130644883
214 2.24292410332
215 2.03459336548
216 1.88512681664
217 2.06462150128
218 1.86116914979
219 1.67398623074
220 1.94917522417
221 2.14330884733
222 1.77295571575
223 1.91842780176
224 1.68576748744
225 1.78611869597
226 1.38006995157
227 1.50309573499
228 1.79673190754
229 1.28915732907
230 0.979332655778
231 1.63918278372
232 1.30859456973
233 1.74664029264
234 1.52485895382
235 1.59750473524
236 1.48017145181
237 1.6851472776
238 1.63520922764
239 1.69156473844
240 1.69038427185
241 1.63062699482
242 1.53505949427
243 1.68188483576
244 2.06391303857
245 1.88513221629
246 1.60202686777
247 1.39807829997
248 2.04124290838
249 1.83369944741
250 1.81080728065
251 2.13222766697
252 2.51733654168
253 2.00302814981
254 1.91450571593
255 2.29905465899
256 2.32850921578
257 2.38106478301
258 1.93548123589
259 2.28080827332
260 2.19553742049
261 1.63880061121
262 1.94628851288
263 1.9152387962
264 1.92526875539
265 2.06429402265
266 1.60250847365
267 2.04055102047
268 2.14643299048
269 2.05778498915
270 2.54307146671
271 1.92709043582
272 1.74683206087
273 1.95994301714
274 2.09391732366
275 2.28259084813
276 1.94361212447
277 2.28390935421
278 2.02561065945
279 1.731761044
280 1.84575815861
281 1.74583335023
282 2.13132267286
283 2.08964004446
284 1.93328957443
285 2.38045839474
286 2.04656409647
287 1.83496654913
288 1.64629393355
289 2.25894482257
290 2.72375963434
291 2.32906603039
292 2.2365975414
293 2.08054221348
294 1.87123183229
295 2.02455542762
296 1.97311556567
297 1.99772366016
298 1.6469412671
299 1.90201567278
300 2.20311351545
301 2.55277533462
302 1.97389276419
303 2.37029162974
304 2.49346402587
305 2.62184611034
306 2.40631554917
307 2.76426970416
308 2.72807411406
309 2.78868135523
310 3.01231423351
311 2.44717560388
312 2.49644426911
313 3.12052828242
314 2.60684634891
315 2.7812332635
316 2.75635640269
317 2.72712138722
318 2.5953301817
319 2.5117543101
320 2.81955889818
321 2.910512061
322 2.50134840731
323 2.8131012311
324 2.60408102978
325 2.77136466064
326 2.73637787644
327 3.10600157871
328 3.01224254241
329 3.00183946734
330 2.89005493827
331 2.94522692447
332 2.66993178239
333 2.39404485152
334 2.68398242063
335 2.36086401321
336 2.53091654361
337 2.72408942843
338 3.09679244706
339 3.08006879765
340 3.00040335504
341 3.14526980961
342 3.37920415459
343 2.7576004165
344 3.05139824853
345 2.76533902738
346 2.54390075711
347 2.95073097629
348 2.83198624276
349 3.17676558096
350 3.22490057902
351 3.49274632512
352 3.36298855959
353 3.49550633975
354 3.32126739218
355 3.51708098697
356 2.83964925839
357 2.94844365358
358 2.69115662623
359 2.33312744951
360 2.6146747098
361 2.68175782883
362 2.63122296706
363 2.81768639859
364 2.57453446769
365 2.9399690482
366 3.13590720964
367 2.63524622241
368 2.84028508051
369 2.72358680557
370 2.74998569828
371 2.89338220277
372 2.70673583827
373 2.71334914519
374 2.82563738631
375 2.59683027754
376 2.58377262953
377 2.56833502552
378 2.59776060169
379 2.94664751242
380 2.58055346346
381 2.74672834735
382 2.36357515158
383 2.62316704148
384 2.18205956081
385 2.75049092564
386 2.39566739333
387 2.55973476591
388 2.6555096842
389 2.52589622893
390 2.61925601313
391 2.85168089974
392 2.82228175923
393 2.68969914301
394 2.70191658247
395 3.00579759929
396 2.65002581432
397 3.10439732647
398 3.07936022624
399 3.33054326035
400 3.27845330476
401 3.00644145747
402 3.03132232314
403 3.23366635675
404 3.20701678872
405 2.89930987445
406 2.95359767619
407 2.72476344813
408 3.21627347075
409 3.23297791701
410 3.04651796821
411 2.69943822568
412 2.80270580006
413 2.37529750156
414 2.7729313524
415 2.39757758523
416 2.54062662582
417 2.79407851063
418 2.82911774875
419 2.4710899241
420 2.70993159988
421 2.72645768456
422 2.75896495501
423 2.78541342959
424 3.19963757894
425 2.76691564071
426 3.1597144111
427 3.05354317668
428 3.17348928249
429 2.9387999067
430 2.80605592962
431 2.79452964518
432 2.46266788633
433 2.50281686491
434 2.5971676817
435 2.62253105343
436 2.62041604854
437 2.54308862063
438 2.69577798342
439 2.75810110731
440 2.85870109232
441 3.12486725419
442 3.20390443228
443 2.90509932441
444 2.81511726835
445 2.49318863244
446 2.89085275607
447 2.89780679077
448 3.29863835731
449 2.76128483519
450 3.12526227157
451 2.74962528449
452 2.48594999686
453 2.56347155046
454 2.8590419453
455 2.9917289831
456 3.07196541705
457 2.86563463617
458 2.46214489807
459 2.87620135378
460 2.84693230549
461 2.37472000342
462 2.53847440476
463 2.43710904107
464 2.52470063289
465 2.39205697553
466 2.6446328321
467 2.51726133868
468 2.52255268292
469 2.5206603046
470 2.84715945374
471 2.74469938674
472 2.66675217909
473 2.47745728623
474 2.43705976737
475 2.78851268084
476 2.66426886436
477 2.67812384812
478 2.92799532596
479 2.57116996856
480 2.5966852186
481 2.6206160894
482 2.48063403705
483 2.88817971042
484 3.39500809493
485 3.11308108992
486 2.7335787609
487 2.17388451987
488 2.56270830513
489 2.76655771034
490 2.71886570025
491 2.83397829225
492 2.74906996372
493 3.11061125805
494 3.12229118335
495 3.31021908232
496 3.42628493467
497 3.22156934276
498 3.26704072257
499 2.60269314315
500 2.87299909308
501 2.74838675618
502 2.63726335779
503 2.87613775373
504 2.69110685869
505 2.4489352776
506 2.30160882614
507 2.29278768843
508 2.4063990069
509 2.53195524926
510 2.38726077044
511 2.35994533747
512 2.3623029801
513 2.21878846342
514 2.35444998582
515 2.53174528976
516 2.63485064961
517 2.29301839419
518 3.07607887871
519 2.54521686719
520 2.05754764438
521 2.14976992637
522 2.62703288136
523 2.48179573395
524 2.2498715432
525 2.22570325721
526 2.519438087
527 1.80158468162
528 1.63663381448
529 1.72204062904
530 1.93470572503
531 1.9841006691
532 2.30555212024
533 2.38482260131
534 2.60464702332
535 2.60482409387
536 2.41535335883
537 2.68677511887
538 3.01127498818
539 2.66346016154
540 2.704031736
541 2.94854821825
542 3.03336970029
543 3.02873593113
544 2.93217441593
545 2.70223772757
546 2.69392775966
547 2.84872887584
548 2.7846096817
549 2.70090324163
550 2.13952744083
551 2.80420101449
552 2.21531629259
553 2.72195356528
554 2.43652294395
555 3.07891261577
556 2.61121174676
557 2.91691190025
558 3.02036979546
559 3.02037864121
560 3.2414719755
561 3.19124295231
562 3.16446393341
563 3.54215095833
564 3.64296054737
565 3.3406381257
566 3.36120773035
567 3.19669806526
568 3.05706038238
569 3.54661493628
570 3.15488961427
571 3.18048107649
572 3.77406049553
573 3.59987092344
574 3.38582755027
575 3.71855937476
576 3.92921448515
577 3.6885020065
578 4.04471002098
579 4.00852711689
580 4.06211715331
581 4.32007025038
582 4.60832539931
583 4.05718571273
584 4.46023866873
585 4.4486394074
586 4.48246909577
587 4.12222764708
588 3.95324972894
589 3.71339164945
590 4.05451472075
591 3.56564120099
592 3.84305047416
593 4.26722809824
594 4.21468953531
595 3.92027496014
596 4.16095540827
597 4.37489590489
598 4.42592364401
599 3.99266258604
600 3.62607683755
601 4.27893753888
602 4.15735858728
603 3.81879934556
604 4.1049097755
605 3.7585859919
606 3.81941064607
607 4.46111670687
608 4.53496111637
609 4.5037104736
610 4.19957188644
611 4.51351481211
612 4.31439726141
613 4.7552346423
614 4.49629944992
615 4.77656899546
616 4.87027610094
617 4.90389824056
618 4.17239620598
619 4.39076000347
620 4.72254611909
621 4.46327874443
622 4.26672873551
623 4.13874936769
624 4.01693930127
625 3.88281545858
626 4.06574560783
627 3.55888380779
628 3.74862705024
629 3.62664960675
630 3.83436802324
631 3.90295876239
632 4.03886393783
633 4.32257667312
634 4.17893211309
635 4.18024594272
636 3.90640354428
637 4.30452744773
638 3.92563732245
639 4.09500454319
640 3.86999961918
641 4.18266263444
642 3.80745569992
643 4.01242862676
644 4.31506276553
645 4.45263384952
646 4.14385927837
647 4.37423294761
648 4.30296874263
649 4.03683190674
650 4.22446039097
651 4.26649108064
652 4.65742623241
653 4.53862466555
654 4.51429009416
655 4.24320909299
656 4.48165496701
657 4.47278940427
658 4.29637875927
659 4.57194153356
660 4.54090499543
661 4.62488241209
662 4.97562763798
663 4.94629330286
664 4.85180444849
665 4.15369660701
666 4.42710156165
667 4.22407888586
668 4.22627930801
669 4.0755568855
670 4.11336078715
671 4.13184225267
672 4.24312162412
673 4.45104590313
674 4.65566434773
675 4.46970611814
676 4.06437706207
677 4.17267605324
678 3.83814092526
679 3.87464721873
680 3.79527489077
681 4.16716491158
682 4.67477393765
683 4.55322383318
684 4.22573083197
685 4.46454027668
686 4.053061302
687 4.05975225116
688 3.86830986694
689 4.13149418589
690 3.95019066236
691 3.99047887077
692 3.91652711846
693 3.9729151361
694 4.2659553206
695 3.89060974048
696 3.85477546286
697 3.47213714648
698 3.56780635096
699 3.87229454692
700 3.69843352491
701 3.95623830903
702 3.87744602193
703 3.80771763793
704 3.81006962895
705 3.8141280712
706 3.97585566786
707 3.89803207241
708 4.21309149516
709 3.9302694877
710 4.16778494485
711 4.04864007248
712 4.44381660928
713 4.50815082622
714 4.18749533703
715 3.7844743239
716 3.99239388845
717 4.24557726056
718 4.26786148503
719 3.81807604871
720 3.83483376723
721 3.96020534469
722 3.72849577414
723 3.91608784867
724 3.8515042651
725 4.01459680377
726 3.6229106716
727 3.35883502779
728 3.58174475009
729 3.9150726369
730 3.24412589459
731 3.67607331911
732 3.98994189834
733 3.87732020592
734 3.49545598662
735 3.38247899229
736 3.33073396576
737 3.50476537762
738 3.20555255285
739 3.33362178119
740 3.21124306727
741 2.72425940202
742 2.72623179718
743 2.80396158463
744 2.75406962518
745 3.14993433116
746 2.75524635931
747 3.24244548881
748 3.32682255426
749 2.88202410513
750 2.52124011623
751 2.94135650041
752 2.61744263786
753 2.76583810103
754 2.67772694237
755 2.39494065062
756 2.35721373151
757 2.64780395372
758 3.0214113047
759 3.61168077887
760 2.80705176925
761 3.31368164271
762 3.56709438341
763 3.99223426243
764 4.07338790296
765 4.35766206453
766 4.52227559837
767 4.66515687977
768 4.48404590485
769 4.62499679764
770 4.64942896342
771 4.79587941093
772 4.69325254392
773 4.55462344052
774 4.3364781943
775 4.14379477206
776 4.57972561676
777 4.09975372471
778 4.48779229625
779 4.50087753964
780 4.46660601352
781 3.89612659768
782 3.27987555204
783 4.16246690966
784 4.42855891176
785 3.92171825121
786 3.97882034192
787 3.69279512878
788 4.12641932183
789 4.47085919937
790 3.97352870106
791 3.40496783339
792 3.35086487406
793 2.87396715256
794 3.76606053922
795 4.13629166633
796 4.55637361662
797 4.59728364222
798 4.88823596304
799 4.53553364622
800 4.12669447523
801 4.1313148174
802 4.70661353683
803 4.27099792322
804 4.30377696466
805 4.05681793388
806 4.01954362305
807 5.0622649
808 4.74855109736
809 5.07690324639
810 5.47253359331
811 5.58816182711
812 5.5479766163
813 5.46925778235
814 4.94645816749
815 5.74642554687
816 6.34802047171
817 6.4388794882
818 5.36790122938
819 5.20421112203
820 5.8823743723
821 5.63588104131
822 5.362693547
823 5.27907568128
824 5.1937927646
825 5.15757569778
826 4.81847810251
827 5.12803191964
828 5.20753259569
829 5.06387730746
830 4.19392494577
831 4.30233498833
832 4.52502173576
833 4.13927865583
834 4.87999743175
835 5.13865646789
836 5.44642006628
837 5.59654153937
838 5.61283811996
839 5.16669319528
840 5.6140415359
841 5.34850446335
842 5.4978677004
843 5.22036802657
844 4.68490800306
845 4.86566180487
846 4.55313323665
847 4.5400640947
848 4.30105311205
849 3.83596668697
850 3.73865033751
851 3.83432643456
852 4.17857984844
853 4.4797943397
854 4.43013180974
855 4.27635689869
856 4.23615617364
857 4.6758373927
858 5.00374175838
859 5.13834492059
860 4.80163442186
861 4.9539223631
862 4.46112728789
863 4.34513409939
864 4.63727234246
865 5.28445218834
866 4.35243960484
867 4.26209283613
868 4.33374761794
869 4.2397593921
870 4.03404296039
871 4.525383748
872 5.00129808986
873 4.84882678291
874 4.2728581881
875 4.31443178824
876 4.82255663608
877 5.05871865222
878 4.71325689154
879 4.88476661466
880 4.94466804298
881 4.75599988723
882 4.71809842015
883 4.827364964
884 5.18162590481
885 5.07753081289
886 4.55059506936
887 4.23276580888
888 4.26276460307
889 4.08073959539
890 4.11888771718
891 4.1399682442
892 3.70534799495
893 3.98992581959
894 4.17756638897
895 4.47389763171
896 4.46235939808
897 4.44380365582
898 4.4515441786
899 4.61017150681
900 4.95513614977
901 5.81537809811
902 6.37927417623
903 5.98033050824
904 6.17228547372
905 6.0524223191
906 6.17905607535
907 5.66606184282
908 5.55980127206
909 5.53579918665
910 5.67110505603
911 6.01395018023
912 5.4221192192
913 5.14115397357
914 4.90114795387
915 4.80881250449
916 4.88803628917
917 4.71569473233
918 4.96357590062
919 4.75002980848
920 4.38852080508
921 4.61140343351
922 4.57954174308
923 5.01497525593
924 5.07647049455
925 5.57898187706
926 6.07779577404
927 6.14374126838
928 6.5639114935
929 5.70486173835
930 5.54092289896
931 5.42067893956
932 6.41729554582
933 6.2460859937
934 6.46104643525
935 6.51466150891
936 6.26452230863
937 6.75888777978
938 6.76310163083
939 6.55414987377
940 6.68377529285
941 6.41818399049
942 7.1300396902
943 7.24237398411
944 7.69952117645
945 8.05732111147
946 8.06725408487
947 8.09409867817
948 7.57864767358
949 7.78626967663
950 7.80420066827
951 8.2470326947
952 8.08782973782
953 8.19997661319
954 7.97615651333
955 8.78894174472
956 8.23811751658
957 7.67911158266
958 7.98875624264
959 9.46794046126
960 9.05934587669
961 8.31231998573
962 8.11203826118
963 7.51598308659
964 7.93234141188
965 8.13414670483
966 8.01844002915
967 7.11952900306
968 7.31460635745
969 7.7192318415
970 8.06191781539
971 8.30028214312
972 7.87370131696
973 7.98190399312
974 8.63658263846
975 8.28109804047
976 8.74273362815
977 8.67401769939
978 8.6327179593
979 8.19879846245
980 8.74687284774
981 7.95314380304
982 7.89120511803
983 7.8430161357
984 8.38411775577
985 8.29874358271
986 8.24952266812
987 8.42262090238
988 8.37469232271
989 8.82697056886
990 8.41648957953
991 8.64234817481
992 8.64535894103
993 8.40604797134
994 7.93439893222
995 8.00094135535
996 8.04926855106
997 8.09427716351
998 8.07635005761
999 7.16271087507
