0 0.0
1 -0.0351352028505
2 0.313866147445
3 -0.0607971553459
4 0.132998784472
5 -0.0374730773113
6 -0.0137687621019
7 0.0343010196575
8 -0.0779722076836
9 -0.12347835671
10 0.202512465674
11 0.179186143157
12 0.084309804755
13 0.338038577878
14 0.181577181122
15 -0.114510473989
16 0.117582011968
17 0.0649670077286
18 0.0310902245807
19 0.0729440245032
20 0.299046165305
21 0.25026574116
22 0.0181256536222
23 0.124938164005
24 0.272185889651
25 0.0325613796037
26 -0.0957696228577
27 0.0305740256787
28 0.226545448971
29 0.309185899711
30 0.0929707372174
31 0.152036233575
32 0.112677573889
33 0.0154511189614
34 0.430480902428
35 0.230166404601
36 0.0301688387632
37 0.229157895642
38 0.416183090738
39 0.200563949681
40 0.163441032807
41 -0.00950582639605
42 0.0204313794724
43 0.310520518157
44 -0.0528108028247
45 0.088193999359
46 0.0897176651355
47 0.181444543376
48 0.237789043992
49 0.162058887754
50 0.225279073831
51 0.570855270876
52 0.457479867358
53 0.292973757533
54 0.519815930732
55 0.288719450288
56 0.146094438831
57 0.322498099931
58 0.0880806049189
59 0.0988983044875
60 0.153789828758
61 0.00315993822107
62 -0.0877385113297
63 -0.195672256218
64 0.0824125513704
65 0.325561333411
66 0.206709535604
67 0.0755007735902
68 0.0567961890533
69 0.338738388617
70 0.132362324191
71 0.213332223741
72 0.339938844828
73 0.190909927393
74 0.384542359073
75 0.362438041053
76 0.0547691793327
77 0.315905761452
78 0.281431914297
79 0.322630529778
80 0.105014315804
81 0.253324648588
82 0.106188014717
83 -0.168667807487
84 0.282960762882
85 -0.162516372636
86 -0.00681530438536
87 0.150364078303
88 -0.0569055866123
89 0.254718513065
90 0.344535019051
91 0.269299003368
92 0.340640705857
93 0.507151594973
94 0.35409766965
95 0.45369789172
96 0.44959629548
97 0.575841901555
98 0.545119268572
99 0.373206934221
100 0.299347700831
101 0.32817457858
102 0.406576085907
103 0.516964167827
104 0.592898346506
105 0.731409454466
106 0.544372461658
107 0.368741744446
108 0.535455821153
109 0.21358985358
110 0.0563092857752
111 0.202595045671
112 -0.0204150538253
113 0.214567489399
114 0.187037390175
115 0.0864340733812
116 0.102425608422
117 0.525165861581
118 0.354622773063
119 0.116722666925
120 0.0272243982742
121 0.325680635752
122 0.358468513191
123 0.195734553054
124 0.190093260932
125 0.38831131624
126 0.401990168425
127 0.309674862949
128 0.290531247209
129 0.198862752387
130 0.24821447501
131 0.25946692986
132 0.0636483628592
133 0.0846412645935
134 0.190302766023
135 0.372153890263
136 0.245055223139
137 0.0106800061626
138 0.112164551586
139 0.120762011891
140 -0.0215627301656
141 0.0151054025232
142 0.0858137015834
143 0.240526714554
144 0.0541768669031
145 0.24171198095
146 0.221204574259
147 0.414545732937
148 0.238872655733
149 0.378585816422
150 0.128662338594
151 0.149193747109
152 -0.0320210568684
153 0.311912566836
154 0.493403306521
155 0.34581730575
156 0.319599914807
157 0.381194034214
158 0.574024668617
159 0.644423379716
160 0.583140277705
161 0.629740670848
162 0.311475565344
163 0.477573595415
164 0.607908513841
165 0.288872176452
166 0.408324122863
167 0.53403435127
168 0.582620922183
169 0.432395986596
170 0.474008283298
171 0.860241457485
172 0.790883205985
173 0.55192134141
174 0.662965066037
175 0.661947538448
176 0.507779935593
177 0.809959352123
178 1.037260521
179 1.02125996907
180 0.902184938006
181 0.831687620126
182 0.601465896595
183 0.762877355744
184 0.990093397211
185 0.740748462086
186 0.917242208672
187 0.900092027464
188 0.602790524814
189 0.980709990471
190 0.750215404857
191 0.657024477301
192 1.00553031919
193 0.719511448529
194 1.04586685596
195 0.854160005843
196 1.01672906958
197 0.885350956069
198 0.566038743154
199 0.98335956397
200 0.61307495996
201 0.852185397159
202 0.891902287154
203 0.997012778058
204 0.886409109776
205 1.34039427566
206 1.12378945414
207 0.903882354163
208 1.14957090051
209 1.06295019064
210 1.01696777514
211 1.29354988191
212 1.16353195274
213 1.16789546386
214 1.26443211351
215 1.31930611746
216 1.33397544822
217 1.41313741261
218 0.985575925898
219 0.798721423515
220 0.773733685004
221 0.630582312195
222 0.765948735511
223 0.930341036083
224 0.688875349089
225 0.685390392153
226 0.877360537637
227 1.15722449614
228 0.946715628487
229 1.57737702672
230 1.48433766125
231 1.50634543846
232 1.537040377
233 1.34909768691
234 1.17696873558
235 1.49902958528
236 1.06688968438
237 0.956213934027
238 1.09173281646
239 1.07939694111
240 0.719002145759
241 1.11190212159
242 1.02249186079
243 0.950546415223
244 1.3964641041
245 1.30483550354
246 0.863688964273
247 1.23333129448
248 1.22445997801
249 0.832388641511
250 0.803405628862
251 0.708604848028
252 0.533050962233
253 0.410197204107
254 0.343478852972
255 0.351717931988
256 0.31702790145
257 0.283278508054
258 0.413159625084
259 0.407149849657
260 0.540986946559
261 0.321475662075
262 0.192804473981
263 0.606460790212
264 0.690284098396
265 0.464004050517
266 0.632004226028
267 0.76531481431
268 0.429556306414
269 0.39820944432
270 0.166536403221
271 0.898352272198
272 0.436585759834
273 1.01652348521
274 0.655089330133
275 0.61413120642
276 0.297980978991
277 0.848731722225
278 0.347991940688
279 0.883640019583
280 0.636303010347
281 1.09013906978
282 1.1653817066
283 1.25548965172
284 1.21225551459
285 1.50872544281
286 1.53349138727
287 1.30937876619
288 1.18771088969
289 0.833400817669
290 0.954563011211
291 0.926614586044
292 1.15857554952
293 1.58993512688
294 1.18382008993
295 1.62263287429
296 1.52143614812
297 1.34707263603
298 1.56776787891
299 0.918097562119
300 1.47036475143
301 1.34879989742
302 1.58160047783
303 1.07452320905
304 1.7340850453
305 1.31106785184
306 1.29914204602
307 1.39230545421
308 1.66370744977
309 1.02490028512
310 1.32558175949
311 1.72287055646
312 1.7486169897
313 1.47001951334
314 1.47678540082
315 1.79129278115
316 1.69115563281
317 1.60295900452
318 1.60825588215
319 1.64681055044
320 1.64657383555
321 1.52385976893
322 1.39530581528
323 1.26732223796
324 1.43248475804
325 1.47635159225
326 1.29656152351
327 1.40015048973
328 1.72685935473
329 1.92647185448
330 1.78630359852
331 1.67143302242
332 1.41178562508
333 1.60384938993
334 1.65188532286
335 1.06254916443
336 1.38645924139
337 0.928009365286
338 0.950845181147
339 0.928224735088
340 1.33985239505
341 1.13430580515
342 1.12962428958
343 1.00232508528
344 1.0763370386
345 1.0874587688
346 1.0431043206
347 1.0819158475
348 1.26934960321
349 1.27670333778
350 1.21922239795
351 1.3950406288
352 1.2657277255
353 0.969936906214
354 1.14014884258
355 1.00552778965
356 0.693260995229
357 1.32845153249
358 1.22000027943
359 1.10524591903
360 1.20094701956
361 1.38819480172
362 1.73967187315
363 1.81710848624
364 1.37458865392
365 1.37483026247
366 1.22062615223
367 1.0963529376
368 1.3282308925
369 1.48685193235
370 1.17153533275
371 1.47752316392
372 1.12754279531
373 1.42606223087
374 1.34559882063
375 1.44154334093
376 1.45863098156
377 1.39430385035
378 1.16056226566
379 1.12869047611
380 1.54335967661
381 1.33452675672
382 1.61400060503
383 1.55685427507
384 1.79334367809
385 2.21269061463
386 2.45579291945
387 2.52715151579
388 2.45697070534
389 2.03564630593
390 2.51098930644
391 2.05140574491
392 2.32816269123
393 2.00482347161
394 1.81750960921
395 2.01200236455
396 1.90101816908
397 2.3096048944
398 2.35966058328
399 2.44891846956
400 2.20500559882
401 2.31693015526
402 2.22721262981
403 2.23857720122
404 1.86229400498
405 2.34831830989
406 1.96265462944
407 1.98124852997
408 1.79533203556
409 2.60684371603
410 2.45792743377
411 2.49594126598
412 1.9529971336
413 2.22934380785
414 2.10080384028
415 2.45637270869
416 2.54267676212
417 2.36207609713
418 2.43635625026
419 2.32519454355
420 2.08873271841
421 2.46560373385
422 2.51926877365
423 2.0793919352
424 2.13502632458
425 2.41410520705
426 2.20933296182
427 2.24109645208
428 2.4778836486
429 2.32916206705
430 2.36419613002
431 2.75688642419
432 2.27254218303
433 2.43638592458
434 2.45509439808
435 2.31799812266
436 2.40205500829
437 2.42914362835
438 3.04229848274
439 2.99795235065
440 2.89249618141
441 2.87989068822
442 3.48944980674
443 3.06162738707
444 3.28155958175
445 3.23811614175
446 2.83150635914
447 3.02151020477
448 3.01270506155
449 3.09624802929
450 2.93339448311
451 2.90773777016
452 2.97016018584
453 2.53745354627
454 2.65970606875
455 2.76500155303
456 2.77274432746
457 2.66440343521
458 3.18962383204
459 2.89715707766
460 2.91650034753
461 3.1167854553
462 3.01639623863
463 3.01459118824
464 2.6701975356
465 2.72263757314
466 2.76421519817
467 2.56923951831
468 2.69622796962
469 3.121898417
470 3.20560212629
471 3.13257656206
472 3.05663252248
473 3.32265843281
474 3.51293870661
475 3.43526758855
476 3.19169580695
477 3.30457283023
478 3.22002310787
479 3.23735717957
480 3.11372560096
481 3.34320394343
482 3.60070902411
483 3.85615199572
484 4.29671609334
485 3.8563082098
486 3.71975335095
487 3.7128889247
488 3.94962127538
489 3.86920539228
490 4.03071555188
491 3.92212607706
492 4.15454205867
493 4.09580719573
494 3.60370900571
495 4.2023731715
496 4.25104115562
497 4.20219950422
498 3.77818052752
499 3.69833481662
500 3.84267021552
501 3.87505022409
502 4.29080852326
503 3.92796025875
504 4.12153953316
505 3.60744405964
506 3.99308849062
507 3.85512107478
508 3.831468798
509 3.76925241774
510 4.2438354982
511 4.71561094139
512 4.55327037222
513 4.5783545878
514 4.58123139554
515 4.20492401792
516 4.10643421658
517 4.3417914377
518 4.71027665766
519 4.42108357196
520 4.71042161408
521 4.33483050094
522 4.16232392211
523 4.24551388947
524 4.33471240641
525 4.31714951833
526 4.41911659064
527 4.13086683958
528 3.81079373196
529 4.35023974533
530 4.44886924776
531 4.30764366885
532 4.27577120729
533 4.53988337977
534 4.31882512968
535 4.03584213914
536 3.91566873381
537 3.98159878098
538 3.59477429251
539 3.20867274419
540 3.68657144937
541 3.89235285023
542 3.79730770331
543 3.99196451361
544 4.08147130776
545 4.05914823932
546 3.8701357349
547 3.950623025
548 4.04054679518
549 3.87544875834
550 4.11178592672
551 3.86258717888
552 3.90936208893
553 3.80366824511
554 3.48874416144
555 3.76349728513
556 3.58409865778
557 4.03911432534
558 3.73256733351
559 3.6777914082
560 3.6299989475
561 3.16259684544
562 3.35739604792
563 3.22688063668
564 3.36792382696
565 3.25353383758
566 2.94549950609
567 2.9634901739
568 2.67726617562
569 2.79732197767
570 3.1769097661
571 3.06407237067
572 2.82482373045
573 3.35883272439
574 2.66879636479
575 2.88347098613
576 2.67966855164
577 3.26494897982
578 2.70909681363
579 2.94764687229
580 2.8663545591
581 3.12119882443
582 3.12357151292
583 3.21065222332
584 2.94868097649
585 3.07879838196
586 2.83454144421
587 3.29336604696
588 3.15391831002
589 3.25308059182
590 3.35128655402
591 3.30571565059
592 3.65094514919
593 3.576940037
594 3.59671877609
595 3.90796737539
596 3.46007255318
597 3.5606048006
598 3.7272321607
599 3.15250220315
600 3.51364539831
601 3.79320802477
602 3.03682844016
603 3.335041092
604 3.18399555781
605 3.20735716817
606 3.39501549609
607 2.89448091089
608 2.52222948041
609 2.94712714548
610 2.68803676242
611 2.62419254123
612 2.88232981376
613 2.87653131585
614 2.65599814699
615 2.42539729403
616 3.05703827734
617 2.87864962271
618 2.363017901
619 2.74571312163
620 2.37220766385
621 2.43015933337
622 2.92455369434
623 3.02449601765
624 2.83319449786
625 2.3644891542
626 2.52936556892
627 2.85011496187
628 2.53695205793
629 2.51010112485
630 2.9885210877
631 2.75453629744
632 3.32423599
633 3.38205694006
634 3.12414605822
635 2.74818258481
636 2.76860973556
637 3.18498608991
638 3.19760886601
639 2.96537470784
640 3.21279875535
641 3.04531294697
642 3.05479362943
643 3.11564919997
644 2.8360382865
645 2.43454337129
646 2.55504731067
647 2.69170275911
648 3.03174870737
649 3.41600771735
650 3.36760872662
651 3.11311702075
652 2.94361885431
653 2.9317961464
654 2.77737197462
655 2.88407704671
656 2.89202163326
657 3.38016989207
658 3.16073480867
659 3.04769792491
660 2.56831881567
661 2.54474128496
662 2.97377065086
663 2.99722481834
664 2.65117690515
665 2.76837050119
666 3.22336650487
667 2.88547746854
668 3.00529970611
669 2.65988017134
670 2.95514635005
671 3.01423462114
672 3.04740236559
673 3.05552857311
674 3.08802238928
675 2.83013678817
676 3.17302010659
677 2.63925367095
678 3.23980189585
679 3.36569048132
680 2.67059436546
681 2.72881780745
682 3.30505915964
683 3.09814465169
684 2.81313111181
685 2.59324928936
686 2.66767929812
687 3.35996160806
688 3.09321569914
689 3.36559340076
690 3.76381040757
691 3.70575431352
692 3.38836692047
693 3.6990885827
694 3.17735171117
695 3.0003662949
696 3.26313262389
697 3.10390462954
698 3.32126004397
699 3.59504627313
700 3.22251831804
701 3.71129431647
702 3.9570758413
703 3.68386174981
704 2.98911788156
705 3.24034541873
706 3.20014060494
707 3.24412818777
708 3.06660868343
709 3.0942020552
710 3.08028637762
711 3.44520280702
712 3.40924505822
713 3.72136185473
714 3.80904735157
715 3.41865325903
716 3.75776270777
717 3.56006783024
718 3.18611367841
719 3.10921985742
720 2.8236261654
721 3.1477602881
722 3.41336735438
723 3.33521335642
724 3.25854008377
725 3.79445161361
726 4.02274082577
727 3.72297934428
728 3.90663668304
729 3.66174257253
730 3.57692991633
731 4.19421440357
732 3.37598058003
733 3.79129097227
734 4.11125066193
735 3.59452824635
736 3.59900030211
737 3.62048345294
738 3.81321434116
739 3.30484279399
740 3.75653889441
741 3.43907146978
742 3.83806602929
743 4.063850951
744 4.80886470401
745 4.59594418955
746 5.03842103297
747 5.09063122069
748 5.26882881243
749 4.95268266115
750 4.23660375897
751 4.36066071472
752 4.39848382721
753 4.00057889822
754 3.50370908508
755 3.84605221398
756 3.99092874999
757 4.26696369106
758 3.60137076098
759 3.94502210904
760 3.48333396857
761 3.41331353857
762 3.06221360046
763 2.66148922717
764 2.7769372458
765 2.86782344826
766 2.80869897425
767 2.92495513537
768 2.79615829428
769 3.39856721512
770 3.14449099759
771 3.69173344476
772 3.73785418622
773 3.44771619396
774 3.19260631587
775 2.90765296185
776 3.32288212684
777 3.4886845228
778 3.54510544845
779 3.71203934489
780 3.96891753326
781 4.24041874543
782 4.18548843962
783 3.78419179445
784 3.093640377
785 2.89024562563
786 2.88852171799
787 2.58184032134
788 2.98502957439
789 2.61350994022
790 2.83957379274
791 2.78920370183
792 2.83522296893
793 2.45023331578
794 2.00899350721
795 2.63501600517
796 2.12899631325
797 3.03371536901
798 3.05513141232
799 3.30012056178
800 3.08054702744
801 3.25966681319
802 3.10468684794
803 3.16837982341
804 2.86903073504
805 2.82168736523
806 2.63249688921
807 2.67462774386
808 2.91310055352
809 2.70888446031
810 3.62937247067
811 3.59715787991
812 3.84838982256
813 4.36065505737
814 3.68322198945
815 3.80853228424
816 4.10199400074
817 3.79274984139
818 4.10230053436
819 4.41100255012
820 4.39536625805
821 4.67761931355
822 4.27039589456
823 4.63929215821
824 4.76848590134
825 4.53920262644
826 4.51903148149
827 4.73425684075
828 4.32719197186
829 4.36435796604
830 4.62787522026
831 5.04762788474
832 5.3052097104
833 4.50891517253
834 4.2876391298
835 4.49695375881
836 5.42699913906
837 5.18122254855
838 5.39501160689
839 5.44187409718
840 5.32582735403
841 5.65007654841
842 5.78851899704
843 5.4870327713
844 5.77418776119
845 5.55892767003
846 6.50331784049
847 6.92335469789
848 6.42502931146
849 6.57434023512
850 6.42058905242
851 6.93870956835
852 7.09343760001
853 7.12328543207
854 6.9043087852
855 7.21522632902
856 7.27429405662
857 6.80735193404
858 7.49460296471
859 6.9393823886
860 7.14180215295
861 6.55194714846
862 6.52535982016
863 7.24644397679
864 7.06977643162
865 7.64803849805
866 7.39499953658
867 7.76732614088
868 7.76715736915
869 7.95272810653
870 8.54335525601
871 9.07444973962
872 8.98258470074
873 8.7622583138
874 8.9887941429
875 9.05237831078
876 8.94902970975
877 9.07244200895
878 8.85427739461
879 9.12224738482
880 8.58429445185
881 8.69007258462
882 9.07467353799
883 9.15289223683
884 9.18324373026
885 9.24776488849
886 9.7897449572
887 9.6091417565
888 10.0854502123
889 10.2558467326
890 10.0194360126
891 9.66903299694
892 9.54178497351
893 9.22055123125
894 9.71760627112
895 10.2995172595
896 10.0090263142
897 9.80442587364
898 9.73599748411
899 9.17417271876
900 10.0523459526
901 9.69629331484
902 9.39395093739
903 9.00318989877
904 9.17205106679
905 9.08086421652
906 9.04012576202
907 9.10282634527
908 8.62225148648
909 9.06417971778
910 9.20463539058
911 9.61994684905
912 9.71552712454
913 9.54122246252
914 9.61184336893
915 9.94714485916
916 10.9241445211
917 11.5179263362
918 11.4835903572
919 11.4049850244
920 11.6138094215
921 11.5772076371
922 11.5481287839
923 11.1813435695
924 10.8947845444
925 11.2235252013
926 10.7216909325
927 10.6200497843
928 10.6970683756
929 11.2860538539
930 10.9043747311
931 11.2498937984
932 11.1823250105
933 11.3430752037
934 10.6798868177
935 11.1000627898
936 11.2330961615
937 11.2737041726
938 10.6636925857
939 10.6606323367
940 11.1847118046
941 11.1975972836
942 10.6966702225
943 10.7664466531
944 10.724999164
945 10.9821175348
946 10.7245968254
947 10.3291644589
948 10.711266011
949 10.8761217047
950 11.0740262646
951 10.7904658718
952 10.6536663557
953 10.7443617233
954 10.4625825697
955 10.686265216
956 11.19550559
957 10.4176199201
958 10.9939962185
959 11.2034648232
960 11.1884017455
961 11.446240012
962 11.6360985387
963 11.5209463421
964 12.0838652026
965 11.4432002021
966 10.8178844484
967 10.324425685
968 10.338066877
969 10.6740532252
970 10.1998551516
971 10.1822526876
972 9.99198728101
973 10.680877385
974 10.7700367472
975 11.0807516337
976 10.5715730601
977 10.8838659106
978 11.5375410124
979 11.2334200355
980 11.0173956092
981 11.0629152362
982 11.0696527638
983 11.4690301554
984 11.4246888573
985 11.1678575943
986 11.2339102478
987 10.9222412818
988 10.4863078602
989 11.5789328684
990 11.2712058019
991 11.0700548738
992 11.1492591905
993 10.5476215755
994 10.5270746942
995 10.9940500312
996 10.7325620005
997 10.9651699565
998 10.6465565433
999 10.5951948621
