0 0.0
1 0.041332853554
2 -0.0690633801996
3 -0.0194925863078
4 0.312516929337
5 0.0857682436815
6 0.0426019829363
7 0.0611860673555
8 -0.163730887526
9 -0.0783178469038
10 -0.174206945405
11 0.00788521373166
12 -0.0400748128426
13 -0.138420436638
14 0.221139187558
15 0.0952855587871
16 0.303072457329
17 0.215240356313
18 0.338657627776
19 0.305168167854
20 0.254726768393
21 0.267792825376
22 0.248013044803
23 0.170091168394
24 0.468253372404
25 0.152526674018
26 0.173565821479
27 0.137175038898
28 0.350737906913
29 0.0654584414704
30 0.0963593249535
31 0.163108736786
32 0.00546352512973
33 0.0767955486011
34 0.0913154401476
35 0.18849592549
36 0.325815270154
37 0.1211628147
38 0.0188784467023
39 0.0848239291503
40 0.174072814671
41 -0.111183097051
42 -0.0279275164013
43 0.1168080987
44 0.182267061089
45 0.226468878003
46 0.0205777282334
47 0.233049193514
48 -0.0459239247398
49 0.257353249257
50 0.375441609345
51 0.120194176598
52 0.0445093850408
53 0.040460104768
54 0.223629446162
55 -0.0502128564012
56 0.232990424996
57 0.280962694485
58 0.160085282154
59 0.204158669843
60 0.383522668762
61 0.254608325108
62 0.409545626592
63 0.35779901292
64 -0.0133789869282
65 0.266201541722
66 0.346784815335
67 0.29398721899
68 0.436761054988
69 0.255248010846
70 0.25384575684
71 0.0320432939218
72 0.0477580953037
73 -0.145627493388
74 0.19626903207
75 0.0953390790997
76 0.0745616580356
77 0.317831778725
78 0.202758122977
79 0.252324588424
80 0.165447200597
81 0.194038688563
82 0.205589439812
83 0.26404648883
84 -0.0187048369424
85 0.333377006543
86 0.0990923620325
87 0.066112441438
88 0.250102745028
89 0.222803780734
90 -0.0814828423089
91 0.00146693096011
92 0.206510703699
93 0.198165461101
94 0.219052180474
95 0.067187890144
96 0.286248684681
97 0.452149877422
98 0.262277806526
99 0.472015316839
100 0.132335702954
101 0.0736927184515
102 0.155733699956
103 0.365280084136
104 0.448159204838
105 0.38047685083
106 0.451879261472
107 0.366152935132
108 0.224370796472
109 0.17283113298
110 0.25725536731
111 -0.0641535925394
112 -0.047948847813
113 0.379733596586
114 0.386316503533
115 0.278225053223
116 0.199663359619
117 0.59432867311
118 0.196310383181
119 0.177558398788
120 0.458816144821
121 0.419709852265
122 0.477244566534
123 0.4402880267
124 0.311810518998
125 0.372312860395
126 0.462058908927
127 0.366182342245
128 0.476666676158
129 0.509202242439
130 0.235661141551
131 0.116984284291
132 0.129333145862
133 0.144714867882
134 0.427548309498
135 0.142856593733
136 0.249587475429
137 0.385121566016
138 0.227492708171
139 0.324493715711
140 0.478004626436
141 0.432755829435
142 0.310559896653
143 0.496878977208
144 0.526477128994
145 0.371347612277
146 0.337763164579
147 0.492231071287
148 0.549060808128
149 0.586646738273
150 0.458526366127
151 0.440698655749
152 0.591023925371
153 0.621898636959
154 0.735150140319
155 0.768555348497
156 0.780448941444
157 0.861777324004
158 0.544570569779
159 0.662773071555
160 0.894531753428
161 0.722213521971
162 0.669277613542
163 0.80608151443
164 0.749129930209
165 0.842586079215
166 0.820239061761
167 0.801798022213
168 0.623334494676
169 0.634778602066
170 0.465810744057
171 0.777209008836
172 0.63823811174
173 0.889017762972
174 0.602023473796
175 0.602073680797
176 0.938790610394
177 0.866634179676
178 0.956179645941
179 1.15344031191
180 0.951888776603
181 0.83324605527
182 1.04829696882
183 1.06004041769
184 0.895458087878
185 0.998026436397
186 0.822233385028
187 1.1634628166
188 1.22748868176
189 1.32586723569
190 1.10168657083
191 1.22051266305
192 1.15970205237
193 1.023751909
194 1.24161722379
195 1.28778949618
196 1.60950598679
197 1.42114520811
198 1.70438543693
199 1.63099071731
200 1.99048720328
201 1.73574828917
202 1.62875257429
203 1.83039000396
204 1.48507180547
205 1.46202253042
206 1.31333659372
207 1.55669170932
208 1.59562257092
209 1.73092946037
210 1.52897714593
211 1.96446076269
212 1.85507159122
213 1.92221317594
214 2.09148296685
215 2.24229714361
216 2.43748112554
217 2.10691461868
218 2.25303387676
219 2.14568814441
220 2.1083993095
221 1.99226752699
222 2.21044445937
223 1.92294644606
224 1.96235329294
225 2.10679106918
226 2.30563879597
227 2.10230702153
228 1.96757720367
229 2.09391815441
230 1.91972825859
231 2.09189090949
232 1.95391385957
233 1.81679627385
234 1.8280460057
235 1.79600254683
236 1.93603185876
237 1.98027217805
238 1.8643591709
239 2.25815720961
240 2.41800826365
241 2.42043173445
242 2.56921702888
243 2.49327037986
244 2.57539665192
245 2.44958783388
246 2.73564140777
247 2.53505015054
248 2.55246394599
249 2.52842291535
250 2.69493525574
251 2.60542346722
252 2.54361512185
253 2.35841691486
254 2.84724242758
255 2.72929271978
256 1.94896461385
257 2.46923957779
258 2.40290802871
259 2.4037167345
260 2.05715407517
261 1.90087718711
262 1.99006696066
263 2.01014645699
264 2.27830179571
265 2.33899881011
266 2.32543416365
267 2.56707573689
268 2.27518995386
269 2.10449062565
270 2.29338717301
271 2.41626292109
272 2.31503856721
273 2.64277208705
274 2.58363381772
275 2.34565627216
276 2.51715950562
277 2.707200204
278 2.68352812722
279 2.49235847123
280 2.24601290044
281 2.07835576494
282 1.96031779907
283 2.17945752452
284 2.86594618592
285 2.42597157733
286 2.05562738918
287 2.24229190497
288 1.88966382303
289 2.42399218892
290 2.29987734189
291 2.50706204219
292 2.05402243261
293 1.9948446804
294 2.00789315963
295 2.15979455457
296 1.90810362623
297 1.92622457032
298 1.87728899423
299 2.00056301144
300 2.14390580514
301 1.66210512432
302 1.62154517209
303 1.81633709613
304 2.08976337574
305 2.21252821482
306 2.63194322025
307 2.03299466164
308 2.31509988961
309 2.35339160223
310 2.35491469643
311 2.21977605913
312 2.20871033589
313 2.42861208947
314 2.24195735717
315 2.08895348757
316 2.54913481128
317 2.23709315395
318 2.29087962547
319 1.97613624597
320 2.24149685093
321 2.41211164231
322 2.66754401244
323 2.6470134228
324 2.71135384851
325 2.23804582009
326 2.90763867413
327 2.53503911289
328 2.90152236371
329 2.51154757859
330 2.5074677088
331 2.68077744093
332 2.50595858036
333 2.52833838535
334 2.61001259921
335 2.62052204255
336 2.48523131708
337 2.9295773859
338 2.99865861212
339 2.63000537737
340 2.5207559789
341 2.40502100228
342 2.54563818137
343 2.66817475961
344 2.62114760166
345 2.03705449138
346 2.0012039387
347 2.36607187742
348 2.30028859886
349 2.61702333283
350 2.33309710261
351 2.39977741733
352 2.97200120131
353 2.83533698213
354 3.41447985174
355 3.38642358394
356 2.92092559294
357 2.76676315437
358 2.26689075567
359 2.36890189703
360 2.85170948835
361 2.63365508553
362 2.8117600397
363 2.47539737482
364 2.74650832611
365 3.07350731635
366 2.75514151021
367 2.60236086631
368 2.91016011
369 3.15133068651
370 3.14744906475
371 3.32692884457
372 3.14936456074
373 3.01915483218
374 3.07300340827
375 2.7348301752
376 2.94551781416
377 2.65823353887
378 2.66029313629
379 2.66281376594
380 3.01522268447
381 2.68626712209
382 2.75048428955
383 2.95758659781
384 3.02844866777
385 2.61688113139
386 2.06031832138
387 2.51337470004
388 2.14487982638
389 2.44920047375
390 2.17430617491
391 2.51756421301
392 2.10533262995
393 2.26507125747
394 1.70570279732
395 2.17159599493
396 1.89570899055
397 2.44494300394
398 2.21418194671
399 1.97039305344
400 2.59841315827
401 2.02127654447
402 2.52182855287
403 2.6488094002
404 2.72206040269
405 2.71720415514
406 3.28544631375
407 3.01923683845
408 3.2469564786
409 3.45518142005
410 3.13049556178
411 3.13970860775
412 3.66365757125
413 3.35049815324
414 3.57815578337
415 3.65753676618
416 3.15109832905
417 2.98417018329
418 3.22121342474
419 3.47779562303
420 3.41882960623
421 3.12545047115
422 3.00110800072
423 3.33905192876
424 3.25049730087
425 3.79044408525
426 3.67874462882
427 3.56297812313
428 3.19384575844
429 3.29809857574
430 3.11210151179
431 3.2153250989
432 3.68428930852
433 3.07767142795
434 3.05181797049
435 2.87293555266
436 3.13389800452
437 3.24025463244
438 2.90055564276
439 2.79849761835
440 3.20707987726
441 3.27979910422
442 2.97837712802
443 3.05427210342
444 3.12223731207
445 2.93114274248
446 2.56109169504
447 3.09499949672
448 2.88749412249
449 3.38971214723
450 3.31837725673
451 3.30601525467
452 3.20003740816
453 3.12858261788
454 3.47372416097
455 3.58268170742
456 3.5351971596
457 3.38973880215
458 3.35331812087
459 3.65237793587
460 3.67976105619
461 3.67395374439
462 3.41696726756
463 3.43253326219
464 3.63915656023
465 3.87662286672
466 3.40955094636
467 3.43369706507
468 3.43944515692
469 3.3502945395
470 3.18863762873
471 3.32552490012
472 3.05863286979
473 3.07857737887
474 2.88651891028
475 3.03108895453
476 2.97614494707
477 3.24964118016
478 3.26854911318
479 3.62952853375
480 3.39748871311
481 3.16651169339
482 2.92446303078
483 2.9957258934
484 3.03955236909
485 3.22899984921
486 3.70699279854
487 3.47288305091
488 3.57425151418
489 3.78212408265
490 4.1762637044
491 4.27873499591
492 4.09297452541
493 4.42475124871
494 4.17047631503
495 4.63609489791
496 4.54919268656
497 4.72081888897
498 4.90321262334
499 4.64689727651
500 4.83444556113
501 5.15583285285
502 5.3104634646
503 5.13241212314
504 5.34252569162
505 5.73443863228
506 5.43285346583
507 5.53414557799
508 5.19536332893
509 5.52501433938
510 5.51568747041
511 5.27198190942
512 5.7016567963
513 5.24057567658
514 5.30394081413
515 5.71780609723
516 5.46822103927
517 5.40707340138
518 5.52554860953
519 5.81198032186
520 5.68641006367
521 5.50274656225
522 5.45326555474
523 5.73206704974
524 5.55680627879
525 5.51185764161
526 5.76094100763
527 5.78725301678
528 5.3465231341
529 5.70897249921
530 5.67935049612
531 5.50301584707
532 5.61208942371
533 5.6789266685
534 5.35835593094
535 5.32747114493
536 5.21153333347
537 5.31899560398
538 5.04210966631
539 4.61644738331
540 4.9416052052
541 4.94870055142
542 5.42703713795
543 5.53884133886
544 4.87219694664
545 4.86829879503
546 4.54658101257
547 4.8645056481
548 4.94803877941
549 4.97994412783
550 5.20120832171
551 5.65716976761
552 5.14992017147
553 5.00910041931
554 5.05552115694
555 4.89091222887
556 4.47934557707
557 5.18992774724
558 4.63922017281
559 5.13657488385
560 5.13907669112
561 5.46784943811
562 5.27898674149
563 5.04694230339
564 4.99344655433
565 4.88565174295
566 4.70423592773
567 4.54245201319
568 4.29920028233
569 4.73735532954
570 4.61158210069
571 4.37831669445
572 4.46909772776
573 4.35413910169
574 4.40158250787
575 4.11419905281
576 4.25251148703
577 4.59266094961
578 4.43841175081
579 4.17417563518
580 4.05891819308
581 4.54913198557
582 4.12544675122
583 3.96154579306
584 4.36242679208
585 4.15074148481
586 4.33091214653
587 4.25772918746
588 4.10781393622
589 4.594048031
590 4.58938580531
591 4.4912249125
592 4.62168120921
593 4.22270661056
594 4.67294117604
595 4.59745064773
596 4.50862779952
597 4.87765270855
598 5.181367707
599 4.33312335532
600 4.87263670615
601 4.67956849535
602 4.75573005599
603 4.93794240774
604 4.74000632335
605 4.67008156987
606 4.4648157793
607 4.78265580078
608 4.72847237581
609 4.78738790145
610 4.48440388997
611 4.80356147791
612 4.50714770104
613 4.55588473594
614 4.97806444541
615 4.96214521732
616 5.09106431789
617 4.72465814846
618 4.57103078922
619 4.56921329042
620 4.92670144559
621 4.70379867462
622 4.77068824938
623 4.92148011988
624 5.33201539237
625 5.18551704144
626 4.87548716804
627 4.90129841812
628 5.22206386983
629 4.72130124234
630 4.90160081466
631 4.8024590589
632 4.89753493986
633 4.9433381996
634 4.94520087224
635 4.7970963575
636 4.70824739018
637 4.94460654384
638 4.95167246378
639 5.09754789669
640 4.92034611611
641 4.94218767044
642 4.77744128615
643 4.8363101025
644 5.53518243911
645 5.6176724648
646 5.74544884494
647 5.52206563272
648 5.9450048641
649 5.65837989725
650 5.05989188875
651 5.88755981038
652 5.80974363713
653 5.8299103119
654 6.19404104169
655 6.06659678012
656 6.14495212181
657 5.96776522445
658 6.02728382012
659 6.01587520407
660 5.89389923419
661 6.08874123816
662 6.48919146073
663 6.79890651193
664 6.63119013897
665 6.61439219642
666 6.82206784966
667 7.07078148052
668 6.5184920938
669 6.59630729668
670 6.65891730729
671 6.37635701032
672 6.57011976451
673 6.76931448714
674 6.79891907087
675 6.49827914498
676 6.63136407505
677 6.70439656531
678 6.32711045143
679 6.55442396893
680 6.55088143978
681 7.10846956503
682 6.94975233571
683 7.1109388342
684 7.21921625729
685 7.0096747659
686 6.98009425901
687 6.71711125481
688 6.17506879066
689 6.70022486678
690 6.95255922866
691 7.5786426937
692 7.09581709866
693 6.96572320441
694 6.96971392889
695 7.08891649872
696 7.12529095015
697 7.02148471279
698 7.43398175692
699 7.67594016012
700 7.35235753845
701 7.37849376247
702 6.97826140356
703 7.53223407643
704 7.30113573279
705 7.96798819339
706 8.02014730244
707 7.65293934014
708 7.18129946909
709 7.07309248277
710 7.3827038792
711 7.79080010316
712 7.8577313996
713 7.8353404464
714 7.34758191194
715 6.95886814927
716 7.16313501875
717 8.02290471388
718 8.25153764722
719 8.13800118553
720 7.77118454459
721 8.33881606463
722 7.8259691175
723 7.54276019824
724 7.94744659528
725 8.0659675078
726 7.79229810725
727 8.0099828887
728 7.63005488529
729 8.4004382173
730 8.7652952613
731 8.6167151566
732 7.93205199316
733 8.03987711183
734 8.00362278177
735 7.75855585204
736 7.9364534127
737 7.77684428361
738 7.70286840297
739 7.87131170953
740 7.64134712148
741 8.41183227785
742 8.26358518416
743 8.61922566212
744 8.53412596561
745 8.28287418291
746 8.12256545392
747 7.99721944902
748 7.7133147059
749 8.22517849908
750 7.99056166955
751 8.51470652717
752 8.5759568685
753 8.84829097502
754 8.7050939694
755 8.57742825761
756 8.31632412256
757 8.76456827154
758 8.61786011974
759 8.53519122855
760 8.46565993088
761 8.77119913528
762 8.81830658341
763 8.83691973134
764 8.75845896296
765 9.12149493806
766 9.17591081064
767 9.16509722244
768 8.85989937379
769 9.09533678058
770 9.02896398498
771 8.65598729011
772 8.75994620864
773 8.00572188283
774 7.9055224397
775 8.73641007223
776 8.15601667654
777 8.46559086602
778 7.89771249501
779 7.87840822996
780 8.49261174624
781 8.22199533605
782 8.57065310001
783 8.45650034216
784 8.30166413844
785 8.85942286754
786 9.18137371879
787 8.58299289956
788 8.69648985915
789 9.16898189653
790 8.45989147101
791 8.4626745895
792 8.56596175275
793 8.90742468429
794 8.38508994977
795 8.80763697128
796 9.0950757522
797 9.08435623081
798 9.02663684559
799 9.11206777685
800 9.45095431283
801 9.48127788241
802 9.36411702414
803 8.75959654113
804 9.10120811516
805 9.52224746492
806 9.18031064327
807 8.98008606832
808 9.2582733575
809 8.91965489858
810 9.70638988756
811 10.1230583437
812 9.57523864924
813 9.62982172311
814 9.58482880578
815 9.57334000859
816 10.0757004734
817 10.5490770614
818 10.1632827598
819 10.472474247
820 10.9269143433
821 10.323511075
822 10.0603391853
823 10.0820461874
824 9.79707097254
825 9.93729051266
826 9.44229745224
827 9.57391750783
828 9.27376474347
829 9.45520396754
830 8.92315455871
831 9.06445271321
832 9.45738518089
833 9.35224633484
834 9.06102867937
835 9.69551755372
836 8.9225756617
837 8.65481072978
838 8.92995780899
839 8.93103582588
840 9.13055953128
841 8.90693044077
842 8.86552554631
843 8.99687660022
844 9.1119502114
845 9.05655517989
846 8.48092349053
847 8.75854198811
848 9.01058024481
849 9.17030380487
850 9.11611979513
851 9.39812886465
852 9.24575353615
853 9.16670500821
854 9.22709593157
855 9.08149072974
856 9.32292349096
857 9.38881510848
858 9.36110652076
859 9.13165568112
860 9.1615480209
861 9.30440886912
862 9.57603594983
863 8.86036359406
864 8.78348848988
865 8.60028958413
866 8.35474412895
867 9.20523583767
868 9.09018913864
869 8.75633325817
870 8.78556498563
871 8.55217609721
872 8.16015613949
873 8.36217587933
874 8.75092742686
875 8.89423798615
876 8.42763279822
877 8.12565042479
878 7.94084768077
879 7.91833539232
880 8.0329665469
881 7.49673292411
882 7.49261137866
883 7.84710629161
884 7.45053384449
885 7.53051650504
886 8.11512127545
887 8.26002948212
888 7.93874839995
889 7.44365045672
890 7.17254152708
891 6.78233948119
892 6.82640137541
893 14.2491575496
894 14.5455002706
895 7.80382920982
896 7.1995627355
897 7.15505644884
898 7.52540981115
899 7.64753022581
900 7.60631846898
901 7.94208692036
902 7.76012501006
903 8.23641849543
904 8.46660296158
905 8.4133263455
906 8.2141430249
907 8.03375275013
908 7.67204508073
909 8.19651227823
910 7.76361463026
911 7.74672974213
912 7.77691746069
913 7.52067806103
914 8.44671046241
915 7.47528509719
916 6.8582210704
917 6.5206652925
918 6.16024193522
919 6.44260048032
920 6.59146443849
921 6.99382288654
922 6.92657106641
923 6.8097839175
924 6.68978959871
925 6.58998497137
926 5.75258374421
927 5.78065905966
928 5.67443584943
929 5.62369864035
930 4.77285661749
931 4.55253720615
932 5.12884762815
933 5.3490204072
934 5.46215302815
935 5.28172276267
936 4.98812713448
937 5.38470905989
938 5.52620108881
939 6.16713705509
940 6.16200148942
941 5.8250316524
942 5.36916621833
943 6.03341208455
944 6.20228120127
945 5.99264856958
946 6.42111462396
947 6.75062165031
948 6.60542057609
949 6.84900573761
950 6.72496181491
951 6.6007482819
952 6.19894224652
953 6.51353853385
954 6.024830868
955 5.94450605573
956 6.15605796142
957 6.22425217053
958 6.56800696698
959 6.39965000507
960 6.62450892415
961 6.67962407274
962 6.78443788521
963 6.42619455145
964 6.74905555628
965 7.24442277365
966 6.64862079315
967 6.64574834805
968 7.38515262186
969 7.01148566875
970 7.3838761508
971 6.95422430731
972 6.74413708101
973 6.42983103132
974 6.38211071562
975 7.00882420584
976 6.79081080326
977 6.73503939499
978 7.0545177661
979 6.9132644511
980 7.30890439087
981 7.70558837341
982 7.5424425892
983 7.74577943576
984 8.25584334112
985 8.11817980622
986 8.40891181459
987 8.69473493248
988 8.4593075811
989 7.60713520569
990 8.07705958526
991 7.81684737988
992 7.5804522695
993 7.98950724988
994 7.91493408222
995 7.89131995616
996 7.69081606911
997 7.59723325469
998 8.28277938862
999 8.12402835273
