0 0.0
1 0.367947279994
2 -0.0598545588777
3 0.20529028734
4 0.0683869855954
5 0.291317943069
6 0.260512857673
7 0.0350714862896
8 -0.0889434353802
9 0.120597636855
10 0.324540956539
11 0.249947126043
12 0.557145259459
13 -0.000959502105932
14 0.219946364745
15 0.113141769554
16 0.282518048459
17 0.207143859013
18 0.273114936722
19 0.405690761248
20 0.318087042797
21 0.237649098677
22 0.36692062303
23 0.208061691435
24 0.405894163009
25 0.207916038207
26 0.0995287195916
27 0.274731240122
28 0.223225495684
29 0.13508967737
30 0.217985565909
31 0.439394910996
32 0.215374278076
33 0.287728502489
34 0.259974425484
35 -0.0429970632939
36 0.225380523951
37 0.197036690495
38 0.122999338303
39 0.31714113344
40 0.118378230469
41 0.322918170679
42 0.14506931563
43 0.222994189016
44 0.0258259949542
45 0.224229712267
46 -0.13080698725
47 -0.0910686138572
48 -0.00180984603783
49 0.131439937105
50 0.14717418122
51 0.095064293653
52 0.187949757794
53 -0.0767558531437
54 0.282181182502
55 0.0804638721548
56 0.284191246122
57 0.290824231344
58 0.164532438624
59 0.169555623346
60 0.0431212292355
61 0.0346656199316
62 0.0519769688052
63 -0.0501945727133
64 0.230075613771
65 0.171637409908
66 0.335666118619
67 0.268494676569
68 0.0252984581431
69 0.295417509926
70 0.0944055929376
71 0.124751019809
72 0.338627965026
73 -0.00772786779449
74 0.246808193079
75 0.217517050403
76 0.217088142717
77 0.20008886931
78 0.064437081186
79 0.0135812821235
80 0.139122592666
81 0.0252311643543
82 0.0128053592105
83 0.226795935392
84 0.180299638249
85 0.0485845032128
86 0.269020534344
87 0.121392825248
88 0.0842437937923
89 0.121231069255
90 0.291568047776
91 0.172674334923
92 0.405560252052
93 0.127776828367
94 0.305744997748
95 0.136431049804
96 0.391091401313
97 0.267035704924
98 0.20905500095
99 0.180910221711
100 0.263161058613
101 0.108778461596
102 -0.071024658151
103 0.0707725863164
104 0.145382407603
105 0.370744660257
106 0.00397008227948
107 0.176489462053
108 0.114137232004
109 0.150286904937
110 0.253335673399
111 0.3693343494
112 0.248189484085
113 0.436725691848
114 0.269689490682
115 0.143397230124
116 0.26683841202
117 0.279105654505
118 0.515976240545
119 0.372974798539
120 0.146128510097
121 0.571033093069
122 0.376595518302
123 0.400839073093
124 0.221382423616
125 0.406356070624
126 0.0926067096016
127 0.184892538678
128 0.0838139109972
129 -0.0112285056302
130 0.0462412642498
131 0.0410899022694
132 -0.00267179324851
133 0.301926187577
134 0.315740453057
135 0.151769041672
136 0.0415975455758
137 0.39867648974
138 0.272046420383
139 0.157461203135
140 0.159726717549
141 0.228470918876
142 0.284591628317
143 0.392062426401
144 0.236222758894
145 0.472006671472
146 0.203729678667
147 0.0752061088549
148 0.128242485676
149 0.160770756925
150 0.177131870913
151 -0.0689567720266
152 0.176974992502
153 0.164143514471
154 0.247520656844
155 0.2249256381
156 -0.224571771576
157 -0.153967165761
158 0.0824021607699
159 0.480012732564
160 0.157597901274
161 0.229161957512
162 0.309180046275
163 0.170532639013
164 0.237807922992
165 0.0902562709892
166 0.272041588816
167 0.120778102379
168 0.156864893858
169 0.187427518859
170 0.2923769199
171 0.350004072336
172 0.403000104109
173 0.470327510884
174 0.296600764681
175 0.25527003799
176 0.486844773432
177 0.190054230819
178 0.277131170115
179 0.310210238978
180 0.218080855471
181 0.586159210364
182 0.184631645841
183 0.211546354221
184 0.433903945429
185 0.322717424951
186 0.422268602511
187 0.587752192576
188 0.433529990501
189 0.541570617296
190 0.188904719271
191 0.176571190823
192 0.37171924278
193 0.24385850694
194 0.149249377233
195 0.346988793269
196 0.385561916875
197 0.191154636374
198 0.198464622877
199 0.256804321767
200 0.379902515554
201 0.678408140756
202 0.566472948549
203 0.721994247695
204 0.620431351462
205 0.620857612643
206 0.733176082975
207 0.891236977359
208 0.422850364893
209 0.579076456181
210 0.464929074279
211 0.481399183393
212 0.422540216139
213 0.533270513779
214 0.714849101039
215 0.537185990967
216 0.398672128083
217 0.61209066633
218 0.464070691803
219 0.481667897273
220 0.331369985175
221 0.563367463401
222 0.395167073971
223 0.31122724982
224 0.399698816631
225 0.282628968191
226 0.490869039447
227 0.598821304753
228 0.471432010539
229 0.29535834229
230 0.0756125545674
231 0.136187608773
232 0.42720393388
233 0.375602484038
234 0.342815468871
235 0.147388232384
236 0.25577831536
237 0.649045017414
238 0.436634165692
239 0.694651394725
240 0.764540330526
241 0.857290363836
242 0.723729414162
243 0.877926235953
244 0.92196240644
245 0.794606206247
246 0.827352590074
247 0.817366537326
248 0.617554043507
249 0.83314639984
250 0.692404504294
251 0.678016903387
252 0.805999843898
253 0.703837177687
254 0.419148365277
255 0.630367369561
256 0.800332331834
257 1.12237739964
258 0.798993003577
259 0.834909165136
260 1.00575647397
261 0.826297652359
262 1.14557307111
263 0.817570330838
264 0.754253185871
265 0.71185033744
266 0.629309011628
267 0.872081408987
268 0.70232433483
269 0.767456301867
270 0.618183906268
271 0.963734727465
272 0.74065954366
273 0.632885456411
274 0.618682346548
275 0.461544910726
276 0.543065953131
277 0.443836759
278 0.506820737468
279 0.564583853694
280 0.63513613348
281 0.376482726447
282 0.849684675641
283 0.702741500729
284 0.681685100005
285 0.910242449953
286 0.575261712846
287 0.691867496013
288 0.819898423688
289 0.925848453009
290 0.952426546311
291 0.863829077575
292 0.456013723541
293 0.659700139409
294 1.00722451119
295 0.682089294165
296 0.818198161755
297 0.786571260987
298 0.748325897356
299 0.613822708489
300 0.608353608721
301 0.703007223458
302 0.261883518728
303 0.507555281966
304 0.43785043598
305 0.438064264378
306 0.434406349255
307 0.628007503265
308 0.772259388952
309 0.701492921062
310 0.602716701586
311 0.714025281267
312 0.784806919164
313 0.730246104332
314 0.772961610283
315 0.746406728993
316 0.670106233657
317 0.763985603796
318 0.85194032101
319 0.754299406323
320 0.651352435605
321 1.07050023557
322 0.889829216871
323 1.08082046858
324 0.956064063855
325 0.758953383289
326 0.754337205725
327 0.541710755403
328 0.802079293871
329 0.528883847554
330 0.787931499176
331 0.395159226895
332 0.856663241633
333 0.750353496645
334 0.636524859013
335 0.780486844541
336 0.848017916919
337 0.79092240696
338 1.01651435134
339 0.808287249176
340 0.800641870118
341 0.814507075188
342 0.864342993925
343 1.27272193241
344 1.06374589408
345 1.10854659508
346 1.18881232427
347 1.228787683
348 1.00824573391
349 0.996178186414
350 1.37467341103
351 1.24130603057
352 1.11620157683
353 1.14818719739
354 1.00045415978
355 1.30935943784
356 1.37049729642
357 1.17923174732
358 0.705184009639
359 0.585910887044
360 0.979186026054
361 1.03990174509
362 1.02151157301
363 0.917382773904
364 1.12447246406
365 1.15897760287
366 1.13766798106
367 1.16614656452
368 1.12859176102
369 0.836875208648
370 0.609792367373
371 0.612769091114
372 0.71082570214
373 1.05181826116
374 0.823223647809
375 0.784074042778
376 0.798899598503
377 0.643658502049
378 0.680267233687
379 0.678562407946
380 0.686065248159
381 1.00400422569
382 0.688895643395
383 0.770558135755
384 1.55710128947
385 1.50047006122
386 2.10881674515
387 1.90951359742
388 1.64098888575
389 1.20075281071
390 1.60892754393
391 1.3628652321
392 1.44121586736
393 1.9310354899
394 1.85622752031
395 1.70126282155
396 2.11679530935
397 1.73608779621
398 1.50494580689
399 1.87072776221
400 1.70322510951
401 1.58492283461
402 1.77187193806
403 1.9446337307
404 1.73700555878
405 1.97643192093
406 1.6646450288
407 2.20566292015
408 2.05244936377
409 2.0505244253
410 2.66047526693
411 2.56776928589
412 2.42353022428
413 2.56597304257
414 2.42181246826
415 2.30089709654
416 2.45294115526
417 2.71820274662
418 2.55727242194
419 2.10511121017
420 2.19399061334
421 2.15520398023
422 2.54771275079
423 2.60480302268
424 2.79466366987
425 3.07094809396
426 2.90156680114
427 2.93789726417
428 3.10114001888
429 3.12848431664
430 2.94254350204
431 3.00557527539
432 3.49136412904
433 3.71414854666
434 3.87475100062
435 3.95309465225
436 4.06815383572
437 3.96161136139
438 4.11464609231
439 4.30922796158
440 4.43483516035
441 4.53198197264
442 4.66330962836
443 4.41068041831
444 4.68196675113
445 4.4716934348
446 4.48897711675
447 4.79038639122
448 4.69800101637
449 4.56525521524
450 4.41224230385
451 5.26964640124
452 5.52194008259
453 5.43666539379
454 5.89150637128
455 5.98202634845
456 5.5385484056
457 5.61288935749
458 5.95571437536
459 5.9469405657
460 5.73945028959
461 5.3616171766
462 5.75372421512
463 5.51803878736
464 5.57242096695
465 5.17866560631
466 4.92479399465
467 5.27940056986
468 4.86324140164
469 4.94237490194
470 5.19118767038
471 4.97977012347
472 5.03812327016
473 5.65431262282
474 4.92465703557
475 5.35946842965
476 4.97338389861
477 4.85779089805
478 5.05587626424
479 4.93465911586
480 4.93727740589
481 4.65666917533
482 4.81898182837
483 4.87120109777
484 4.86306795136
485 4.88923056516
486 4.90528526151
487 4.65720821514
488 4.7839045403
489 4.82301165641
490 4.66107513828
491 5.01947579901
492 4.76215797087
493 4.77298033802
494 4.96668723156
495 4.76150154217
496 5.11530794084
497 4.59840025352
498 4.4327556598
499 4.2076578387
500 4.65939178347
501 4.46872762633
502 4.69052554505
503 4.73172682697
504 4.58533922247
505 4.98163329693
506 4.74161264922
507 5.02740742091
508 4.74047591129
509 4.6957379611
510 5.04105211952
511 5.01890703502
512 5.04800688329
513 4.82964660138
514 4.88656988158
515 4.52049573358
516 4.80921820278
517 4.90594363717
518 4.62923538575
519 4.61156320519
520 4.51143627863
521 5.1791528924
522 4.64102476553
523 4.97090196524
524 4.62893486454
525 4.84312199879
526 5.19080938435
527 5.3149447642
528 4.69886108567
529 4.5955318566
530 4.96963312397
531 4.68062131406
532 4.68039782091
533 5.13245220459
534 4.78709707597
535 4.69633710316
536 4.88595359166
537 4.61946741415
538 4.89963541089
539 4.87849305795
540 4.85473080823
541 5.22228644904
542 5.04301717463
543 5.04036588637
544 5.3052791951
545 5.62198441248
546 5.31479811914
547 5.24054303683
548 5.76701308301
549 5.37530461103
550 5.78605992813
551 6.32415992701
552 6.50513766569
553 6.31205921546
554 6.63675243512
555 6.56383413421
556 6.16371403984
557 6.41800825795
558 7.15610339245
559 7.07299029654
560 6.81002105785
561 7.04427594807
562 6.92714041283
563 7.20880169037
564 7.326180496
565 7.23487342373
566 7.02536759016
567 7.15399451884
568 7.17877087555
569 7.25577392797
570 7.50426468786
571 7.29399942115
572 7.14913067468
573 6.82630067726
574 7.13702489756
575 6.93601138002
576 7.42912826582
577 7.21770371191
578 6.65440840405
579 7.00850404877
580 6.88600282677
581 6.84414000884
582 6.97279200064
583 7.57329953411
584 7.33968901865
585 7.58364173159
586 7.65984145909
587 7.02557676652
588 7.14954915569
589 7.35745375189
590 7.43393519135
591 7.38863717212
592 7.30638313554
593 7.27591716164
594 7.86970344964
595 7.81468761317
596 7.6325788002
597 7.91737734499
598 7.64372160557
599 7.48424740671
600 7.76569740374
601 8.08860573675
602 7.86697222514
603 7.64298499809
604 7.76282782572
605 7.78270442574
606 7.54239811222
607 7.52796933321
608 7.3783557048
609 7.46166645757
610 7.25087742449
611 7.69513101284
612 7.74962753334
613 7.88976345786
614 7.72547832645
615 7.98767909577
616 8.07588804719
617 7.92290602961
618 8.18898065727
619 8.0322666458
620 7.79018678611
621 7.8748001662
622 7.94642790535
623 8.01498171118
624 7.78198212608
625 7.69381768104
626 7.95010910287
627 7.9396818052
628 7.60319008287
629 7.99484148699
630 7.73759422256
631 7.51606758995
632 7.6241572844
633 6.99753207454
634 7.39532810756
635 7.96513626979
636 7.7353984675
637 7.71268890977
638 7.51532482416
639 7.30388431232
640 7.2838527636
641 7.52142888808
642 7.56313351081
643 7.95020076205
644 7.83911574312
645 7.93614636737
646 7.37774038584
647 7.43012085747
648 7.60316134338
649 7.45739893257
650 7.36128585976
651 7.56168880604
652 7.94825610072
653 7.43846421998
654 7.86095869194
655 7.2437232361
656 7.34355027659
657 7.66956753627
658 8.14546369086
659 8.1127989461
660 8.0751956416
661 8.15958136401
662 8.36904131875
663 8.59087060531
664 8.93153502207
665 9.06908261776
666 9.4202623596
667 9.0350971683
668 8.33372934933
669 8.16439997867
670 8.2601308283
671 8.3840659084
672 8.61717311013
673 8.64837812862
674 8.32179111572
675 8.749406685
676 8.79318760781
677 8.77056218887
678 8.60057125878
679 8.17081647121
680 7.90434808686
681 8.14351975744
682 7.97515060398
683 8.14529983595
684 8.47947408522
685 8.72969235575
686 8.21170700868
687 8.04373449912
688 7.6129767826
689 7.51043092634
690 8.08566386927
691 8.02903975807
692 7.93079549143
693 7.87836101359
694 7.38929232296
695 8.12600954825
696 8.62204334208
697 8.69505482528
698 8.38002342531
699 7.85659951797
700 8.56557041724
701 8.03876249572
702 7.92514372576
703 8.11345945151
704 8.37531585704
705 8.49870278635
706 8.70102734425
707 8.77839821544
708 8.7830945517
709 9.11344249831
710 9.04697865369
711 8.28443709779
712 8.09600397072
713 7.90543793795
714 8.3518188353
715 9.01004707145
716 8.51762705701
717 8.41173999787
718 8.3058110096
719 8.00482086773
720 8.10178270052
721 8.33200978134
722 8.33929831203
723 7.89030136024
724 8.27553687721
725 8.92011934547
726 8.75572787281
727 8.94474921104
728 8.80810865851
729 8.79829457997
730 8.90876235213
731 9.33074365946
732 9.43647734455
733 9.37343486493
734 8.95233994746
735 9.65751138005
736 9.76642642559
737 9.79896099101
738 10.2078447682
739 9.9623010294
740 9.81219499274
741 10.0701389226
742 10.1514482922
743 10.3403403279
744 10.3607261892
745 10.4589497576
746 10.7142445568
747 10.4090080305
748 10.4357362117
749 10.3673383802
750 10.2208920007
751 10.8440722184
752 11.3887016387
753 11.0915784434
754 10.6330171652
755 10.9486321698
756 10.556200588
757 10.7375284656
758 10.95638546
759 10.973702978
760 11.0992419665
761 11.1095517295
762 10.7824474635
763 10.7274940744
764 10.6042930514
765 10.7565575677
766 10.2218502212
767 9.89592978596
768 10.0288375236
769 10.4080937093
770 10.6177005875
771 10.6206021919
772 10.2214610169
773 10.169194091
774 10.4734558435
775 10.391131308
776 10.2754387533
777 10.14113231
778 10.6925225474
779 10.4892716615
780 10.4039390104
781 10.4397709547
782 10.3353741725
783 10.1303344186
784 10.3372064989
785 10.1565454055
786 10.0116680024
787 10.3845753064
788 10.4257116002
789 10.3363077099
790 10.6822023809
791 10.7681531142
792 10.5470548585
793 10.5816876802
794 10.5513037866
795 11.0454583568
796 10.9618517979
797 10.6587149116
798 10.8253822867
799 10.7518915009
800 11.0750860018
801 11.3249805105
802 11.0312342619
803 11.5964828468
804 10.8667155725
805 10.8682696825
806 11.1121800897
807 11.0209141344
808 10.8522328428
809 11.1987122547
810 10.900674337
811 10.8752170857
812 11.2270823249
813 11.481435435
814 11.1481609482
815 11.3027397514
816 10.8537448328
817 11.1739007964
818 11.3433715723
819 11.7070208664
820 11.1278996652
821 11.1334413078
822 11.6351809523
823 11.3941836032
824 11.638378027
825 11.5983929379
826 11.7551609837
827 11.9537872626
828 11.6313687929
829 12.0361898986
830 11.9893558018
831 11.8765495214
832 12.018822981
833 11.7867254859
834 11.5951781969
835 11.4827111307
836 11.9130367699
837 11.8550426579
838 11.8695346323
839 12.1790423984
840 11.9854415026
841 12.1128472536
842 12.3055057376
843 12.3010221306
844 11.9455038774
845 11.7398745792
846 11.7784925165
847 11.6959794315
848 11.4249001302
849 11.6926100294
850 11.9596121457
851 11.6286693499
852 11.9071929053
853 11.8512312359
854 11.9889671913
855 11.7003872431
856 12.3723575876
857 12.3307586278
858 12.0386759665
859 12.0667228789
860 11.9427401733
861 11.9891869648
862 11.8961161577
863 12.2177202651
864 11.9304202265
865 11.9572012457
866 12.1898317506
867 11.8443414874
868 11.5780539884
869 11.9709588939
870 11.6003502205
871 12.093124632
872 11.5358434043
873 11.586382846
874 11.6431970502
875 11.2953329385
876 11.4096060375
877 11.5542237187
878 11.527514174
879 11.7864000676
880 11.9543639236
881 11.9919096602
882 12.1310325394
883 12.5118526832
884 11.9707050355
885 12.2662490395
886 12.3759613988
887 12.1447836747
888 12.1882068621
889 11.7233314615
890 12.0897222791
891 11.7066925595
892 11.8731826211
893 11.5879856424
894 12.3217636405
895 12.0576685021
896 12.423225016
897 12.2037072752
898 12.4413194247
899 12.9273816175
900 12.6709763696
901 12.6260292311
902 12.3331734548
903 12.7766510516
904 12.8206621969
905 12.5933142924
906 12.3147752205
907 13.0465085713
908 12.8429411289
909 13.1617297028
910 12.7886567602
911 12.5748243234
912 13.0992691574
913 12.8193113121
914 12.7802300545
915 12.5540284916
916 13.021051948
917 13.1582564327
918 13.0098510291
919 12.8393478832
920 12.7719115667
921 12.5485174167
922 12.343487837
923 12.7795790839
924 12.4152819544
925 12.7904659853
926 12.2337173975
927 11.8960564316
928 12.0591294854
929 12.6403266279
930 12.6331222645
931 12.5890082685
932 12.4562251564
933 12.7767915248
934 13.2397528827
935 12.504124755
936 12.8755358383
937 12.5880923816
938 12.8958630152
939 12.7377544748
940 13.17702736
941 12.8386918408
942 12.5972539505
943 12.3840128499
944 12.4773356118
945 12.8317809631
946 12.4194103427
947 12.5319753086
948 12.129296845
949 11.9147609352
950 12.2259000657
951 12.0643301981
952 11.7718472155
953 12.0912520018
954 12.2871595944
955 12.2823117803
956 12.1142674249
957 12.4014228911
958 12.2673813053
959 12.6650638394
960 12.8193328441
961 12.7019573271
962 12.6568151291
963 12.3273596204
964 12.4895581396
965 12.2409490088
966 12.4321542941
967 12.2976141305
968 12.4614973238
969 12.4051622008
970 12.2036122836
971 12.3500449578
972 12.5636134255
973 12.8156777513
974 12.5413026512
975 12.9713885397
976 12.9701059796
977 12.1065181885
978 12.3936185739
979 12.3450431124
980 12.2932853092
981 12.5130350272
982 13.1809390042
983 13.0504315449
984 13.2747378707
985 13.4200956322
986 13.2743155296
987 13.0890447741
988 13.0655196038
989 13.121591297
990 13.2421934713
991 12.9861993069
992 13.3878220958
993 13.2695984909
994 12.7295795962
995 13.1158262066
996 13.0058090541
997 12.8639853228
998 12.4074175662
999 12.7496038215
