0 0.0
1 -0.170505859029
2 -0.206459168346
3 -0.15823417461
4 0.0256482555706
5 -0.0472113631553
6 -0.0822215603701
7 -0.11380456279
8 -0.0723622451118
9 -0.129699956815
10 -0.253422866523
11 -0.265529703361
12 -0.445345834198
13 -0.34560746547
14 -0.139838153772
15 -0.129231963495
16 -0.115582962358
17 -0.0881085116075
18 -0.00375336744493
19 -0.0488974963873
20 0.15910464189
21 0.321802084963
22 0.0418878679292
23 0.206488231616
24 -0.147167305976
25 -0.11400967755
26 -0.196727276819
27 -0.252385005306
28 -0.199063886337
29 -0.344994654168
30 -0.0111239040131
31 -0.0172760199672
32 -0.108011446269
33 -0.0916891314792
34 -0.325245180245
35 -0.142083284753
36 -0.332424376958
37 -0.214837736747
38 -0.303212501209
39 -0.190924521655
40 -0.311017531212
41 -0.150239539423
42 -0.33082196766
43 -0.208628922581
44 -0.229700645688
45 -0.144962900139
46 -0.289789625028
47 0.016280929102
48 -0.236463694112
49 0.0371631905094
50 0.214036387707
51 -0.24052222085
52 -0.134024158287
53 -0.203163400455
54 -0.0368331422251
55 -0.24308934092
56 -0.317464024323
57 -0.278229289393
58 -0.178096825146
59 -0.139264128151
60 -0.383601372441
61 -0.248800008012
62 -0.350507654614
63 -0.445245526788
64 -0.224599956224
65 -0.473042399955
66 0.0158473966182
67 0.014283613297
68 -0.180876273407
69 -0.346701850506
70 -0.115897948354
71 -0.29905879602
72 -0.328230642293
73 -0.139186567264
74 -0.300124794548
75 -0.111100045298
76 0.113244982343
77 -0.0220483404493
78 -0.0174433042286
79 0.235551440658
80 -0.0814382441224
81 -0.159788692106
82 -0.100579967565
83 -0.0857878866352
84 -0.15289672659
85 0.219604500181
86 -0.0334933748891
87 0.118722055488
88 0.285512334509
89 -0.120853735792
90 -0.0347391203626
91 0.0115584013395
92 0.00753806856349
93 -0.0305379749475
94 -0.170833493468
95 -0.0101070249456
96 0.0445021095922
97 0.129751218336
98 -0.353882071204
99 -0.430149700425
100 -0.243366849968
101 -0.121594823936
102 0.122182048155
103 -0.338817013665
104 -0.264813269781
105 -0.251091863488
106 -0.0759931942057
107 -0.0882822584951
108 -0.0747094108914
109 -0.220733488812
110 -0.252809587021
111 -0.333484848707
112 0.0809720979506
113 -0.0433758209202
114 0.0230826961092
115 -0.0644146699655
116 0.0145078327264
117 0.0160229464637
118 0.168268320541
119 0.548132131049
120 0.0874251003834
121 0.113672788716
122 0.140300090754
123 0.0445774539742
124 -0.0540806983311
125 -0.0434063607007
126 0.174306226737
127 0.00978539648867
128 0.051266808981
129 -0.0854436920771
130 -0.0284792819843
131 -0.0108913163969
132 0.0370653437117
133 -0.138608866621
134 0.0647611680331
135 -0.184474103399
136 -0.413696505743
137 -0.272129654607
138 -0.231243725695
139 -0.105466006153
140 -0.33379131207
141 -0.147521621028
142 0.0895057055767
143 -0.0569402980276
144 -0.107911253305
145 -0.103603969089
146 0.0942943916933
147 0.0946798944092
148 0.0223327241919
149 -0.081283810454
150 -0.132069364494
151 0.0109816442536
152 -0.354333730613
153 -0.260527101659
154 -0.164492326246
155 -0.264392010101
156 -0.495953658963
157 -0.242408207143
158 0.065919234413
159 -0.0509063021304
160 -0.0309576172323
161 -0.202542852302
162 -0.186799500755
163 -0.161386327689
164 -0.0755404161232
165 -0.0908326518529
166 -0.099797984139
167 -0.381251431809
168 0.0121752036956
169 -0.0705164585508
170 0.0949537780127
171 0.0591096595539
172 0.106278892118
173 -0.0688152989361
174 0.0559421751807
175 -0.091071542433
176 0.166059388897
177 -0.0219476190759
178 0.263305274105
179 0.107072467306
180 -0.0469724819963
181 0.237917756027
182 0.242399997216
183 0.667003131787
184 0.088347021653
185 0.238894876254
186 0.12789077759
187 0.0263487375723
188 0.183829025575
189 -0.119611815093
190 0.110345624704
191 0.130241419034
192 -0.245196285387
193 0.162912274759
194 -0.141468735447
195 0.356087924448
196 0.285049474679
197 0.18504658814
198 0.380856667285
199 0.109940578371
200 0.0360655712969
201 -0.210465524148
202 -0.21140488681
203 -0.0271308702794
204 -0.0658084577717
205 -0.243301932872
206 -0.115734033676
207 -0.403608550897
208 -0.225319789787
209 -0.122296199355
210 -0.201261378629
211 -0.342648941014
212 -0.0950232953053
213 -0.042450530352
214 -0.0457558319084
215 -0.245293267781
216 0.127676640197
217 -0.0891102414868
218 -0.0923865716095
219 -0.128859687635
220 -0.449641714362
221 0.341961862475
222 0.139002237406
223 0.0837693949308
224 -0.0930249872132
225 0.121457119885
226 -0.268998629612
227 0.120173082602
228 -0.281845115485
229 -0.0257770563651
230 0.14892475093
231 0.0145368693192
232 0.0316604039549
233 0.0667311046737
234 0.123959836049
235 0.037991811418
236 -0.111184703181
237 0.224399136623
238 0.438659931953
239 0.251676872127
240 0.175000488697
241 0.247630637502
242 0.265333997298
243 0.258095965461
244 -0.290705807259
245 -0.0726897699653
246 0.00117647644295
247 -0.132760453244
248 -0.252391499126
249 0.173490323031
250 -0.137267772749
251 0.112001312516
252 -0.139526931596
253 -0.168404014185
254 0.0550336462216
255 -0.122222419223
256 0.0598496358271
257 0.0305189155817
258 0.0900764064793
259 -0.23553296442
260 -0.371034129501
261 -0.0466144084224
262 0.072729793269
263 0.0387298571493
264 -0.0249538829361
265 0.191645865855
266 0.0916404221147
267 0.155288520007
268 0.027634917747
269 -0.100718912423
270 -0.114918807979
271 0.289190477771
272 0.114842483004
273 -0.130691376934
274 0.17288958497
275 0.0272306984964
276 0.257299241585
277 0.262401393746
278 0.29878553314
279 0.0335340376507
280 0.27006072432
281 0.38010333195
282 0.244666522579
283 0.438789733004
284 0.452742736809
285 0.443660080652
286 0.0890696174135
287 0.41041359824
288 0.584479399083
289 0.449569865796
290 0.193184624609
291 0.749568932373
292 0.720839796154
293 0.629241491044
294 0.544234430919
295 0.595438250584
296 0.966283838038
297 0.771889338535
298 0.641290463412
299 0.989975667994
300 0.810062148046
301 0.89746999299
302 0.821326646038
303 0.920203070853
304 0.849959902425
305 0.878929205127
306 0.594692173491
307 0.401549766458
308 0.508886046506
309 0.777258782109
310 0.365710981281
311 0.694266496523
312 1.02436421638
313 0.636551276368
314 0.833523990466
315 0.882502077536
316 0.736068095278
317 0.821811422624
318 0.865232683442
319 0.819521653996
320 0.919515212338
321 1.14407026179
322 0.739042958185
323 1.20969792787
324 1.09522484088
325 1.31477095767
326 1.63518584365
327 2.02714939672
328 2.16315839125
329 2.06656265398
330 1.92369011616
331 1.63112886027
332 1.73526334679
333 1.45234306946
334 1.92551977681
335 1.60384971286
336 1.57950790416
337 1.41332822312
338 2.06831452947
339 1.94061403272
340 1.61372358098
341 1.72957446068
342 1.66085447454
343 1.68579951343
344 1.74733216737
345 1.70811574634
346 1.35011306165
347 1.78772365653
348 1.72656360444
349 1.94461869017
350 1.79086407903
351 1.71123011185
352 1.88398219238
353 2.19144428393
354 2.20058629097
355 2.16830306553
356 1.86130962813
357 1.85340883278
358 2.19255927916
359 2.13671983654
360 2.57820170632
361 2.11324800274
362 1.93036010557
363 1.88950800756
364 2.03897589031
365 1.74563525508
366 1.72032873627
367 1.82637662218
368 1.58701450857
369 1.93535187669
370 1.85947146047
371 1.71736741259
372 1.73022902569
373 1.93192227864
374 1.50620757648
375 1.6775936676
376 1.51530349626
377 1.44100500085
378 1.487954865
379 1.53299572575
380 1.36850249989
381 1.41146591926
382 1.14704193571
383 1.08252989841
384 1.47283869133
385 1.35963863677
386 1.29570900239
387 1.402144717
388 1.78101156037
389 1.75280862368
390 2.09370189101
391 1.96373559282
392 1.81681804274
393 2.08916234555
394 2.37286295573
395 2.13729460582
396 1.91108183309
397 1.72099145143
398 2.3329897227
399 2.17858333643
400 2.13704449631
401 2.27208642885
402 2.2887355686
403 2.07706326508
404 2.09699680896
405 1.945201318
406 2.59767627322
407 2.23034100708
408 1.96579545567
409 2.26769431219
410 2.05757129118
411 2.231257233
412 1.9287050419
413 2.11329775354
414 2.13413376068
415 2.21519844902
416 2.9685386239
417 2.4380727331
418 2.50145799744
419 2.05551236701
420 2.50430110818
421 2.53881856585
422 2.6248562624
423 2.52312128231
424 2.20789684009
425 2.35094233178
426 2.53398419544
427 2.42941147085
428 2.39186282748
429 1.99804291856
430 2.0591183806
431 2.58987853111
432 2.62377140674
433 2.44831864673
434 2.31902519013
435 2.28788601449
436 2.27904540598
437 2.36404596787
438 2.11062060421
439 2.47511897872
440 1.99416376424
441 1.86415223221
442 1.63992877089
443 1.8290719647
444 1.77840409217
445 1.83632562955
446 1.49782913407
447 1.89209033644
448 2.18042010731
449 2.17877109468
450 2.03955424414
451 1.75829049438
452 1.85128531285
453 1.70067663998
454 2.07193931817
455 1.46255098491
456 1.95622298015
457 1.50487094406
458 1.77375728462
459 1.82868504091
460 1.92638672161
461 2.26164649764
462 1.47583641419
463 1.2291676047
464 1.2712838892
465 1.12033310966
466 1.7198471448
467 1.90276637714
468 1.56448195692
469 1.81140402835
470 1.72888892741
471 1.94113517917
472 1.61691443422
473 1.40779721714
474 1.29213844592
475 1.25379776417
476 1.68180497416
477 1.7988552708
478 1.9895382419
479 2.15239474724
480 1.85776920072
481 1.98269521935
482 1.96750173841
483 2.42344444705
484 2.88432192566
485 2.49630292804
486 2.34884272997
487 2.44420418851
488 2.26068518615
489 2.54438503881
490 1.8302146398
491 2.4981559718
492 2.54660604575
493 2.54783947422
494 2.33170004446
495 2.36685680357
496 2.22631573855
497 2.14655122685
498 1.80647288353
499 1.9706156926
500 2.22407033253
501 2.35771120574
502 2.59020149964
503 2.03962179065
504 2.08177486898
505 2.29244545856
506 2.14777440031
507 1.59970202344
508 1.76961268553
509 1.47966691272
510 1.76697669812
511 1.70022710612
512 1.9133879569
513 1.95946532418
514 1.8196176808
515 2.17468346404
516 1.71426219688
517 1.92204415514
518 1.64202530716
519 1.76682545026
520 1.92828461923
521 1.87672386414
522 2.04583961203
523 1.64035188333
524 1.54407173757
525 2.12815644866
526 2.09924042112
527 1.74980800685
528 1.49295334318
529 1.67541498767
530 1.78786335603
531 1.71654081087
532 1.70310003679
533 1.49850232803
534 1.78888177223
535 1.76894468825
536 1.58790555409
537 1.89355131976
538 1.78390881957
539 1.77680864068
540 2.00301704643
541 1.59044787005
542 1.81665338245
543 2.19667515904
544 2.0177545663
545 1.93205003028
546 2.15161448322
547 1.73745444994
548 1.99277364642
549 2.10879618497
550 2.28123158866
551 2.34819094036
552 3.13856947736
553 2.73797311812
554 2.80851975785
555 2.54417435986
556 2.44646781099
557 2.71916320795
558 2.19786949348
559 2.06926483266
560 2.27134129919
561 2.46692513127
562 2.65289326027
563 2.36831707853
564 2.32016301897
565 1.65923414272
566 1.97924895076
567 2.44256491391
568 2.43786875107
569 2.7392756997
570 2.48341603313
571 2.90705071979
572 3.22618380736
573 3.9160559705
574 3.67189770518
575 4.11755627798
576 3.98954042899
577 3.48781595993
578 3.59501462492
579 3.78226668384
580 3.6519964899
581 3.69787863356
582 4.13844755088
583 3.59974763164
584 3.69401353893
585 3.89304402714
586 4.15845629597
587 4.07277177774
588 4.02752579881
589 4.00527248221
590 4.43662916421
591 4.86014884319
592 5.24508124937
593 5.36918796099
594 5.82887296347
595 4.98830587085
596 5.85688847859
597 5.50943657762
598 5.12649726449
599 5.81705485237
600 5.70414838128
601 5.24540139441
602 5.53797446798
603 6.08902926473
604 5.9655204731
605 5.49656264374
606 6.36104895577
607 5.94723023559
608 6.1041578341
609 6.02381085352
610 5.8801378577
611 6.0652011066
612 6.18124472573
613 6.17731958718
614 6.00721089677
615 5.74796630253
616 5.47049781052
617 5.90787039354
618 6.13255191017
619 6.28619007311
620 6.13051796373
621 6.25289845964
622 6.61593468758
623 5.48355139875
624 5.03860367492
625 5.17646031377
626 5.52822662169
627 5.72121943636
628 4.96163989975
629 4.9207939433
630 4.8054562009
631 5.20406290246
632 5.04146892227
633 4.5486210446
634 4.13198924983
635 4.55287636858
636 4.45223500692
637 4.57082368439
638 4.79926891916
639 4.5442309872
640 4.87933272665
641 4.39118769809
642 4.40770496239
643 4.33183073903
644 4.83075485676
645 4.65436793435
646 4.17285937946
647 4.42562284663
648 4.37646357462
649 4.71157315401
650 4.33037344137
651 4.77841660371
652 4.61524702624
653 5.09686929727
654 3.97582148757
655 4.11693903752
656 4.04163404354
657 4.18537044366
658 3.4705091232
659 3.7251505487
660 4.12150581555
661 3.74432738612
662 3.94886122457
663 3.53977459937
664 3.41108998557
665 3.83574354527
666 4.26485530449
667 3.82038728391
668 4.3423975979
669 4.30181921505
670 4.50542289932
671 4.78453212729
672 4.20173147682
673 5.04864359962
674 5.63639799593
675 5.24813149943
676 5.28383587533
677 5.05352498632
678 5.26322399869
679 5.2103328815
680 5.41477137924
681 4.61799407054
682 5.02741898047
683 4.86130547418
684 4.98071259729
685 4.32965875887
686 4.60339744265
687 4.54523471321
688 4.50446644289
689 4.25815180797
690 4.20261779313
691 4.46003908617
692 3.9715052201
693 4.28876689006
694 4.42264827684
695 4.7535028537
696 4.42382247071
697 5.07142364545
698 4.58169050118
699 4.8536940546
700 4.65255425021
701 4.92488983415
702 4.92857535477
703 4.8854931718
704 4.91611937274
705 4.72277360598
706 4.99787265976
707 5.0241289201
708 5.64322501208
709 5.84026885447
710 6.11503691087
711 5.80417420966
712 5.47568404555
713 6.00287312216
714 5.35812863451
715 5.70512850016
716 5.54192770126
717 5.10399837775
718 5.32967459602
719 5.6914873588
720 5.40932272602
721 5.2108608516
722 5.04161980919
723 5.25714425749
724 5.80663542822
725 5.37240542937
726 5.53670935145
727 5.46491019559
728 5.46459573187
729 5.46800560289
730 5.43551944521
731 5.92893163938
732 5.44025068922
733 5.76473345545
734 5.26434770123
735 5.43459556537
736 5.20178442817
737 5.32932449552
738 5.54272415662
739 5.95668696144
740 6.36212955981
741 5.96625117099
742 5.68634349545
743 5.86565632379
744 5.9959735186
745 6.2938226344
746 6.1423557297
747 5.44759655064
748 5.77072973866
749 5.82641102774
750 5.84919782908
751 6.00044483466
752 5.97350282385
753 5.67596483231
754 5.60470682866
755 5.92047802593
756 5.40596933963
757 5.74188222546
758 5.17601449667
759 5.26623301331
760 5.49081395642
761 5.02232952806
762 5.38379196064
763 5.9536526557
764 5.34322275835
765 5.68305438092
766 5.22796950766
767 5.12022910611
768 5.48711763593
769 5.12318819795
770 5.00004196839
771 4.78997876934
772 4.73292966611
773 4.97198088266
774 4.91336965652
775 5.09880518756
776 5.50550478822
777 5.32024023446
778 4.93827848721
779 4.70781328048
780 4.77166979179
781 4.91259298389
782 4.6037981459
783 4.52921328892
784 4.49895720846
785 4.78549915679
786 5.03287731246
787 4.86599155724
788 5.06486060268
789 4.85828761843
790 5.04117015479
791 4.35369564627
792 4.7423419632
793 4.67546244528
794 4.8042648338
795 4.61656216688
796 4.72360998117
797 4.6654421626
798 4.43010709006
799 4.71120949774
800 4.94072697582
801 4.5262143385
802 4.43157833214
803 4.82650810677
804 5.02393186836
805 4.93629492795
806 4.87734981677
807 4.44038300919
808 4.52794426218
809 3.69457292222
810 4.07537029426
811 4.12787873274
812 4.12366053456
813 4.03593555421
814 3.98843788727
815 4.16236085041
816 3.98920037216
817 3.9642843764
818 4.59164504235
819 4.20194406502
820 4.07998757666
821 4.31158415046
822 4.58255737366
823 4.77268964244
824 4.11066657723
825 4.25103255608
826 4.55834168875
827 4.73623853495
828 5.01349672837
829 5.42378546676
830 5.41265722407
831 5.30267459857
832 5.46214647197
833 5.76024290156
834 5.58706256212
835 5.97957110776
836 5.3285153995
837 5.44345423593
838 5.7965019616
839 5.73455350348
840 5.86997808221
841 6.10303741248
842 6.10556010023
843 5.6324398015
844 6.19738714381
845 5.84780080274
846 6.39299615281
847 5.62382861121
848 6.18772012505
849 6.25688520528
850 6.4655984381
851 6.52528420421
852 6.28692020594
853 6.5241393759
854 6.65846210657
855 6.95149391808
856 6.8112818695
857 6.86144995839
858 6.89212175063
859 6.70609683245
860 6.94721543819
861 7.18961152788
862 7.00200816781
863 6.95777456021
864 6.62950918958
865 6.90161832407
866 7.0701213006
867 7.05736546113
868 7.12885405974
869 7.20877232238
870 7.77512042788
871 7.41345220296
872 7.24883031795
873 6.8242126953
874 7.14678411949
875 7.94621633536
876 7.4031830351
877 7.39416644101
878 7.45698021924
879 7.53332566245
880 7.07967940497
881 7.66212644028
882 7.85731609668
883 7.92503457247
884 7.97041163125
885 8.05935639133
886 8.34723700508
887 7.95165182013
888 8.01821514174
889 8.0706263022
890 7.89564087429
891 7.83729094214
892 7.88609506456
893 7.40297312123
894 7.85812453712
895 7.93676921962
896 8.21521367523
897 8.42407629257
898 8.08237251194
899 7.55305579441
900 7.83859651874
901 7.2766978222
902 7.29011603058
903 7.5998281027
904 7.74954307231
905 7.57063225262
906 7.42192588222
907 7.07292261311
908 7.1104370723
909 7.08678873022
910 7.1963719654
911 7.228676468
912 7.67271293952
913 7.53033414242
914 7.16861069933
915 6.82695330829
916 7.21020945836
917 7.27554328151
918 7.17800482554
919 7.6229500837
920 7.87773099481
921 7.44059746392
922 7.51586314787
923 7.34123179849
924 7.39414392916
925 7.46104711004
926 7.43612051569
927 7.32603033552
928 7.45702953719
929 7.281510909
930 7.60276428215
931 7.8322029659
932 7.74392387406
933 8.06072277666
934 8.08168273583
935 8.30448641394
936 7.66070491086
937 7.56660726493
938 7.85551923677
939 7.56878071585
940 7.43036144987
941 7.43894284759
942 7.13464734927
943 7.67882859689
944 7.6628295416
945 7.88180941048
946 8.35251252589
947 8.0431762569
948 7.87674029613
949 7.33219473595
950 7.31941610991
951 7.41239858487
952 7.58155165379
953 6.99545196182
954 7.30659313409
955 7.41857011148
956 7.48876156526
957 7.18867224932
958 7.73585374038
959 7.54819796417
960 7.530816399
961 7.91862408817
962 8.05090148047
963 8.19523580029
964 7.50120942918
965 7.7761695017
966 7.80266589104
967 7.77818722464
968 7.95910910694
969 8.33984626024
970 8.33572862526
971 8.32388926877
972 8.2143864942
973 8.16431093382
974 8.0376325357
975 7.94638118904
976 7.93237648923
977 7.41427616821
978 7.08070546737
979 6.76540361603
980 6.71961053103
981 6.4271673385
982 6.34413031766
983 6.37984294392
984 6.87247242005
985 6.53668429511
986 6.50154143263
987 6.68271773477
988 6.53345777938
989 6.76405305263
990 6.50841133898
991 6.582055188
992 6.78386352111
993 6.28502724893
994 6.64896595402
995 6.19588224502
996 6.40818542106
997 5.74534314291
998 6.58768936064
999 6.25887146838
