0 0.0
1 0.0760356062925
2 -0.122849643442
3 -0.0778276802148
4 0.0408244831706
5 0.0697931453638
6 -0.0558742126539
7 -0.0499571957322
8 0.0111726742105
9 0.172427470291
10 0.294918374056
11 0.382417818724
12 0.0628043858871
13 -0.131179244705
14 -0.449569848054
15 -0.0261332805256
16 0.0017558396225
17 0.383021011184
18 -0.102838961898
19 0.103946547055
20 0.177750895677
21 -0.138561520768
22 0.00164411132084
23 -0.0454156827695
24 0.0749718309598
25 -0.115900941361
26 -0.0525527680547
27 0.146595957261
28 0.0290181628934
29 0.0163207115028
30 0.145451475542
31 0.0549756517652
32 -0.134099943173
33 -0.0413815586787
34 -0.161193099342
35 -0.0292164615605
36 0.127195813453
37 0.0626661402541
38 -0.0573177822399
39 0.0791174397945
40 -0.205949068168
41 -0.0871157034738
42 -0.0748388754647
43 -0.0758547633467
44 0.0712601299888
45 0.0309649108468
46 -0.200166768969
47 -0.194148240749
48 -0.335089207112
49 -0.27039659269
50 -0.223350739076
51 -0.22919051226
52 -0.264759670799
53 -0.124893951595
54 -0.330922352203
55 -0.0986981886781
56 -0.173685494969
57 0.0921330717622
58 -0.104845146655
59 -0.212519290555
60 -0.0861646388156
61 0.174412139419
62 -0.217394045474
63 -0.356495415767
64 -0.100541918098
65 0.243251130097
66 0.144934323748
67 0.0936002184783
68 0.0253829259841
69 0.246789991893
70 -0.0947080047418
71 -0.0335485021283
72 0.00460135809762
73 -0.00607820368007
74 0.123827160526
75 -0.00636108850611
76 0.106693510988
77 0.102902243157
78 0.255621140122
79 0.197672358734
80 0.248143955223
81 0.0258885712498
82 0.120360323794
83 0.0785178851624
84 0.118346942296
85 0.0771365839581
86 -0.0390092174081
87 0.0648190285282
88 0.153634576948
89 0.0272188252241
90 0.228246964047
91 0.188097750226
92 0.534510750881
93 0.283992293771
94 0.252809525383
95 0.065848561669
96 0.0904652814875
97 -0.0768809727073
98 0.0367364054976
99 0.0475903124362
100 -0.130915833988
101 0.121051642658
102 -0.0103262639204
103 -0.0183435360725
104 -0.235539463933
105 -0.0160536001067
106 0.139455453748
107 0.0329950147824
108 0.0841195504178
109 -0.00719437230716
110 -0.13972505412
111 0.175565647286
112 -0.0459139051893
113 0.0646737110895
114 0.168401336047
115 0.211977393887
116 0.170563895346
117 0.172067472291
118 0.183818464268
119 0.0266145430842
120 -0.20085976029
121 -0.0713328809225
122 0.0619390864779
123 -0.0155274260802
124 -0.00325147567941
125 -0.0359195533732
126 0.0437979273476
127 0.0271048221836
128 0.0537822769288
129 -0.304713974123
130 0.0273890810052
131 0.119796330655
132 -0.00854924730231
133 0.0235271972769
134 -0.104154384216
135 -0.108475830951
136 -0.0516558458105
137 0.177806841181
138 0.186246041382
139 0.0967673839694
140 0.229214382112
141 0.0537827006319
142 0.0413523041885
143 0.233462670464
144 0.00176260839108
145 0.213225682859
146 0.114944672045
147 0.407004901555
148 0.166169674903
149 0.0862426503683
150 0.325754208462
151 0.0167327534986
152 0.0234637417437
153 -0.0553602576936
154 -0.121871518527
155 0.204850359077
156 0.139520073152
157 0.126491248967
158 0.100064757692
159 0.207332768419
160 0.0500612764894
161 -0.0698959718899
162 0.0544216830925
163 0.154448651747
164 -0.178904967575
165 0.277108524187
166 0.303636884797
167 0.267885287638
168 0.272327047196
169 0.0289985801528
170 0.203336164115
171 -0.0270955170215
172 0.460593343319
173 0.194663258076
174 0.0165219523766
175 0.223532579436
176 0.137947661828
177 0.0723859224584
178 0.371403182037
179 0.107360451073
180 0.237893745738
181 0.300947426933
182 -0.0263650500098
183 0.0447129145313
184 0.0288802240295
185 0.300601471521
186 -6.09609026689e-05
187 0.0698397371231
188 0.328212174636
189 0.0905247045069
190 0.0923531850788
191 0.303415656173
192 0.111402378013
193 0.248093168783
194 0.14901245717
195 0.308244616046
196 0.0974474487071
197 0.591092566879
198 0.130471811867
199 -0.0218973399793
200 -0.170129818138
201 -0.149239455572
202 -0.14593512809
203 0.151156061152
204 0.0258054708847
205 -0.0328312341759
206 0.117214987389
207 0.0958650084528
208 0.184446340393
209 0.239876281861
210 0.308421741601
211 0.40742193509
212 0.508725268184
213 0.406637655603
214 0.595349879148
215 0.451414796985
216 0.691980240909
217 0.679467599334
218 0.523978759238
219 0.612186117202
220 0.357466485981
221 0.335783492588
222 0.694677516136
223 0.364273848091
224 0.703047201255
225 0.704289761736
226 0.963826313956
227 1.06231608566
228 0.71050030141
229 0.941266251578
230 1.1181239705
231 1.20900499681
232 1.04005055852
233 1.0890685837
234 1.14594627226
235 1.01387906494
236 1.05761770961
237 1.06515493072
238 0.847730712836
239 0.706888335387
240 0.9817670156
241 1.01030340471
242 0.75051318229
243 0.892899191047
244 1.14668086064
245 1.01056599425
246 0.918718647463
247 0.980004670954
248 1.05717912026
249 1.01047483753
250 1.26890524374
251 0.999674869903
252 1.24594612864
253 1.09870910431
254 0.985049539561
255 1.06434719717
256 1.02878395833
257 1.00592800838
258 0.90625459696
259 0.804097492936
260 0.960271644992
261 0.809675027075
262 0.948880160338
263 1.27141020989
264 1.23279618259
265 1.00095519399
266 0.996797538087
267 1.11835947551
268 1.22245790964
269 1.14997793841
270 1.01326858343
271 1.01097438643
272 1.23921214737
273 0.964144175491
274 0.801524071629
275 0.685620347705
276 1.16709083452
277 0.599471252186
278 0.695295922879
279 1.12984497399
280 0.723619167017
281 0.990669163628
282 1.05780595131
283 0.910904419751
284 0.815520342738
285 0.665630856443
286 0.745376052238
287 0.933348666597
288 0.827218947626
289 0.98621872242
290 1.2562167998
291 1.38669874844
292 0.926935874484
293 1.00405129326
294 1.40847379889
295 1.32016666724
296 1.43370957519
297 1.44979560563
298 1.71307091299
299 1.87228354399
300 1.88903457095
301 1.59223171324
302 1.72552121365
303 1.76655046081
304 1.5036699481
305 1.39656632519
306 1.15151469118
307 1.41588226114
308 1.48106139505
309 1.85559363226
310 1.57938004801
311 1.50540096873
312 1.71020930577
313 1.6512982519
314 1.55591327193
315 1.99365134684
316 1.71221750986
317 1.9757036584
318 1.89501435502
319 1.68228754298
320 1.85069729611
321 1.96986619172
322 2.15867425733
323 1.60456110721
324 2.02620273372
325 2.39361468265
326 2.04442235347
327 2.19054570077
328 2.25649271568
329 2.0725373569
330 2.26975952
331 2.02697255617
332 2.40213948094
333 2.32747464689
334 2.5025963086
335 2.55236485822
336 2.65218216097
337 2.78244588886
338 2.58456848079
339 2.40141376124
340 2.39525658955
341 2.34664647922
342 2.53179495541
343 2.50903952026
344 2.4861612396
345 2.20964494469
346 2.3777400536
347 2.37688914445
348 2.79783640017
349 2.31384356571
350 2.1034041964
351 2.16290637145
352 2.35844379017
353 2.75744171757
354 2.77309137482
355 2.39918476986
356 2.24728397331
357 2.28195686928
358 2.3446343294
359 2.20804746325
360 2.50450465295
361 2.2225343689
362 2.18692936894
363 2.27037394203
364 2.286969916
365 2.16142665023
366 2.5743726533
367 2.23523451744
368 2.32574310334
369 2.17091344743
370 2.30729085137
371 2.51989588578
372 1.92001557268
373 2.46274667643
374 2.44586164881
375 2.37340281884
376 2.60382869033
377 2.55336575421
378 2.0444280386
379 2.20390252407
380 2.62399217782
381 2.67384317471
382 2.67076372549
383 2.49995962919
384 2.6927913244
385 2.88612829842
386 2.98476412957
387 2.98880851163
388 3.14684064062
389 2.81758969433
390 3.4684704079
391 3.15522262853
392 2.88521076435
393 3.18266346447
394 3.41319183572
395 2.79322189226
396 3.34955920238
397 3.02759139156
398 3.36235749468
399 3.14942182456
400 3.21190683184
401 3.09335087567
402 3.00070416649
403 3.24943490876
404 3.03168655576
405 3.24323223494
406 3.52805442084
407 3.76696660569
408 3.54574574261
409 3.20561034328
410 2.67449399249
411 2.98270893767
412 3.2240223905
413 3.24656846576
414 3.19714454952
415 3.07933318272
416 3.1370155729
417 3.02410096034
418 2.96919867965
419 3.35417796611
420 2.88625042469
421 3.03379374789
422 2.65560867265
423 2.90663584877
424 2.91293427543
425 3.03564650826
426 3.35023309993
427 3.28216409297
428 3.2165841281
429 3.16859125888
430 3.42784588826
431 3.05099353236
432 3.34519205932
433 3.30251763144
434 3.05878059249
435 3.36248261813
436 3.40970461026
437 3.13012109157
438 3.19966038187
439 3.35078605519
440 3.21037024743
441 3.17261863881
442 3.54043439161
443 3.2906297054
444 3.14562484169
445 3.49001387838
446 3.5039056661
447 3.25145420546
448 3.43589299097
449 3.34337073709
450 3.23592175747
451 3.03409384069
452 3.0842149818
453 3.41994133835
454 3.71907346494
455 3.66559353733
456 3.77246171798
457 3.75062415134
458 3.59736847621
459 3.76953720419
460 3.70374842755
461 3.42175797714
462 3.66318002798
463 3.18106614767
464 3.64264302512
465 3.6438860016
466 3.59274713853
467 3.61869496633
468 2.95865717035
469 3.43472881634
470 3.91251760363
471 4.11074792186
472 3.64695421216
473 3.62358399479
474 3.47801510232
475 3.94417844876
476 4.24569173435
477 4.06686950098
478 3.61654857626
479 4.22615588373
480 3.92036995532
481 3.64145222929
482 4.25430884923
483 4.08160236106
484 4.04976639278
485 3.85933303024
486 3.61619164735
487 3.74511705724
488 3.34378712857
489 3.52968040687
490 3.57047967399
491 3.35399607612
492 3.49741030133
493 3.5197096817
494 3.58083945344
495 3.40302789884
496 3.24850847702
497 3.19142516384
498 3.14470647483
499 3.20969464038
500 3.35440932296
501 3.32498024186
502 3.50093940497
503 3.35364741391
504 3.49475094511
505 3.7898695887
506 3.62664824889
507 3.43396052384
508 3.79542497407
509 3.44736767405
510 3.63119709967
511 3.45877071185
512 3.75216857855
513 3.72954672484
514 3.80112127903
515 3.77662332058
516 3.3527386788
517 3.60810351454
518 3.56635705098
519 3.35334052
520 3.53679275359
521 3.51673044332
522 3.1084768296
523 3.0112902407
524 2.85718150706
525 2.95335282036
526 3.07157765524
527 3.03231600234
528 2.76663247291
529 2.8360413341
530 2.65791126505
531 3.48773452939
532 3.42455519231
533 3.82503441861
534 3.52717399836
535 3.23242729431
536 3.035995207
537 2.96700766384
538 3.25811681682
539 3.08632886416
540 3.3855490979
541 3.41764970245
542 3.54121347221
543 3.38369157474
544 3.32030756933
545 3.49125724235
546 3.83884156119
547 3.67984883823
548 3.25825416648
549 3.37975788071
550 3.28986942703
551 3.43493064651
552 3.92900902622
553 3.81123297957
554 3.84484088189
555 4.07953001362
556 3.63647216899
557 3.45686191032
558 3.73924209608
559 4.03540343284
560 3.51407098999
561 3.58688166295
562 3.85177230687
563 3.81640852129
564 3.62176987873
565 4.02859728896
566 3.60207959004
567 3.80776678912
568 3.75288600649
569 3.11253971873
570 3.24670738264
571 3.23549360443
572 2.98877336644
573 2.92442016902
574 3.29136166905
575 3.50257318745
576 3.63420620479
577 2.77598735065
578 3.26334112719
579 2.76464206365
580 3.00337905902
581 2.73848565694
582 2.33892354986
583 2.2449257263
584 2.20148002759
585 2.15224347406
586 2.43772928665
587 2.3315999576
588 2.30650560294
589 2.5262882558
590 2.17765798002
591 2.3484177441
592 2.59753590713
593 2.7370014133
594 2.62891518239
595 2.67434067127
596 2.77710866623
597 2.40449825048
598 2.60307372152
599 2.36909562508
600 2.67520860674
601 2.55271593428
602 2.65748564789
603 2.32332663233
604 2.48271175575
605 3.10991965762
606 3.29185649631
607 2.94475985173
608 2.83813300126
609 3.02457014965
610 2.74099802636
611 3.10682870494
612 2.95013911872
613 3.12207237827
614 2.97902707277
615 2.78231710949
616 2.17563171956
617 2.39850276427
618 2.33989129759
619 2.71956696451
620 2.99527789747
621 2.74354467254
622 2.41525857519
623 2.21598745515
624 2.30427973074
625 2.57878267488
626 2.42887283865
627 2.43898089871
628 1.72602690253
629 1.96979649869
630 2.38236607711
631 2.60127775192
632 1.95205159272
633 2.34043083965
634 2.64336928723
635 2.3718239838
636 2.21131672287
637 2.33426404092
638 2.43179840632
639 2.68179781489
640 2.76079251455
641 2.45669930447
642 2.17417126129
643 2.53342543404
644 2.399098671
645 2.11101180194
646 2.84396483238
647 2.85208623667
648 2.32215733521
649 1.9072161163
650 2.31182381114
651 2.3631484789
652 2.00266477297
653 2.00203909624
654 1.88856473297
655 2.19459634399
656 2.60112491888
657 2.66334842819
658 2.85601455976
659 2.84546142655
660 3.16319458763
661 3.03220285351
662 3.32846593477
663 3.07787788199
664 3.53133075606
665 3.2321105727
666 2.85492980745
667 2.76275746774
668 2.80116630428
669 3.26247787728
670 2.70891065427
671 2.95304055027
672 3.13457909315
673 3.1376884664
674 3.26524291504
675 2.9666346623
676 3.12203771378
677 3.40028761394
678 2.94971158051
679 2.82893359333
680 2.74747925869
681 2.55165688413
682 2.42829050115
683 2.53253950338
684 2.841502373
685 2.94614924616
686 2.86605942303
687 2.77432414033
688 3.38793491197
689 3.00369562902
690 2.99590336566
691 3.12704167628
692 3.08652695309
693 3.376196036
694 3.13962565583
695 2.95387964601
696 3.26497287926
697 2.61873412389
698 2.76926837389
699 3.08810563142
700 2.73295712764
701 2.51640432812
702 2.58907417874
703 2.88675341393
704 2.576200102
705 3.16129112172
706 2.73716601132
707 3.06757910523
708 2.51045570356
709 2.49133290329
710 2.79100242467
711 2.33890213606
712 2.50969887005
713 2.61779406912
714 2.45671189859
715 2.4693795333
716 2.03461047401
717 2.19518453233
718 2.64357332388
719 2.86109430166
720 2.70079469625
721 2.75632713652
722 2.79769290414
723 3.06725368484
724 2.80179965962
725 2.75235822984
726 2.33956024415
727 2.84905146136
728 2.4828799475
729 2.55963629769
730 2.59437851545
731 2.0686314641
732 2.28664458366
733 2.36455957618
734 2.4095686598
735 2.67618798897
736 3.09678958759
737 3.24001172438
738 3.27432435419
739 3.11554834707
740 2.99113393379
741 3.28896514746
742 2.97205777818
743 3.2980686505
744 3.4370703618
745 3.30775826054
746 3.61050007208
747 3.30621604807
748 3.40282653091
749 3.70653968464
750 3.41404449753
751 3.29510413146
752 3.22589465617
753 3.28666388587
754 2.96153629839
755 3.18560227817
756 3.17011429417
757 3.47761969909
758 3.49847269208
759 3.67481001907
760 3.86919288217
761 3.58169397895
762 3.70883200466
763 3.69235664632
764 3.09151702463
765 3.26342063524
766 3.03519326302
767 2.86662839046
768 3.33726077883
769 3.30990434046
770 3.87834995648
771 3.64401286111
772 3.91980059132
773 3.58202584627
774 3.60971847194
775 3.04048643975
776 3.40213053315
777 3.67687119044
778 3.55789222508
779 3.39716831589
780 3.3240614851
781 3.69219596254
782 3.29034885572
783 3.09950659738
784 3.13841292936
785 3.09933750567
786 3.31825685769
787 3.13523021481
788 3.66956877514
789 3.95668950373
790 4.20251367238
791 3.71375931777
792 3.18421792392
793 3.48836701895
794 3.99449081438
795 3.84297268322
796 3.95385831141
797 3.64832050828
798 4.04136671436
799 4.98117636594
800 4.90514454853
801 4.51888323744
802 4.40675025299
803 4.32292752137
804 4.40763573085
805 4.10338066227
806 4.25005807429
807 4.52180170434
808 4.57923759807
809 4.46491512125
810 4.49548884456
811 4.8856670594
812 4.19189793056
813 4.1757063394
814 4.02901412401
815 4.15775833348
816 4.01874329945
817 4.35560497145
818 3.82789228063
819 4.32079364989
820 4.18198236795
821 4.42733243236
822 4.09599844313
823 4.13155731727
824 3.98431707126
825 3.64501609689
826 3.7397795407
827 3.83932756473
828 4.05450674651
829 4.31351051307
830 3.81262046756
831 4.04056616338
832 4.08762560181
833 4.36839957179
834 4.25401437512
835 3.99161882755
836 4.14562067626
837 4.09608638535
838 4.21867528614
839 3.94168071192
840 4.32878719072
841 4.05709270727
842 3.72118283136
843 4.15718008277
844 4.35162805828
845 4.25569739195
846 4.39292474873
847 4.41643730855
848 4.37244088424
849 4.16252755428
850 3.975827681
851 4.27562690838
852 3.90489961689
853 4.11570077807
854 4.00183365261
855 3.965768459
856 3.74222715435
857 3.7315677427
858 3.58249383177
859 3.63396490676
860 3.83041639299
861 3.81669797147
862 3.81884648312
863 3.87622072462
864 4.42159260994
865 4.59708504942
866 5.014998321
867 4.9884286185
868 5.0115346136
869 4.34365711712
870 4.35016905391
871 4.36574808225
872 4.19254437844
873 4.11616583801
874 4.24505028521
875 4.44757243105
876 4.31617165644
877 3.93649775181
878 3.9332598299
879 4.47259996677
880 4.55734496109
881 4.77879465949
882 4.57741082231
883 4.84679683586
884 5.3926886123
885 5.10269192908
886 4.7698901998
887 4.74443277229
888 5.16046155996
889 4.83647938664
890 5.04295998492
891 5.15699260741
892 4.85035970792
893 4.78360741724
894 4.61116014995
895 4.67539803962
896 4.9155348306
897 5.37738188418
898 5.4303277268
899 5.12869238329
900 5.312796173
901 5.37511913887
902 5.35550580422
903 5.23736352046
904 5.57948060571
905 5.86026272836
906 5.34892118843
907 5.35960543096
908 5.46956496833
909 5.41945907963
910 5.20289486474
911 5.64529580283
912 5.77252859738
913 5.77591578194
914 6.36315067455
915 6.55833890425
916 6.29089293589
917 6.4767085936
918 6.1092309603
919 5.95121963843
920 6.26234596201
921 6.2144032676
922 5.96059016576
923 6.00887087147
924 5.79925676954
925 5.98627042896
926 6.09325459979
927 6.31354949264
928 6.45083824638
929 6.30887176619
930 6.37930831751
931 5.77062206153
932 6.06945843591
933 6.47444003077
934 6.53373664366
935 6.30214506439
936 6.47311068186
937 6.27465252932
938 5.90122916443
939 5.95071990749
940 6.26476631529
941 6.35107413383
942 5.8999434819
943 5.93992746499
944 5.80683563851
945 5.96357967307
946 6.11762231433
947 5.94694597606
948 6.15431970065
949 5.72100411256
950 5.7293768779
951 5.71272290688
952 5.34873137824
953 5.79393132804
954 5.87149974967
955 5.82189204672
956 5.50428313978
957 5.47941553853
958 5.71196342479
959 5.81537211285
960 5.98042532913
961 5.77963784481
962 6.14168888547
963 6.65300333251
964 6.09948105018
965 5.86287257944
966 6.6876106925
967 6.08763777058
968 6.41057940254
969 6.09021678464
970 5.73425805756
971 5.79731681145
972 5.13636154169
973 5.50938356338
974 5.86103198971
975 5.89586864266
976 5.67699279927
977 5.48324698368
978 5.31396924977
979 5.25308357471
980 5.63701264106
981 5.85276693722
982 5.3889670265
983 5.23574430826
984 4.95942690582
985 5.01865567798
986 4.68699645259
987 5.07395246875
988 5.09380449415
989 4.80946200643
990 5.09378499261
991 5.4218715342
992 4.88213096938
993 5.23077418996
994 5.46553632271
995 4.80261890691
996 4.93843701512
997 4.99624778895
998 4.7446369284
999 4.85051821979
