0 0.0
1 0.221180216501
2 0.254138999392
3 0.12897389776
4 0.570579702213
5 0.253388433112
6 0.45964610245
7 0.537814562385
8 0.549207470334
9 0.357359187439
10 0.325627705968
11 0.619806302664
12 0.447828584379
13 0.554622959465
14 0.542439913254
15 0.5153013932
16 0.156782305229
17 0.29828898778
18 0.462389994358
19 0.416364115355
20 0.476134600939
21 0.317924945533
22 0.599576189809
23 0.52228973133
24 0.355238487556
25 0.262323444935
26 0.22434265697
27 0.138335619419
28 0.256219307705
29 0.325793023688
30 0.236513683721
31 0.155953462972
32 0.230746858195
33 0.254540324298
34 -0.0357875292387
35 0.00467957895546
36 -0.0864317840696
37 0.104455599974
38 0.253468851527
39 0.347759069366
40 0.182631871769
41 0.610507462475
42 0.393226889472
43 0.512233806759
44 0.412554812331
45 0.531069313895
46 0.307971529158
47 0.322512950286
48 0.349044224547
49 0.401834874528
50 0.51429994173
51 0.418161707816
52 0.485932816829
53 0.301640842171
54 0.312527087128
55 0.455312216874
56 0.304968067723
57 0.417152925018
58 0.353709873998
59 0.318051049477
60 0.383335425001
61 0.394947979443
62 0.302316849671
63 0.403577401196
64 0.503070477546
65 0.571573240129
66 0.767944668487
67 0.655272561019
68 0.381326189974
69 0.405080193104
70 0.333257499071
71 0.471862682241
72 0.61844845647
73 0.635579870678
74 0.409942281687
75 0.486344534748
76 0.475997903187
77 0.674029880141
78 0.548043829032
79 0.676958840007
80 0.541324618029
81 0.513348440474
82 0.264544997101
83 0.318315552772
84 0.210087686433
85 0.480198124887
86 0.378909785501
87 0.48408042665
88 0.601857680867
89 0.44581573482
90 0.492351022541
91 0.442101055754
92 0.552736802198
93 0.422272659009
94 0.458873165426
95 0.356966967238
96 0.244428469246
97 0.468309768104
98 0.362068790322
99 0.473517260915
100 0.426974770006
101 0.575052357253
102 0.362367839423
103 0.363310376175
104 0.564632021354
105 0.416600984462
106 0.556920917647
107 0.524517846906
108 0.715807258411
109 0.743050824202
110 0.549010921566
111 0.843049918031
112 0.849191200677
113 0.821586363681
114 0.789830464265
115 0.70772899126
116 0.526720487721
117 0.514355776339
118 0.824498832672
119 0.831267974683
120 0.451360555812
121 0.577907926268
122 0.421292278293
123 0.676105416051
124 0.658644409557
125 0.385275238941
126 0.522738163131
127 0.589577343517
128 0.646735360313
129 0.487115038742
130 0.488016193832
131 0.567209105656
132 0.381797823942
133 0.346940129133
134 0.345241386865
135 0.57720329279
136 0.639070223358
137 0.38405173115
138 0.553277595195
139 0.306333163777
140 0.476092191186
141 0.400853794944
142 0.340012266492
143 0.413165605484
144 0.36943589087
145 0.569230912469
146 0.22533107933
147 0.213957675761
148 0.202169383398
149 0.397741735505
150 0.479890158844
151 0.300794978016
152 0.512470686211
153 0.133361664584
154 0.495671331299
155 0.453503818743
156 0.296989815905
157 0.324294913189
158 0.759906814056
159 0.575888999859
160 0.653137331646
161 0.448486180405
162 0.496219382044
163 0.508826900164
164 0.643767584172
165 0.484688910069
166 0.565378838958
167 0.718988234866
168 0.444270702393
169 0.481685407462
170 0.304944789318
171 0.250732954518
172 0.300434367135
173 0.458455446442
174 0.329179402539
175 0.530971046774
176 0.478594507783
177 0.481931496225
178 0.236784568595
179 0.441817485034
180 0.215918809594
181 0.494972877335
182 0.242259523631
183 0.309514048922
184 0.343520671371
185 0.29744957145
186 0.480257629313
187 0.298398970745
188 0.361327926115
189 0.564038005893
190 0.648981209979
191 0.50498910641
192 0.449331302927
193 0.5398030999
194 0.594980465522
195 0.642083613593
196 0.819710013465
197 0.811222576423
198 0.759543920065
199 0.911686903626
200 0.807541625579
201 0.728619050227
202 0.909642952688
203 0.659680343415
204 0.780940110192
205 0.580003150519
206 0.731373277084
207 0.707576325896
208 0.731642917696
209 0.628427129956
210 0.593239610842
211 0.814961267061
212 0.66724040633
213 0.378193824831
214 0.550331172184
215 0.738651316214
216 0.60705817728
217 0.731866035729
218 0.709426527429
219 0.708827497659
220 0.706636408432
221 0.691776968884
222 0.577579313469
223 0.611062127639
224 0.658742847151
225 0.604073271057
226 0.414608353965
227 0.419277821333
228 0.622307101613
229 0.415628340997
230 0.411912889939
231 0.166220799161
232 0.709102495949
233 0.739788982223
234 0.515856902373
235 0.773861300852
236 0.753353928547
237 0.823895338925
238 0.822575377957
239 0.387671866999
240 0.457852611542
241 0.59890350311
242 0.729410827399
243 0.699066481288
244 0.750013655677
245 0.697357306747
246 0.815245938012
247 0.350531823327
248 0.630981153175
249 0.634465845465
250 0.453543726558
251 0.687710383169
252 0.720452373115
253 0.542810276815
254 0.616777244266
255 0.588309576729
256 0.41772364193
257 0.7357056601
258 0.657745888791
259 0.790837701338
260 0.773447922236
261 0.890681270047
262 0.568193420285
263 0.744689579585
264 0.302504076028
265 0.469901624688
266 0.639105983705
267 0.736588442895
268 0.691139911356
269 0.768389977377
270 0.444105885184
271 0.35059302259
272 0.552552411784
273 0.428859083645
274 0.483013621681
275 0.81724240468
276 0.539071610041
277 0.659905487911
278 0.770526728282
279 0.7325943743
280 0.631137382226
281 0.699391485013
282 0.66391369764
283 1.08618185924
284 0.985700919584
285 0.640734470471
286 0.702508685948
287 0.62430498102
288 0.692082267449
289 0.545443258188
290 0.93442904864
291 0.533115655934
292 1.05910117166
293 0.776906746028
294 0.664232395064
295 1.00012460993
296 0.348623379839
297 0.342432591702
298 0.836973352121
299 0.787398872935
300 0.864533048439
301 0.629485972993
302 0.728125033292
303 0.656941203903
304 0.649233854524
305 0.878394920668
306 0.755547176113
307 0.63882340951
308 1.13696645616
309 1.37117790631
310 1.2757087142
311 1.2356513078
312 1.47278616159
313 1.23174578286
314 1.34146102908
315 1.46098166472
316 1.33325727412
317 1.3445037305
318 1.59897147165
319 1.67854020686
320 1.96518046127
321 1.93724588432
322 1.63693385166
323 2.11622503649
324 1.80343892167
325 1.86140444828
326 1.50431518782
327 1.93099492182
328 1.73357367758
329 1.64961718157
330 1.70934369167
331 1.65044094029
332 1.5658664537
333 1.72878536894
334 1.65333591323
335 2.16652321248
336 2.08464594325
337 2.0726445086
338 1.73053539391
339 1.59317141785
340 1.7141597645
341 1.55327363225
342 1.79722914665
343 1.83935611637
344 1.87747352553
345 2.16334165492
346 2.3122305892
347 2.68385782633
348 2.43946595693
349 2.60239538101
350 2.49625898471
351 3.01701357652
352 2.62614844274
353 2.69594108884
354 3.01690845571
355 3.41315598332
356 3.20195136714
357 2.76593444563
358 2.92149091648
359 2.92621689143
360 2.71647664889
361 2.59654824896
362 2.72194149379
363 2.35056938164
364 2.82175352706
365 2.32743215437
366 2.17994002744
367 2.75374084541
368 2.43358936248
369 2.76338935173
370 2.66154975372
371 2.90640194877
372 2.84184413982
373 2.67680611216
374 2.70980583986
375 2.88554010841
376 2.78787547727
377 2.79183655989
378 2.75127839872
379 2.71299714583
380 2.76021501169
381 2.68417635991
382 2.88426773231
383 2.95843383931
384 2.74118698695
385 2.65711491323
386 2.5151995723
387 2.59958496711
388 2.24285590502
389 2.63534888396
390 2.32851384352
391 2.6887809077
392 2.78928700572
393 2.89641731534
394 2.69527537325
395 3.08776840688
396 3.15504608623
397 3.06515669168
398 3.28570262252
399 3.00578098876
400 2.89005514417
401 3.08341545588
402 2.84651172449
403 2.99955713711
404 2.79612430293
405 3.49436202062
406 3.41868014578
407 3.85489618423
408 3.94835158665
409 3.80122187151
410 3.65161982297
411 3.57520997711
412 4.21649009624
413 4.31187488331
414 4.24917270385
415 4.26605024504
416 4.18926617462
417 4.21738322923
418 4.15725044597
419 3.77823437839
420 3.47196166714
421 3.37212048342
422 3.61977919841
423 3.26016398947
424 3.77424227613
425 3.39204462012
426 3.60136422341
427 3.7186079257
428 3.66630059734
429 3.74579326782
430 3.56056116321
431 3.91144022626
432 3.72199991157
433 3.83043824891
434 4.23317160195
435 3.92182711962
436 3.91436660852
437 4.14486451707
438 4.38523004412
439 4.22779159925
440 4.82371541424
441 4.79143824424
442 4.54630972755
443 4.8543627878
444 4.78761330723
445 4.42580871444
446 4.55111465209
447 4.55945715642
448 4.71443038916
449 5.30697897368
450 5.20664765268
451 5.47403919144
452 5.17946784205
453 5.03893765399
454 5.32194040332
455 5.63678541808
456 5.61719734249
457 5.74685243024
458 6.04949042534
459 5.863354308
460 5.65386792965
461 5.17602933516
462 5.67414861207
463 5.42234918357
464 5.45791687444
465 5.24262798018
466 4.98155979699
467 4.59823008684
468 5.07881504764
469 4.43817968737
470 4.28904139504
471 4.02383112336
472 3.78575911354
473 4.19654333978
474 4.33013148874
475 4.57904023176
476 4.45370113797
477 4.88614489428
478 4.92228530498
479 5.06099635125
480 5.35496221327
481 5.13329849282
482 5.44445442267
483 5.15570512724
484 4.85469736505
485 4.58132441319
486 5.00694647576
487 4.68508132345
488 5.01063278621
489 5.09615464429
490 5.37502452008
491 5.18009241092
492 5.15073863651
493 5.64920072736
494 5.40856802116
495 5.12154628701
496 4.80753976383
497 4.8465443094
498 4.6457515065
499 5.28033708148
500 4.83191204886
501 4.91450325429
502 5.05299049214
503 5.08221064485
504 5.12621209011
505 5.51295148751
506 5.1616627808
507 5.23234739689
508 5.1545942877
509 5.11994522271
510 5.54821919306
511 5.10889733848
512 5.25629219538
513 5.44824313983
514 5.08133305233
515 5.43652051795
516 5.89010606567
517 5.10147303072
518 4.71631546952
519 5.1859286826
520 5.39006681837
521 5.14147302828
522 4.76460184899
523 4.61722278074
524 4.2654182881
525 4.16171038414
526 4.58781637742
527 4.70391004048
528 4.4378620571
529 4.38337204749
530 5.11834513834
531 4.91280529857
532 5.24863086152
533 5.32952193646
534 5.11747541453
535 5.09959710966
536 4.49628146735
537 4.64030063457
538 5.02341975978
539 4.51836640873
540 4.40216450975
541 4.32822775802
542 4.41727007525
543 4.31830013044
544 3.88727853425
545 4.33819402658
546 4.11690931763
547 4.18301291636
548 4.18978328795
549 4.25882941683
550 4.40822304715
551 4.15687489997
552 4.60001532548
553 4.42518951906
554 4.90566772049
555 4.93082234952
556 5.58142409286
557 5.46416880413
558 5.61991514202
559 5.08215431038
560 5.57425914711
561 5.29459680534
562 5.28883740582
563 4.83669186867
564 4.97054039507
565 4.9425519661
566 5.46785510879
567 5.08706269907
568 5.19759496175
569 5.38905654285
570 5.35173781229
571 5.59108039951
572 6.00364198469
573 6.08972973969
574 5.80377615476
575 6.31209270862
576 6.13722475512
577 5.88233859567
578 5.5979474555
579 5.9418502462
580 6.23532548692
581 5.91587989997
582 6.30257117346
583 6.47185077317
584 6.98002360547
585 6.81857938536
586 6.98377762106
587 6.85394639966
588 6.89317576723
589 6.82443068993
590 6.77664828575
591 6.87560443306
592 6.59262420213
593 7.16018969049
594 6.95428088937
595 7.20050703757
596 7.03390925846
597 6.99018580236
598 6.67975224
599 6.55874563725
600 6.52973641944
601 6.5772014628
602 6.65707427524
603 6.55671791758
604 6.57792662007
605 6.51556845076
606 6.53230805164
607 6.49044759612
608 6.53810550146
609 6.81526527746
610 6.66145199992
611 6.72711759249
612 6.70783051702
613 6.66752823459
614 6.84152852975
615 6.52321725729
616 6.35698289185
617 6.74262249821
618 6.2557296905
619 6.29003284415
620 6.4591512885
621 6.24656992994
622 6.57251980028
623 6.38140750026
624 6.70357104968
625 7.07237264148
626 6.76328450436
627 7.0539597827
628 6.93781616098
629 6.9236236541
630 7.18842358286
631 7.14294836488
632 7.10345274518
633 7.00412532116
634 6.80991083397
635 6.52149918493
636 7.0736484044
637 6.96744921154
638 7.30721108497
639 7.64781480334
640 7.10100302523
641 7.4398581305
642 7.7653167512
643 7.84434930068
644 7.6582010447
645 7.27667277073
646 7.52607846211
647 7.96813717138
648 7.62349642506
649 7.89196964611
650 7.81045579661
651 7.7329433799
652 7.56460658339
653 7.49336411492
654 7.26930786696
655 7.26512703657
656 7.47544917878
657 7.7071678608
658 7.27446576982
659 7.42873151658
660 7.5370841217
661 7.63883538851
662 7.61985146866
663 7.73189965806
664 8.17066472637
665 7.99320315359
666 8.79484952983
667 8.8639984369
668 9.17517726624
669 9.10001801424
670 8.95084330341
671 8.85511572319
672 8.97068921844
673 8.56943086537
674 8.61673194913
675 8.56087188628
676 8.22318197554
677 8.10251810407
678 8.60214995817
679 8.82511046205
680 9.06961184982
681 8.76623728853
682 8.77026361701
683 8.37924050417
684 8.25567172717
685 8.10583362709
686 8.60506822693
687 8.44479978766
688 8.12864962098
689 7.99939467857
690 7.67581677647
691 7.79819464044
692 7.58945575696
693 7.54441904056
694 7.46584085129
695 7.52783233099
696 7.69165005968
697 7.11143386252
698 7.56550070891
699 7.63783704447
700 7.77395992814
701 7.48810485091
702 7.95317414349
703 7.70147870993
704 8.33990016211
705 8.1159814923
706 8.2118325687
707 8.02532157578
708 8.04882602972
709 7.53440557415
710 7.59376782826
711 7.35269395884
712 7.46226120883
713 7.20970556023
714 7.44495608017
715 7.78197804793
716 7.74157257379
717 7.59826881964
718 7.51886889002
719 7.346213604
720 7.74416866875
721 7.76670878138
722 8.14606310985
723 7.98672725785
724 8.39798611257
725 8.60382993239
726 8.87984196912
727 9.22176237296
728 8.94639391023
729 8.92267287821
730 8.99683979126
731 9.08245247884
732 9.53338542263
733 9.08101518301
734 9.03650752313
735 9.73532122702
736 9.8781232074
737 9.70928621763
738 9.74489049169
739 9.77186707635
740 10.0377286907
741 9.92157577211
742 9.33299010968
743 9.49921556408
744 9.39205447911
745 8.96183265459
746 9.67861770664
747 9.68330073801
748 9.41790458359
749 9.64560805937
750 8.88887531257
751 9.03000851082
752 9.6081851102
753 9.75123794438
754 9.96915669042
755 10.2215087003
756 10.4565810405
757 10.7862135074
758 10.6944278888
759 10.4603322413
760 11.3210920746
761 11.4754927208
762 11.0906691615
763 11.0127744847
764 11.0032494037
765 11.5369561515
766 11.3821393213
767 10.8592613631
768 10.4782786995
769 10.504705742
770 10.1776826996
771 10.5287951249
772 11.1393367484
773 11.2553565436
774 11.2063848455
775 10.5957004377
776 10.9706753288
777 10.5021235261
778 10.4116612127
779 10.3803739938
780 9.87162867151
781 9.86524625436
782 9.5802034848
783 10.0003963705
784 10.1209031135
785 10.1568207093
786 9.95034675292
787 10.1720454621
788 10.6013817781
789 10.1306066144
790 9.84355417475
791 10.2726515045
792 10.3488856017
793 9.95678485834
794 10.0919149589
795 10.5152048054
796 10.5765475283
797 10.4195784679
798 10.2722980584
799 10.7435497362
800 11.3810306047
801 11.6287324922
802 12.5794391406
803 12.4683566584
804 12.3380355959
805 12.8303581139
806 12.3366686209
807 12.8769759201
808 12.5519536512
809 12.0163315777
810 12.2089544549
811 12.1913023029
812 12.4837715098
813 12.5241432931
814 11.7596654729
815 11.2061166076
816 12.0993247957
817 11.8884165079
818 11.6698247317
819 12.5493977286
820 12.9726068108
821 12.6114197847
822 12.9614663271
823 12.7060255664
824 12.7054064576
825 12.6895607596
826 12.7457291172
827 12.6074212276
828 12.6319458611
829 12.2372226462
830 12.038298112
831 11.8625651193
832 12.3478387778
833 12.2220110327
834 12.3251065704
835 12.4251149059
836 12.2404890916
837 12.7655472582
838 12.6803080213
839 13.1179894918
840 12.9623221439
841 12.2908634831
842 12.0338729638
843 11.9114015305
844 11.9813989739
845 11.7886965751
846 12.1536079357
847 11.9182788444
848 12.122295336
849 12.0339513452
850 12.118777976
851 12.1004204114
852 12.181219796
853 12.6949473124
854 13.0414755103
855 12.6518474578
856 12.0746220859
857 12.0503750577
858 12.3777534472
859 12.749789558
860 12.2615943106
861 11.7242283312
862 11.6255570757
863 11.8569758671
864 12.2746497545
865 12.1418105296
866 12.0879943774
867 11.7193128407
868 12.2259965656
869 11.853797016
870 12.0008795759
871 11.4854341254
872 11.5256891813
873 11.3799660318
874 10.9427170836
875 11.0230556058
876 11.1588866372
877 11.4014565118
878 11.4185405346
879 11.0868029503
880 10.9150257937
881 10.9247159222
882 10.5216810812
883 11.0709916457
884 11.0790151332
885 11.1324091082
886 11.5019506681
887 10.9128076297
888 10.8986606024
889 11.413274779
890 11.1028937898
891 10.7536950358
892 10.5630112448
893 10.1577800818
894 10.3356344513
895 9.98870852912
896 10.2249472504
897 10.6515931511
898 10.3425201442
899 10.1194785886
900 10.612924121
901 10.6204934021
902 11.0846584314
903 11.4936324948
904 11.5988024804
905 11.5085212157
906 11.7068275838
907 11.8114003239
908 10.8367542301
909 10.7455038112
910 11.1861832863
911 11.5627790657
912 11.6813199873
913 12.0592650863
914 11.6070910705
915 10.9615515103
916 11.3835493261
917 11.524949577
918 11.6333786972
919 11.4496141605
920 12.3815632261
921 12.372987409
922 12.2463429233
923 11.7665847072
924 11.8401794881
925 12.2914332733
926 12.0188222253
927 12.1441408542
928 12.4680243344
929 12.3521079808
930 12.1413085768
931 12.8233465342
932 12.7902488152
933 12.7711167137
934 12.6835594339
935 12.579262569
936 12.6024888849
937 11.9401717352
938 11.8146826093
939 12.4084870414
940 12.6523160077
941 12.786149665
942 12.530963512
943 13.1426990408
944 13.0593990382
945 13.1505168681
946 12.91759006
947 12.8700783016
948 12.8251943625
949 12.8211399372
950 13.0167358552
951 13.5886525751
952 13.4068864373
953 13.5381866661
954 13.2528709078
955 13.0547742812
956 13.8425082707
957 14.3311690093
958 13.6278038373
959 13.9581312216
960 14.2015553435
961 13.9970553467
962 13.3797170518
963 13.1072999168
964 13.0714229535
965 12.8436521052
966 13.2834808051
967 13.677946638
968 13.3760647124
969 13.5022542099
970 13.3620918143
971 13.4400611809
972 13.6485095409
973 13.9657057754
974 13.6791670803
975 13.9664381031
976 13.9488634933
977 13.4400774976
978 13.6048520285
979 14.0020204304
980 14.4291121704
981 13.6406074515
982 13.640498066
983 13.8792049395
984 14.0515300518
985 13.5215062691
986 13.8205762634
987 12.9629495717
988 13.0342987373
989 12.8713248888
990 13.5380850329
991 13.2330780374
992 13.0876374879
993 13.0256240653
994 13.291465938
995 13.2515696112
996 13.0473035435
997 13.1833053455
998 13.2532053825
999 13.2134098933
