0 0.0
1 0.0931247806676
2 -0.280744280034
3 -0.185041599349
4 -0.1679384251
5 0.166931766667
6 -0.00375716839016
7 0.10609484488
8 0.0127945661261
9 0.0339581950904
10 -0.01469988074
11 -0.317990897622
12 0.0452074968323
13 0.0912308714255
14 0.0779852033912
15 -0.0831347137988
16 0.285016598463
17 0.175541760922
18 0.0622908968319
19 0.0260217031683
20 0.208985653736
21 0.121822176839
22 0.335366810424
23 0.472934937316
24 0.290990896008
25 0.386993483838
26 0.309390216339
27 0.192498635648
28 0.211478317299
29 0.181408805029
30 0.483007051066
31 0.0958695709697
32 0.277198359359
33 0.168208257588
34 0.114477590302
35 0.140831560255
36 0.223862427422
37 0.0894836712357
38 0.123125415471
39 0.397480872897
40 0.11996000138
41 0.2352931741
42 0.0274865304279
43 0.210863847723
44 0.14953172185
45 0.022118113944
46 0.1970516905
47 0.105955738875
48 0.0915362652763
49 0.0724109930621
50 -0.105007779569
51 0.0925562200958
52 0.156514105008
53 -0.124146347194
54 -0.238273944187
55 -0.00393929851566
56 -0.184510200302
57 -0.0715054618436
58 -0.0925891008829
59 -0.221227934325
60 -0.00139205345942
61 -0.31815432414
62 0.0211042794074
63 -0.0666960536518
64 -0.0822850823953
65 -0.0843813617345
66 -0.243371689163
67 -0.106374672285
68 0.0116617905969
69 -0.0294834895863
70 0.103854509302
71 0.120104193357
72 0.0362544701498
73 -0.194689574385
74 0.288558674757
75 -0.17726400025
76 0.159508089334
77 0.150079393688
78 0.0268097083949
79 0.362454126405
80 0.404019540857
81 0.258698566534
82 0.0694547513501
83 -0.0349282544839
84 0.31884469873
85 0.407040683673
86 0.265981674666
87 0.0784717235886
88 0.242676378334
89 0.0193527522499
90 0.0435462471139
91 0.0511338330242
92 0.0485444506801
93 -0.175616108655
94 -0.28714628854
95 -0.075868394681
96 -0.0474794000577
97 -0.173282250358
98 0.27298964568
99 -0.0538130865225
100 -0.0527480321113
101 -0.101962616389
102 -0.0651092648761
103 -0.17211877511
104 0.143563256882
105 -0.26069016534
106 -0.0729614046521
107 0.108576183998
108 0.0273706522264
109 0.360373036332
110 0.322070204005
111 0.490059763813
112 0.130904699434
113 0.0458223835386
114 -0.0307405609033
115 0.437287980459
116 0.424375536535
117 0.102439961424
118 0.0963543728467
119 0.165243986327
120 0.161921766017
121 0.195338200125
122 0.237778123894
123 0.425547418117
124 0.321748857658
125 0.461824141885
126 0.141247870178
127 0.159801835625
128 0.113813710564
129 -0.0900683574745
130 0.0535081625455
131 -0.0846882177043
132 0.0475401078593
133 0.21294738564
134 0.189435036227
135 -0.00736786512564
136 0.0010901820469
137 0.277461335224
138 0.131296115148
139 0.333414129856
140 0.0771517928465
141 0.413489453203
142 0.234190020661
143 0.322867757826
144 0.393955189712
145 0.649431084566
146 0.296871801358
147 0.187177398585
148 0.688978763136
149 0.299977324221
150 0.301417564506
151 0.591763671377
152 0.383664872954
153 0.052900457368
154 0.250204635774
155 0.295056107324
156 0.1702728933
157 0.216943540222
158 0.0955686628232
159 -0.0336760372201
160 -0.0847298655302
161 0.33923718003
162 0.171302143105
163 0.349226075965
164 0.471045273058
165 0.466926400482
166 0.582762776778
167 0.533213603135
168 0.2125094142
169 0.441843614044
170 0.664784658816
171 0.400345986714
172 0.294163229297
173 0.211671433596
174 0.261424486173
175 0.455973807752
176 0.293172576326
177 0.350620314685
178 0.627116668633
179 0.620532309296
180 0.843663001508
181 0.863325198772
182 0.507041667317
183 0.914026793877
184 0.77462777443
185 0.99320239876
186 0.662695438446
187 0.830374215874
188 0.733555540505
189 0.776087339615
190 1.2007706176
191 0.801326132414
192 1.19862790558
193 1.42192828341
194 1.21994533536
195 1.04025843774
196 1.15027306119
197 1.10315549001
198 1.05674053905
199 1.41647042283
200 1.24862774821
201 1.26382168059
202 1.22072630108
203 1.17339334772
204 1.21725725767
205 1.38447920203
206 1.00897444892
207 1.111864885
208 1.020485319
209 1.23864088472
210 1.12262445071
211 1.11173729839
212 1.32328615414
213 1.5171813415
214 1.1088571391
215 1.24514062157
216 1.22792210144
217 1.30101256342
218 1.141232874
219 1.38299910757
220 1.37954709129
221 1.61928535576
222 1.47794480255
223 1.52714214856
224 1.26612256404
225 1.30178761227
226 1.0990419926
227 0.940847674497
228 1.12104806859
229 1.43613512827
230 1.08353885594
231 1.18954715346
232 1.18833670038
233 1.44976375671
234 1.17400386479
235 1.13769803899
236 1.02114636387
237 1.02543346031
238 1.15657680346
239 0.948079030275
240 1.32576462243
241 1.37980065072
242 1.25215408246
243 1.11676953903
244 1.66418596841
245 1.26936543308
246 1.42831274288
247 1.63499976925
248 1.5568572277
249 1.45647715107
250 1.59359416457
251 1.4100585468
252 1.48850904452
253 1.6346220823
254 1.51208640808
255 1.46546840528
256 1.28883216714
257 1.30445147808
258 1.18250880496
259 1.56320989791
260 1.69079968751
261 1.21998659247
262 1.37776945828
263 1.28710412272
264 1.48789222585
265 1.22920619971
266 1.40508320044
267 1.73447727333
268 1.58191329135
269 1.74164562963
270 1.75070682372
271 1.84741281122
272 1.58053553653
273 1.92157404033
274 1.51288020708
275 1.98281590631
276 1.43849018392
277 1.58627760492
278 1.36615689825
279 1.39150610903
280 1.60951089257
281 1.418450706
282 1.29741692414
283 1.50284448778
284 1.74481965102
285 1.38733136467
286 1.42374712833
287 1.54024964481
288 1.80489163276
289 1.45625833685
290 1.67133605564
291 1.5760682929
292 1.65651843588
293 1.29466356935
294 2.01568205086
295 1.32189458401
296 1.61348032516
297 1.58518647518
298 1.69311901455
299 1.07514498934
300 1.61855948322
301 1.65056038306
302 1.61585407904
303 1.52101415308
304 1.85896137391
305 1.67838166649
306 1.93653106511
307 1.7560097074
308 1.67566845143
309 1.62358001783
310 1.51480795887
311 1.25305322052
312 1.3898552351
313 1.13562599384
314 1.19727012483
315 1.62361919692
316 1.6353125349
317 1.49361150056
318 1.78972059417
319 1.93660518156
320 2.01965192113
321 1.92786031807
322 1.44248393156
323 1.27935616128
324 1.32923255573
325 1.38983806272
326 1.0018735778
327 1.20223167619
328 0.893243438709
329 1.04328133085
330 1.20578344211
331 1.46200443863
332 1.35251891455
333 1.42870493908
334 1.25587333981
335 1.23164735599
336 1.45077643969
337 1.28767106226
338 1.62104181073
339 1.34475621298
340 1.02098269775
341 1.65758343538
342 1.5037573515
343 1.6020346343
344 1.83524783554
345 1.41289998932
346 1.37030862917
347 1.40243467731
348 1.48769047642
349 1.446135798
350 1.78017188296
351 1.52543191264
352 1.61506243617
353 1.55726835355
354 1.45478537123
355 1.44820429969
356 1.22574071021
357 1.58833750228
358 1.33950096372
359 1.58028966815
360 1.44819684206
361 1.3852476164
362 1.21985489338
363 1.71891392576
364 1.58904093866
365 1.57241881064
366 1.29863670125
367 1.32553213838
368 1.42638868124
369 1.36327549353
370 1.70059684496
371 1.62682455469
372 1.3547218681
373 1.58775817769
374 1.56502551914
375 1.96229486748
376 2.02100950764
377 2.13285673618
378 1.65293098424
379 2.0256071387
380 2.17971328165
381 2.89621899298
382 2.70039161712
383 2.77525424954
384 2.40809976389
385 2.42598047815
386 2.19977092334
387 2.27622342434
388 2.11964011395
389 2.15475261478
390 2.34625536489
391 2.17637145849
392 1.88968976253
393 2.18697325089
394 1.85206699642
395 2.45843781616
396 2.40565455069
397 2.05510400966
398 2.35202802615
399 2.48628838551
400 2.461819109
401 2.67144646983
402 2.56499966248
403 2.54724538856
404 2.61072863062
405 2.754930976
406 2.5787932952
407 2.78173333678
408 2.82075138046
409 3.06765072259
410 2.85694846117
411 2.74759699828
412 2.9605824005
413 2.95437954305
414 3.14002932716
415 3.30082561623
416 3.19005201253
417 2.98262697307
418 2.99799997289
419 3.17091010584
420 2.80738385621
421 3.18388881328
422 3.0921953674
423 3.12797971581
424 3.381044654
425 3.40429032847
426 3.284513059
427 3.29512733405
428 3.74241343439
429 3.37330517359
430 3.44614279339
431 3.66253216757
432 3.75451697435
433 3.81697715929
434 4.62053326226
435 3.5346436121
436 3.41465418163
437 3.69463558009
438 3.39443671352
439 3.59141933153
440 3.24856511207
441 3.39692411306
442 3.4187129455
443 3.06440189295
444 2.9083679666
445 3.32106967982
446 3.54369774891
447 3.53210536681
448 3.3317371805
449 3.61001880143
450 3.71020801495
451 3.55187665249
452 3.51352307271
453 3.50084000827
454 3.39142133453
455 3.74287211416
456 3.90865708017
457 3.65510043304
458 3.48071205194
459 3.28277825208
460 3.24022331219
461 3.46225422429
462 3.19956937561
463 3.73324415709
464 3.69434823418
465 3.81804690847
466 4.27465440107
467 4.09010080365
468 4.26829270271
469 4.01811303582
470 3.84697712686
471 3.94189777244
472 4.24266957899
473 4.62779177476
474 4.76390433911
475 3.88070238298
476 4.0780287496
477 4.25083571193
478 4.16428106803
479 4.3171534618
480 4.08397929256
481 4.24141053439
482 4.28089978515
483 4.44475562813
484 4.68763793577
485 4.60809315553
486 4.40842180748
487 4.72676336762
488 4.98264326461
489 4.92552226389
490 5.45281948494
491 4.77739975531
492 4.73270729658
493 4.77817974959
494 4.62746242451
495 4.91656055155
496 4.61515762292
497 4.88733787518
498 4.79088637354
499 4.84263601355
500 4.47007513162
501 4.49792918183
502 4.75537631269
503 4.94490395359
504 4.54487505578
505 4.36966855453
506 3.68417569628
507 3.87196536251
508 3.75897520255
509 3.84185289249
510 3.79698826366
511 3.61079798206
512 3.27615372131
513 3.55066509888
514 3.16013949938
515 3.58531114957
516 3.73599403018
517 3.34902608879
518 3.63362488965
519 3.78081738363
520 3.74421555197
521 3.40387167393
522 3.53248738629
523 3.44416123697
524 3.62293976812
525 3.42164970073
526 3.53709499975
527 3.89997180923
528 4.07916164528
529 3.75493929926
530 3.96472417027
531 3.61525313576
532 3.71825976921
533 3.44682711011
534 3.75486392694
535 4.0224175776
536 3.73660701068
537 3.84421907996
538 4.14105796642
539 4.06374916747
540 4.24204551733
541 3.58567457515
542 3.52343690843
543 3.82496145278
544 3.59845825321
545 3.73680749487
546 3.90176180107
547 4.17380709524
548 4.34749043077
549 4.18211739813
550 4.10799448767
551 4.42655235627
552 4.00465908992
553 4.51607339189
554 4.21964526065
555 4.35726240993
556 4.34089618694
557 4.38526390264
558 4.59403122057
559 4.25379075
560 3.91541398961
561 4.66936350954
562 3.92590599637
563 3.74676446558
564 3.41821455061
565 3.70833568528
566 3.61607206878
567 3.41514213044
568 4.08284152934
569 3.82672500811
570 3.30564169753
571 2.98411008349
572 3.60743226238
573 3.18598643977
574 3.43121550806
575 3.67859220011
576 3.27811940736
577 3.37657108949
578 3.22236440002
579 3.61631205245
580 3.82383462339
581 3.97993913936
582 3.67180449835
583 3.61654107509
584 3.43277159212
585 3.61471639279
586 3.64233007662
587 3.57747441814
588 3.0501256025
589 3.03244286513
590 2.75962070551
591 2.92678720235
592 2.99659989266
593 3.02596452319
594 2.87367391034
595 3.32466140497
596 3.4879567065
597 3.24871747278
598 3.08282490105
599 3.50097246623
600 3.96487935845
601 3.56079544976
602 3.19281508298
603 3.65407491599
604 3.34433341628
605 3.75360682788
606 3.81340188672
607 3.72433066049
608 3.9068522365
609 3.93740478994
610 4.00871418362
611 4.22555235106
612 3.89655636466
613 3.46339425013
614 3.97352445934
615 4.00013242862
616 3.88775779922
617 3.72171623177
618 4.21974848974
619 4.01783852815
620 3.80247156793
621 3.89889355197
622 3.85174220131
623 3.56677410393
624 3.7627764836
625 3.94902248039
626 3.82078748068
627 3.16582782028
628 2.86023245083
629 3.22679750963
630 3.34367986277
631 3.46690003799
632 3.74612442816
633 3.42882834671
634 3.75417786149
635 3.25150306458
636 2.90901932706
637 2.90677336449
638 3.10338264237
639 3.42164995833
640 3.31348937811
641 3.13426077534
642 3.52159819995
643 3.56656544138
644 3.49029625481
645 3.55890918627
646 3.22987452306
647 3.60774872529
648 3.56960195065
649 3.62596589526
650 3.45353011144
651 3.42536111793
652 3.7348769849
653 3.59560084253
654 3.10943489509
655 3.04418968479
656 3.13958139923
657 3.35178110496
658 2.9943310961
659 3.31622763948
660 3.04065326546
661 2.86324665587
662 2.92664012423
663 2.8367957918
664 2.95550607388
665 3.24680109329
666 3.12847873625
667 3.2319403434
668 3.34972617386
669 3.41731115042
670 3.84140143182
671 3.87708408792
672 3.94999582238
673 4.10824295455
674 4.06009272854
675 4.36160801592
676 4.21651538566
677 4.60738521665
678 3.96871441785
679 4.25810562561
680 4.02430299114
681 3.82294583244
682 4.26453921529
683 4.11751590672
684 3.72140379535
685 3.39052396915
686 3.01479451503
687 3.09061144189
688 3.37658515986
689 3.55445759244
690 3.34536190817
691 3.34896481216
692 3.28701503758
693 3.36237312497
694 4.0271923032
695 3.79979960303
696 4.05161260888
697 4.16496121151
698 3.79098521943
699 3.83334848642
700 4.05357819006
701 4.0832636864
702 4.1130207477
703 3.41516234272
704 3.25998784569
705 3.15412432898
706 3.15119348551
707 3.8401126559
708 4.01414624895
709 3.68376162252
710 3.72441521689
711 3.19283699444
712 3.74258684678
713 3.55527855173
714 3.85939799068
715 3.61779290022
716 4.09968953832
717 4.49704523438
718 4.24144753455
719 3.73508347846
720 3.66088402274
721 3.65196309908
722 3.79849364535
723 3.51218130183
724 3.9208302306
725 3.6908378016
726 3.80404251403
727 4.00631742424
728 4.09241659877
729 3.9313432223
730 4.24951143213
731 3.8738337568
732 3.87686051608
733 4.08077653027
734 4.09392475719
735 3.85573304427
736 4.04145955638
737 4.2411973558
738 4.49965838544
739 4.29927233766
740 4.01659356674
741 4.80572760514
742 4.53683734136
743 4.73443737363
744 5.23290320807
745 5.57941447663
746 5.60841814888
747 5.45390132321
748 5.78887949743
749 5.96381057335
750 6.23461109592
751 6.50789642231
752 5.57293306117
753 5.89856761771
754 5.52402993031
755 5.62138340538
756 5.6974289671
757 5.37786284064
758 4.8497912231
759 4.67783012092
760 4.87295403435
761 5.14849554931
762 5.01748726598
763 5.07669675265
764 5.41885667542
765 5.4225806825
766 4.87016752073
767 4.85270044765
768 5.08405129953
769 5.02551740683
770 4.83475481447
771 3.95056142649
772 4.08027221127
773 4.10581896507
774 3.79102366584
775 4.29509631367
776 4.37337108609
777 4.21207814462
778 4.1411115069
779 4.70034679359
780 4.80933749977
781 4.46540060009
782 3.58963993443
783 3.19280981718
784 3.77811353395
785 3.26289440142
786 3.42663625266
787 3.70314613956
788 3.37329992408
789 3.54603488655
790 3.31304896661
791 3.3188637992
792 3.32642554875
793 3.03113822209
794 3.19391543951
795 2.81306346072
796 3.11253115669
797 3.53379063044
798 2.81424791941
799 3.17041226971
800 3.0400509689
801 2.6780651573
802 3.23393261742
803 3.60320025983
804 3.31462792452
805 3.261981201
806 2.9370200484
807 3.12646044119
808 2.96153214669
809 3.43673965954
810 3.78861962997
811 3.79494498632
812 3.55626545805
813 3.17950988657
814 3.70663826225
815 3.95616118464
816 3.61617070727
817 3.3248340751
818 3.47375032991
819 3.7779646284
820 4.1002774639
821 4.30001689798
822 3.98141310444
823 4.48992860204
824 4.36747966902
825 4.3602421455
826 4.19927002401
827 3.90259122798
828 3.73667949035
829 3.70464619826
830 3.925731236
831 4.03510276823
832 3.85669532704
833 3.93752529659
834 3.91503874027
835 3.78294956182
836 4.2459868656
837 4.11917923008
838 4.13670011792
839 4.13065118613
840 4.07481749544
841 4.58159333467
842 4.43032677215
843 4.81338640926
844 4.8796390299
845 4.71005657098
846 4.34925034751
847 4.19152600286
848 4.10565112862
849 4.19891247413
850 3.97711502634
851 4.02932713788
852 3.69361679267
853 3.64210822635
854 3.32935173662
855 3.44533495981
856 3.27679197727
857 3.40253364783
858 3.03570879279
859 2.84324478427
860 3.35482888836
861 3.6206508596
862 3.55803997186
863 3.99418320514
864 3.57835324724
865 3.6582673798
866 3.34619520747
867 3.82286040182
868 3.8475408264
869 4.14643697007
870 3.64327247016
871 3.76035700073
872 4.46680299887
873 4.07758215406
874 4.44522238882
875 3.83572174408
876 3.98275770985
877 4.25646968891
878 4.75729760618
879 4.75301789572
880 4.56796021735
881 4.42539678865
882 4.05690883887
883 4.18890201729
884 4.87669123816
885 4.6716032919
886 5.18522801803
887 4.88660252066
888 4.43853731423
889 4.78462578787
890 4.64772819163
891 4.22115996029
892 4.27657377439
893 3.8377690852
894 3.69564236568
895 3.1905498305
896 3.33324252747
897 3.17344857515
898 3.26003427541
899 2.87961236929
900 2.68459469819
901 2.95930378001
902 2.80071162366
903 3.19561768594
904 3.24268459384
905 3.61024541188
906 3.9679220954
907 3.89570381871
908 3.4879485657
909 3.65745633203
910 3.82414496702
911 3.62642445575
912 3.68546725138
913 3.31926658925
914 3.69062373893
915 3.62537003988
916 3.27648365631
917 3.09749533992
918 3.75037984542
919 3.41183854851
920 3.47167458195
921 3.21942493931
922 3.80358960651
923 3.91026284102
924 3.53617295168
925 3.70532498897
926 3.64970755715
927 3.333799117
928 3.36385174367
929 3.73080303171
930 3.16106588623
931 3.18645847506
932 3.38468795544
933 3.43295612592
934 3.18905014248
935 3.60159308589
936 3.87729976872
937 3.73391924069
938 3.06113939439
939 3.75534970503
940 3.16443437601
941 3.3566174255
942 4.00602810954
943 3.75931269538
944 4.20043511821
945 3.81628836166
946 4.27965176322
947 4.20591941172
948 4.51643147902
949 4.27127671813
950 4.17641491358
951 3.75963572915
952 3.75251938125
953 3.80848522951
954 3.39479198102
955 4.06995284755
956 4.01987885488
957 3.63578820735
958 3.84472896967
959 4.60918373055
960 4.88124720172
961 4.64993872221
962 4.48702775213
963 4.61500581552
964 4.72248880869
965 4.07325137042
966 4.2249692554
967 4.15864967472
968 4.73873374924
969 4.870222716
970 4.20582889298
971 4.27879991815
972 4.46729970231
973 4.61082863383
974 4.81751897254
975 3.92785624178
976 3.95480866146
977 4.2436298722
978 4.24738518536
979 4.09682920635
980 4.05693491535
981 4.08603791067
982 4.18773106002
983 4.1091425017
984 4.15208585614
985 3.93868445387
986 3.79957245094
987 3.73254034338
988 4.07607253721
989 4.18001382413
990 3.74226862517
991 4.03219175159
992 3.8083012293
993 3.88593233761
994 4.54783242573
995 4.35721279163
996 4.17673700647
997 3.89551210744
998 3.70989101287
999 3.64197463108
