0 0.0
1 0.0859847616566
2 -0.178064285757
3 -0.0456423681258
4 -0.240602628768
5 -0.0205500232538
6 0.0238512450959
7 -0.193044738379
8 -0.0878061257777
9 -0.0857905780995
10 -0.0681894462159
11 -0.16748199868
12 0.0267451333737
13 0.02431846566
14 0.148842254417
15 0.113408969003
16 0.291351761859
17 -0.307659733272
18 -0.115979065116
19 -0.0877668453784
20 0.116204198092
21 -0.184399821305
22 0.0853753897158
23 -0.123584850353
24 -0.149661726116
25 -0.283282097042
26 -0.179522169716
27 -0.0301668541752
28 -0.202757004322
29 -0.271018694428
30 -0.369020313575
31 -0.542192049314
32 -0.319388550737
33 -0.243977337341
34 -0.291277164326
35 -0.141128199973
36 -0.0122356020407
37 -0.285510250043
38 -0.375053363176
39 -0.0613598763155
40 -0.0596187868884
41 0.00502377190798
42 -0.0875827172702
43 -0.158270871737
44 -0.0199890216935
45 -0.0226852166248
46 -0.108991287515
47 -0.251409406709
48 -0.0783188356397
49 -0.261016574622
50 -0.465040052242
51 -0.325606079114
52 -0.24934937356
53 -0.419694982717
54 -0.0199088970475
55 -0.0357694354946
56 -0.0627338934493
57 0.234868786669
58 0.177923672027
59 0.035773974301
60 -0.0941759271296
61 -0.0555958165591
62 0.120078488817
63 -0.0462996982232
64 0.137334590283
65 0.447952433144
66 0.0135717508448
67 0.256387825596
68 -0.110370371211
69 0.11322201345
70 0.393154947062
71 0.239814431771
72 0.236657869724
73 0.0970069322232
74 0.291910786625
75 0.0731900240596
76 -0.0848974825801
77 0.184548812281
78 0.257519087728
79 0.0788689753081
80 -0.0377963670291
81 0.201676133994
82 -0.148613990265
83 -0.0781120158242
84 -0.1092058947
85 0.0919221632075
86 0.162926680023
87 -0.257049491031
88 -0.116549434759
89 -0.129268370697
90 0.0381593750583
91 0.048774244579
92 0.213098234087
93 0.152933026847
94 0.211604132133
95 0.0516509197257
96 0.254006877845
97 0.0276715765902
98 0.172547423731
99 0.0954708615785
100 -0.01728820836
101 0.157785299417
102 0.122395041938
103 -0.0266579575567
104 0.0879991732067
105 -0.0499091803308
106 -0.0634872935074
107 -0.00363402071152
108 -0.0338163726589
109 0.0170419040175
110 0.447172003611
111 0.357576521535
112 0.523213150723
113 0.377938698727
114 0.209360981701
115 0.100065711632
116 0.286627857315
117 0.303762661482
118 0.156423362669
119 0.23054997776
120 0.367278872498
121 0.494766291859
122 0.413499043884
123 0.381268651298
124 0.622383680405
125 0.576807460909
126 0.369056216895
127 0.280570709535
128 0.239568882482
129 0.506084560863
130 0.564622653609
131 0.655145403664
132 0.578831153004
133 0.504764247175
134 0.42593924027
135 0.529923533999
136 0.65800171831
137 0.433929677701
138 0.264568650761
139 0.540706532841
140 0.400930786462
141 0.077821775053
142 0.634538535231
143 0.245492138538
144 0.414921168888
145 0.209930102082
146 0.362543268237
147 0.340015549834
148 0.282036155582
149 0.372982686744
150 0.323145268615
151 0.537637968522
152 0.575881509913
153 0.386854160549
154 0.392437383944
155 0.355427672119
156 0.181767911042
157 0.503274545054
158 0.422362547126
159 0.547172198335
160 0.454545574655
161 0.436645348441
162 0.632252506855
163 0.374714102961
164 0.420348331429
165 0.693886759385
166 0.693545875667
167 0.691523003285
168 0.896341335144
169 0.948622058696
170 1.01640462314
171 0.867532247473
172 1.25259311457
173 1.13667299083
174 1.1403706113
175 0.914092620773
176 1.02699312471
177 0.978610777538
178 0.760140802593
179 0.995731330053
180 1.00941301556
181 0.916283060911
182 0.893042207732
183 0.878060263046
184 0.763544637366
185 0.995849185426
186 0.70666608347
187 0.841312972626
188 0.756843457301
189 0.897427819013
190 0.833315160192
191 0.814493361984
192 1.08893939718
193 1.15025092085
194 1.22662922942
195 1.12676152398
196 1.01680909382
197 1.2488547767
198 1.50439582094
199 1.098067208
200 0.777927448242
201 0.616215458842
202 1.36411026863
203 1.41954094639
204 1.31907625265
205 1.28645735912
206 1.50340132876
207 1.4634040572
208 1.91343435247
209 1.5918857266
210 1.70496945778
211 1.4182397905
212 1.32823582104
213 1.51601012119
214 1.68997359718
215 1.96749926352
216 1.96457107646
217 2.07841282285
218 1.83726922734
219 2.06704135622
220 2.10470990432
221 1.90266584783
222 1.91239938687
223 1.89302683321
224 1.69114218692
225 1.61796149458
226 1.77435163188
227 1.79670676073
228 1.90932718261
229 1.77920268017
230 1.90141799035
231 1.70809091633
232 2.1155020743
233 1.63401050799
234 1.86862437663
235 1.85949035113
236 1.6926252863
237 1.60612940647
238 1.97428185228
239 1.70459262656
240 1.80906524013
241 1.38052855725
242 1.58637438706
243 1.6235145855
244 1.77079809887
245 1.59371033857
246 1.58051045912
247 1.75301894683
248 2.12541467488
249 2.26772191343
250 2.13731050661
251 2.16086601389
252 2.13968106465
253 2.05929424338
254 1.91162746235
255 1.88165980777
256 2.2130020568
257 2.05549202246
258 2.24450378449
259 2.32011536658
260 2.54517370839
261 2.20656990364
262 2.31896089836
263 2.27860947909
264 2.6992567324
265 2.099492266
266 2.17606966426
267 2.21270564002
268 2.36699221522
269 2.32096437872
270 2.09763331537
271 2.11994978083
272 1.76307077543
273 1.89594919639
274 1.89703520482
275 2.26658085734
276 2.2600562283
277 2.02051970537
278 1.9341907704
279 1.56165352757
280 1.6391543231
281 1.88968914652
282 1.73045110342
283 2.03379708015
284 2.29974374726
285 2.26401524039
286 2.23262851418
287 2.66536694694
288 2.21452478353
289 2.23740203645
290 2.40546179394
291 2.27456657342
292 2.13762720928
293 2.19750717241
294 2.01257463851
295 2.23026590774
296 2.36451486535
297 2.21505593207
298 2.31645518778
299 2.23167681487
300 2.25007215965
301 2.34121860498
302 1.9449745538
303 1.8070892046
304 1.69659578011
305 2.1549622873
306 1.97268140043
307 2.09478796445
308 2.38485988731
309 2.21659447763
310 2.28423099793
311 2.50470693966
312 2.14200499157
313 1.85357395289
314 2.33134539861
315 2.17087279146
316 2.30524331014
317 1.93822396967
318 2.21854699584
319 2.24096137124
320 1.92828687049
321 2.36902458411
322 2.29597775686
323 1.88078709211
324 1.87369528052
325 2.054859919
326 2.08877850222
327 2.02616584653
328 1.69828806663
329 2.38883355309
330 2.49357033044
331 2.44958949283
332 2.87069026205
333 2.80996512823
334 2.61578234191
335 2.68923673522
336 2.99410927647
337 2.83201800724
338 2.6504188084
339 2.28350164893
340 2.63337289349
341 2.41520412744
342 2.95769108903
343 2.50587347478
344 2.75535245977
345 2.23526866335
346 2.405269332
347 2.39996619127
348 2.40932057704
349 2.09959284392
350 2.5815762299
351 2.59289898595
352 2.35524044335
353 2.31882409111
354 2.35277718324
355 2.08445743179
356 2.51464460006
357 2.3214836541
358 2.12900019892
359 2.29979229031
360 2.4515976742
361 2.16816772743
362 2.37316743839
363 2.48747709531
364 2.45113473774
365 2.37815523305
366 2.37727016143
367 2.50657084859
368 2.66888862496
369 2.45399049488
370 2.43600484146
371 2.47034341049
372 2.30186037264
373 2.07623780974
374 2.12957572152
375 2.24326606373
376 1.84794713667
377 2.218459318
378 2.57088015724
379 2.68559545515
380 2.58494110211
381 2.46361007923
382 2.6552827846
383 2.75673173789
384 2.47417372485
385 2.78473439818
386 2.83315884675
387 2.8364068431
388 2.90921278678
389 2.63019917331
390 2.90912310645
391 2.68579618358
392 2.57333849353
393 2.32825995246
394 2.24900923246
395 2.49876252603
396 2.56132809961
397 2.34244123041
398 2.77270890588
399 2.75688328794
400 2.65399929168
401 2.01932432245
402 2.52442844113
403 2.667599728
404 2.93577354001
405 2.8057096481
406 2.77838608705
407 3.11536422637
408 2.9646695108
409 2.3092233194
410 2.60088218714
411 2.37810697806
412 2.17532433403
413 2.01395343351
414 2.44279200761
415 2.55030299283
416 2.39257180401
417 2.56475389693
418 2.64168014032
419 2.67315647669
420 2.48671619504
421 2.41771372339
422 2.63620667227
423 2.94815971485
424 2.78821483936
425 2.34629874173
426 2.6297130877
427 2.87459040912
428 2.55841124589
429 2.66997790265
430 2.86955775707
431 2.65679263627
432 2.76831757285
433 2.88086683513
434 2.57388524512
435 2.41049112762
436 2.48660934856
437 2.02335457507
438 2.23386607762
439 2.49122113266
440 1.90001549204
441 2.1278773725
442 2.13494446364
443 2.23835931113
444 2.41595786773
445 2.30291767077
446 1.8929729133
447 1.96386843641
448 1.89738976356
449 2.12368555417
450 1.99762096865
451 1.86287504863
452 2.2373341969
453 2.51901036329
454 2.54928246966
455 2.48863768293
456 2.5387481811
457 2.3414048841
458 2.42681377047
459 2.4092519467
460 2.45600465499
461 2.67317975044
462 2.60422744578
463 2.9261964474
464 2.99163445713
465 2.54466195822
466 2.33696506442
467 2.44810194427
468 2.48167318844
469 2.34557971131
470 2.30144241768
471 1.89903591318
472 2.44414911936
473 2.84067969219
474 2.45378521603
475 2.33857774024
476 2.02977567188
477 1.78235167521
478 1.97238290308
479 2.25387985159
480 2.69212391419
481 2.62683204094
482 2.2553718729
483 2.38438851517
484 2.48670068413
485 2.77866676453
486 2.72343009504
487 2.67617616761
488 2.1777007271
489 2.64959917405
490 2.31964762655
491 2.18949246474
492 2.50852877044
493 2.1147621209
494 2.08882917381
495 2.32887128267
496 2.2200312101
497 2.51057934019
498 2.43906247737
499 2.25885844799
500 2.16935157287
501 2.27576428018
502 2.78977606976
503 2.75975968211
504 2.33594451503
505 2.66418463437
506 2.51690280933
507 2.37786878485
508 2.50098446385
509 2.87152232719
510 2.91823670943
511 2.67089160112
512 2.99684852239
513 2.80701154556
514 3.19402318299
515 3.64623818983
516 3.64976415052
517 3.54686059552
518 3.63011550977
519 2.79546901919
520 3.37802264301
521 3.16440931223
522 3.38922608068
523 3.39895511353
524 2.78632734482
525 3.45243690784
526 3.49749713686
527 3.52841559081
528 3.61906822152
529 3.49009620312
530 3.65808856995
531 3.58498953683
532 3.76043898422
533 3.54908176865
534 3.96945158597
535 3.61109744791
536 3.63305582087
537 3.64925060814
538 3.28114772914
539 3.61525208892
540 3.71447606835
541 3.60300531064
542 4.18924765141
543 4.29309054892
544 3.91075459529
545 4.05343841051
546 4.26162371315
547 3.99836054951
548 3.4730455914
549 3.41438389939
550 3.81008899994
551 3.44221867877
552 4.04795744648
553 3.35264577277
554 3.35295669446
555 3.40536158522
556 3.44649181977
557 3.42795725901
558 3.43074884085
559 3.76924509551
560 3.7711198782
561 3.83922762016
562 3.82306970701
563 3.66800358374
564 3.96904702621
565 4.00802658729
566 4.06412807409
567 3.52773760268
568 3.67538712894
569 3.41127922794
570 3.17880132109
571 3.36673136444
572 3.3860540355
573 3.72867943788
574 3.33173802743
575 3.33292502162
576 2.79813864983
577 3.27330061412
578 3.37957492118
579 3.36679938219
580 3.25742938531
581 2.52766390822
582 3.18919187005
583 3.29396507288
584 3.36423980928
585 3.18098310926
586 3.05889613118
587 3.48651647214
588 3.72016877206
589 3.03934858671
590 3.42784668545
591 3.14777747602
592 3.56079421524
593 3.68699296283
594 3.51505684253
595 3.84999316027
596 3.43333806372
597 3.477221372
598 3.56430265538
599 3.56065166951
600 3.41956389273
601 3.97279839767
602 3.45001559102
603 2.97438429947
604 3.29521937636
605 3.10368980064
606 2.65043452554
607 3.02101564317
608 3.45138092298
609 3.51433657447
610 3.33863424054
611 3.4967456021
612 3.5104418285
613 3.05531139089
614 4.01245871318
615 3.55548502041
616 3.85474696745
617 3.64362378149
618 3.84330649338
619 3.73480386439
620 4.00709303758
621 3.72379544067
622 3.77908120737
623 4.16371085656
624 3.95161939492
625 3.61991465695
626 4.33389709049
627 4.49643545481
628 3.96831484012
629 4.40032620557
630 3.93989624572
631 4.22533951454
632 4.43590081022
633 4.47614431558
634 4.52220092214
635 4.35304984578
636 4.40556590336
637 4.63807290617
638 4.08625616349
639 4.22400600349
640 4.0607744399
641 4.10789160488
642 4.02914863236
643 4.31387091313
644 4.12188197537
645 4.21578294651
646 4.06628358287
647 4.23873452424
648 4.03550007749
649 4.55325289765
650 4.36350477636
651 4.31779495169
652 4.4810792873
653 4.35392831789
654 4.73872156987
655 4.30344680339
656 4.38849492802
657 4.56296567261
658 4.43398196925
659 4.96025414535
660 4.6244857523
661 4.71971821006
662 4.94777386018
663 4.9822788525
664 4.82897362741
665 4.61650507698
666 4.26688163543
667 4.48204178197
668 4.65590879527
669 4.53493247875
670 4.49230504025
671 4.6497172051
672 4.61058500147
673 4.32765611477
674 4.3106387175
675 4.44366219611
676 4.70324775444
677 4.71426069221
678 4.80474928272
679 4.41954267892
680 4.63791114473
681 4.87057508519
682 4.43720953186
683 4.46379880974
684 4.42691762597
685 4.63431840559
686 4.67966585393
687 4.75357785089
688 4.89822039795
689 4.82582516227
690 4.66455811999
691 4.98880946211
692 4.8799619666
693 4.89826231888
694 5.08601742958
695 5.09230024385
696 4.41155637228
697 5.1419201533
698 4.98663425624
699 4.87255774099
700 4.81034363168
701 4.81616971499
702 4.92636475941
703 5.32081205376
704 5.50411605761
705 5.70959821919
706 5.45598553355
707 5.48328901898
708 4.98893020375
709 5.5766442077
710 5.36049310812
711 5.46618149811
712 5.46360861649
713 5.26858031329
714 4.84880395547
715 5.09657480198
716 5.20626926045
717 5.47221764335
718 5.31154784785
719 5.66421463553
720 5.30516614564
721 5.29225783541
722 5.29979774276
723 5.25230349694
724 5.41244515125
725 5.0336414696
726 5.29238627779
727 5.18092426255
728 5.43240217842
729 5.16456809621
730 5.29579562508
731 5.44645477732
732 5.39289278962
733 5.32077349937
734 5.38677951394
735 5.46249387727
736 4.7976842671
737 4.98862728778
738 4.79210648768
739 5.00349156727
740 5.08676797867
741 4.88596928869
742 5.15605512785
743 5.20086255731
744 5.34154235478
745 5.21537376733
746 5.42549770307
747 5.33446794328
748 5.33902113319
749 5.31886561919
750 4.96452055608
751 5.12818365788
752 5.28671229873
753 5.06277710548
754 4.93714175697
755 5.05954475505
756 4.96572565786
757 4.81981626408
758 5.17251482793
759 5.23119287829
760 4.95767751587
761 4.94699889181
762 5.05142177762
763 4.77031061394
764 5.32202259599
765 5.29346179624
766 5.36679794787
767 5.56384508677
768 5.54436153422
769 5.62233759506
770 5.63879207187
771 5.71030046392
772 5.25169486144
773 5.23545189225
774 5.59118529513
775 5.44264878269
776 5.58279173787
777 5.30499660194
778 5.2638126417
779 5.36709568761
780 5.3452322441
781 5.19144925338
782 5.43001780173
783 5.18245252328
784 5.18020876783
785 5.05988055276
786 5.35838061916
787 5.29765734204
788 5.23105842604
789 4.88130918008
790 4.9487444423
791 5.19923576297
792 5.22108229098
793 4.90610634803
794 5.60833064172
795 5.47470630412
796 5.073173405
797 5.40088995181
798 5.3498472761
799 4.92291440581
800 5.07379779094
801 5.02470338742
802 5.04895342327
803 5.21955038987
804 5.5870498559
805 5.44453814018
806 5.55766153903
807 5.55925494198
808 5.30786294976
809 5.61005695474
810 5.35894098386
811 5.13764631969
812 5.33880155152
813 4.77049727549
814 5.25505640669
815 5.67240887569
816 5.66281833665
817 5.4423226551
818 5.40092016437
819 5.01375469457
820 5.26501873288
821 5.58600879904
822 5.32075411439
823 5.85363020045
824 5.94937494413
825 5.72872022032
826 5.39701685597
827 5.59740070702
828 6.07805072329
829 6.1579812064
830 5.84208496543
831 6.09562296734
832 6.04141342753
833 6.22123790378
834 6.35053772826
835 6.46075840033
836 6.46210600997
837 6.78857754526
838 6.90786185745
839 6.78159641545
840 7.08523124579
841 6.9931618952
842 6.77403913093
843 6.41041882572
844 6.76377838656
845 6.69869311158
846 6.82411160426
847 6.62814757716
848 6.34971234114
849 6.60748186594
850 5.83867854296
851 6.21343082596
852 6.23814237186
853 6.46326988642
854 5.74283902811
855 6.46873326335
856 6.60607066323
857 6.80453295034
858 6.6453315549
859 6.9784152837
860 7.13046288354
861 7.10827821024
862 7.46796850146
863 7.68936589048
864 7.11027195126
865 7.50254418114
866 7.79883846343
867 7.57848464261
868 8.24335464447
869 8.37418836952
870 7.94324390728
871 7.294367387
872 7.42928916037
873 7.0806698322
874 7.33569045149
875 7.14327090578
876 7.09118071408
877 7.01789295664
878 6.69332457455
879 6.95489330648
880 7.08869342061
881 7.22206000317
882 7.56050236576
883 7.6098750611
884 7.29775584912
885 7.42456172007
886 7.31844640838
887 7.15272109457
888 7.14330240471
889 7.53697852451
890 7.78857428252
891 8.33713495321
892 8.14037465467
893 7.94745375883
894 7.74730376751
895 7.63823223029
896 7.53967388416
897 7.23326133679
898 7.65270421208
899 7.97488731342
900 7.86773901598
901 7.57567863641
902 7.75896808337
903 8.52538767056
904 8.60658272228
905 8.6034631252
906 8.58046893568
907 8.67934017154
908 8.07537992683
909 8.19345169645
910 8.48544016196
911 8.85914869762
912 9.12549950431
913 8.77200498284
914 8.84966017358
915 9.16703483704
916 9.21212564065
917 9.42439541321
918 9.17967967561
919 8.61496608586
920 9.22642951335
921 9.17025983576
922 9.62969413966
923 9.58045436263
924 9.64241507326
925 9.97830663944
926 9.64200608133
927 9.99312222944
928 10.5167610886
929 9.7622024464
930 9.57115485427
931 9.89408419093
932 9.78945279618
933 9.09408491173
934 8.86354095316
935 9.37255922797
936 9.66773338942
937 9.88062876696
938 9.7609866733
939 10.1089770646
940 9.73644318011
941 10.255338072
942 10.2230068569
943 10.1228575918
944 10.5742866785
945 10.182939088
946 11.0301474992
947 10.8633955605
948 10.6842716766
949 10.9560400114
950 11.5949543597
951 11.1301573014
952 10.933252345
953 10.966892282
954 10.7844393546
955 10.7851664509
956 10.6069237956
957 10.5965076849
958 10.660754747
959 10.4087516156
960 10.1372280754
961 10.1832277158
962 10.4233055726
963 10.4995339778
964 10.1843685268
965 10.3136214988
966 10.2399778746
967 10.2084067022
968 9.94946983153
969 10.3329630953
970 10.3499084761
971 10.1789522082
972 10.4018497808
973 10.2333795977
974 10.3870019127
975 10.5816273433
976 11.1024440608
977 11.4665897527
978 11.8909218337
979 11.4258058431
980 11.232268534
981 11.9287092358
982 11.7216359231
983 11.2607852864
984 11.2547594294
985 11.8306714786
986 11.748428154
987 11.0891712728
988 10.9375602698
989 11.6124040133
990 11.6767836509
991 11.3207110016
992 10.8453612509
993 10.8331966497
994 10.8113273661
995 10.5139796137
996 10.4736935074
997 10.8912259109
998 10.6593817749
999 10.3146490559
