0 0.0
1 -0.179173493647
2 -0.0709210571961
3 -0.0538338310398
4 -0.21709825813
5 -0.0955966068644
6 -0.045183861027
7 -0.174360561353
8 -0.195039567829
9 -0.321522181875
10 -0.249260286227
11 -0.202812728051
12 -0.324711435318
13 -0.0946002095516
14 -0.350809325776
15 -0.238271181333
16 0.0576222161414
17 -0.00087652663089
18 -0.168710252466
19 -0.248790022208
20 -0.0571657015696
21 -0.00870813558937
22 0.258648759573
23 0.0655534414602
24 -0.0473332708275
25 -0.0594254852605
26 -0.169254775733
27 -0.0449921908166
28 -0.0433445616299
29 0.00143893675614
30 -0.00786482383297
31 -0.21626329271
32 -0.211296255742
33 -0.150586436679
34 -0.0831181770996
35 -0.0639897530251
36 0.165896086172
37 -0.181529913201
38 0.0137223166316
39 -0.39782817383
40 -0.167856900565
41 -0.175287486609
42 -0.158249838937
43 -0.53104152141
44 -0.253050044463
45 -0.463343653044
46 -0.179639287635
47 -0.360627503233
48 -0.161091384653
49 -0.252055512885
50 0.0983238503927
51 -0.324726769319
52 -0.326926328105
53 -0.338876921508
54 0.0485985006398
55 0.0579672427869
56 -0.134880118796
57 -0.252472934598
58 -0.317661215364
59 -0.294695935433
60 -0.0695456721482
61 -0.156390511098
62 -0.297370757852
63 0.180422123802
64 0.0461283842899
65 -0.308458677498
66 -0.068136931129
67 -0.10547917671
68 -0.282172589586
69 -0.103310654577
70 -0.0720081976459
71 -0.042059073404
72 -0.362510742278
73 -0.246584207297
74 -0.209800907956
75 -0.313228574852
76 -0.343837288332
77 -0.0722165790297
78 -0.368274457801
79 -0.235018360682
80 -0.0741809153429
81 0.157088871711
82 0.540180099981
83 0.438947282389
84 0.324873750022
85 -0.00835131355303
86 -0.10424552908
87 0.297419225599
88 0.0725917031227
89 0.128140296664
90 0.20561773543
91 0.205627803794
92 -0.100566411747
93 0.287814767949
94 0.307438196775
95 0.382996823214
96 0.444813988832
97 0.556553764417
98 0.45824630086
99 0.511742463128
100 0.30815960266
101 0.425086564873
102 0.137229469771
103 0.580957932601
104 0.441228045677
105 0.396646088222
106 0.342907697819
107 0.296903603248
108 0.355346657998
109 0.130011437241
110 0.130046294952
111 -0.026647682227
112 0.21698545496
113 -0.0147339407626
114 0.0728118198729
115 -0.0517155837807
116 0.0718328961019
117 0.357588053266
118 0.260516275701
119 0.006319598283
120 0.115862935486
121 0.054205537883
122 0.144105228603
123 0.139107795756
124 0.126202618399
125 0.321851376947
126 0.17061415127
127 0.272253163113
128 0.193417749773
129 -0.275885907306
130 -0.032621728925
131 0.103253783846
132 0.130553361856
133 0.0391182123776
134 -0.0985345218938
135 -0.223794875072
136 0.144778772774
137 0.0121189286887
138 -0.0135849589985
139 0.186918448478
140 -0.0654456150833
141 0.0536034214927
142 -0.173300149291
143 -0.146700941437
144 -0.348246906889
145 -0.288738566064
146 -0.137978378999
147 -0.480701751934
148 -0.186924140586
149 -0.331035169013
150 0.0204170975648
151 -0.137643578174
152 0.115400875143
153 -0.00345030983397
154 0.137577377551
155 0.0298279416314
156 0.0686229017248
157 0.107955149113
158 0.107976051264
159 0.395069099472
160 -0.0706960766925
161 0.443960077377
162 0.392161735489
163 0.451615865865
164 0.331676922675
165 0.226895968849
166 0.134631405192
167 0.268520351203
168 0.405231053436
169 0.518174156919
170 0.321333875457
171 0.501468843415
172 0.322853032489
173 0.471661887335
174 0.481780937539
175 0.0603184107159
176 0.220349720427
177 0.224329761696
178 0.0931764404179
179 0.233317230724
180 0.239597824958
181 0.233818684114
182 0.0734425454429
183 0.340916767275
184 0.348122078028
185 0.28772748947
186 0.294328891998
187 0.380166725224
188 0.496756779055
189 0.208008866401
190 0.622336695977
191 0.756881184588
192 0.650529969879
193 0.705850085676
194 0.765475968218
195 0.629438478264
196 0.66134801958
197 0.8016904494
198 0.746642382898
199 1.08075188083
200 1.26370223918
201 0.749033603915
202 0.596204498566
203 0.818553729028
204 0.751263037286
205 0.606534450427
206 0.940316308234
207 0.679258439669
208 0.81975097627
209 1.00966835078
210 0.7752912808
211 0.542799757384
212 0.971118007656
213 1.31346562383
214 1.6233536497
215 1.6871357429
216 1.59159722852
217 1.68479490569
218 1.4610999111
219 1.34773390637
220 1.28194222943
221 1.3715744097
222 1.36643656936
223 1.07578515091
224 1.9606853688
225 2.10027372646
226 1.97031662747
227 2.20762779146
228 2.00966776046
229 1.791322116
230 1.98672225066
231 1.52259509292
232 1.40594902417
233 1.3602355409
234 1.51429510657
235 1.59930062058
236 1.27562642801
237 1.65513612602
238 1.82449941483
239 1.79803129871
240 1.79940335513
241 1.91958746887
242 1.57459841589
243 1.70642680887
244 1.60436443808
245 1.78013233511
246 1.62474336813
247 1.52190790365
248 1.47060034056
249 1.44770715332
250 1.61431657091
251 1.82614184566
252 1.61849576224
253 1.53858260921
254 1.75641461223
255 1.8029573193
256 1.87301780294
257 1.67687213034
258 1.2555175286
259 1.61641804984
260 1.43222731288
261 1.7666334158
262 1.61466001307
263 1.6802775877
264 1.65049014909
265 1.95530011446
266 1.65293679557
267 1.92663827812
268 1.90027080037
269 2.0250547423
270 2.02751055378
271 1.4759745665
272 1.55293065422
273 1.59598208396
274 1.74997741666
275 1.59574155384
276 1.73160182473
277 1.54992972349
278 1.31947995029
279 1.55462995293
280 1.47684621094
281 1.47012219336
282 1.7116957643
283 2.02951378734
284 1.80912868787
285 1.60007279106
286 1.70718791876
287 1.95529514985
288 2.50683373945
289 2.97638076325
290 2.73960025759
291 2.54646800483
292 2.39807049544
293 2.55140063918
294 2.77588813789
295 2.76244596617
296 2.55728892577
297 2.84832132935
298 2.44161654983
299 2.61910206334
300 2.71959994553
301 2.61933338396
302 2.38267105697
303 2.76093240277
304 2.50874693269
305 2.21801742505
306 2.42529876427
307 2.44547905229
308 2.63980942282
309 2.29907390305
310 2.5836003734
311 2.68180490935
312 3.13744214872
313 3.03474371299
314 2.81361373822
315 3.06842954789
316 3.29763178954
317 2.53445255205
318 2.76802265312
319 2.60405170874
320 2.90009779164
321 3.01718569621
322 2.65645041625
323 2.64888196434
324 3.22594812995
325 2.82637008365
326 2.57693244869
327 3.00445242282
328 2.8755829224
329 2.59587245807
330 2.85279164544
331 3.32024569883
332 2.87519033928
333 2.40711221315
334 2.16328748567
335 2.32981489717
336 2.38762332146
337 2.41091209767
338 2.10931653294
339 2.08410063093
340 2.28470611304
341 2.50527536438
342 2.69520766618
343 2.90812991816
344 2.69780826358
345 2.92900500106
346 2.45439596809
347 2.37459026835
348 2.12930135601
349 2.25275151988
350 2.01472616449
351 2.35612044969
352 2.18860002775
353 2.87008859971
354 2.35636229279
355 2.47896661417
356 2.56084911346
357 2.93620064178
358 3.27230309784
359 2.74574959346
360 3.0231473001
361 3.11176694643
362 3.46693723856
363 3.07312307499
364 2.69905527261
365 3.01765255466
366 2.80953157665
367 2.47995901856
368 2.24848139215
369 2.1293338518
370 2.27635012479
371 2.90419971726
372 2.93368716869
373 2.60950011431
374 2.35632580244
375 2.32798926014
376 2.01020912421
377 1.88382101307
378 1.95514416861
379 2.18387658421
380 1.9533867849
381 1.82009235902
382 1.30142155553
383 2.19808297277
384 2.07645066913
385 2.03777523471
386 1.78772081138
387 1.99534879048
388 1.58880923718
389 1.89465743572
390 1.55434353157
391 1.3913271856
392 1.84296064393
393 1.73565207136
394 1.88577736958
395 1.85564175073
396 1.87559386653
397 1.77243382322
398 2.18959306972
399 2.23777725246
400 2.65080285536
401 2.63111962611
402 2.74107568094
403 2.44556909558
404 2.89566514917
405 2.72538571869
406 2.42996212002
407 2.44894693306
408 2.8824390151
409 2.73259728721
410 2.43164886988
411 2.11244652705
412 2.51494404385
413 2.62126647384
414 2.82353043349
415 2.79664352959
416 2.31377324889
417 2.67803512522
418 2.44493824691
419 2.84926092118
420 2.61006334463
421 2.16754592721
422 2.3226834413
423 2.37344878143
424 2.43411249325
425 2.68761709393
426 2.61745064019
427 3.1527411646
428 2.80299311418
429 2.39520714754
430 2.34141307247
431 2.58669598572
432 2.39980730902
433 2.13669245534
434 2.06212185672
435 1.78680702121
436 1.92699199726
437 2.38815709361
438 2.4749182909
439 2.77560054265
440 2.20263292702
441 2.13653078723
442 2.12509382209
443 1.92855636076
444 2.69882537655
445 2.25046990128
446 2.59472793299
447 2.5421982424
448 2.47299605256
449 2.78194676688
450 2.59959863621
451 2.83039478895
452 2.96182048532
453 3.26802423205
454 2.95584143004
455 2.9099379698
456 3.14730216723
457 3.74849958891
458 3.6271046576
459 3.72092960962
460 3.2423618596
461 3.49554903219
462 2.9759674602
463 3.2919478537
464 3.08478035499
465 2.90825919586
466 2.9198935308
467 3.51377121396
468 3.39595401528
469 2.67134917293
470 3.0306547788
471 3.55511001623
472 3.26055766868
473 3.452388702
474 3.1947636776
475 3.10640776852
476 3.32381433035
477 3.16327040605
478 3.87105132033
479 3.83745039613
480 4.00310315024
481 3.43794466824
482 3.89626751416
483 3.54191240402
484 3.55946019153
485 3.24086856138
486 2.79920716098
487 3.61754760652
488 4.04490866579
489 3.44041490175
490 3.54211542107
491 3.88830402916
492 3.58922445713
493 3.70907252894
494 3.71790858327
495 3.88620698303
496 3.46750016786
497 3.71463209416
498 3.67352371443
499 4.00801800757
500 3.52841571753
501 3.08632732768
502 3.4336326953
503 3.44628510562
504 3.40158682029
505 3.69791294141
506 3.3188505445
507 3.59950100265
508 3.93759395588
509 3.94651388178
510 3.85247014806
511 3.42167320732
512 3.10868522356
513 2.8990620979
514 2.69102826231
515 2.16230031932
516 2.67933459
517 2.59340253053
518 2.57128008713
519 2.23067950654
520 3.00948199893
521 2.81892911264
522 2.90446320126
523 3.00886106493
524 3.02568680942
525 2.92535063389
526 3.16882027695
527 3.24030912854
528 3.51407400378
529 3.29675612132
530 3.40146453323
531 3.69105838274
532 3.03966856205
533 2.98623150053
534 3.18202083303
535 3.4989115858
536 4.17808931642
537 3.22503516961
538 2.99487779734
539 3.7283386819
540 4.27889203756
541 3.88743801044
542 4.48872684526
543 4.28549250169
544 4.61038671027
545 4.42258372139
546 4.99500025909
547 4.75342988655
548 4.94222129209
549 5.66195926936
550 5.8784114163
551 5.40661484016
552 5.38568596731
553 6.10302682605
554 5.86375371781
555 5.99061726826
556 6.48779220837
557 6.28415291864
558 6.80564439463
559 6.12236892278
560 5.59051358679
561 6.38709249332
562 6.7122979561
563 7.45940761494
564 7.40210757096
565 7.03594617743
566 7.47727462205
567 7.43805798166
568 7.74112022748
569 8.38816831421
570 8.49756738137
571 8.47814348119
572 8.57857971164
573 8.36366258923
574 9.03459740172
575 9.405883704
576 9.10220648649
577 9.33245926327
578 9.02766271276
579 9.2588663048
580 9.29938429625
581 9.0545798967
582 9.37200026512
583 8.74252121331
584 9.17447680654
585 9.27005236129
586 9.89829024286
587 9.99441892063
588 9.43501925603
589 9.37015059869
590 9.22243667403
591 8.82953847951
592 8.62741747803
593 8.21545134994
594 8.29552155634
595 8.28706954463
596 8.2831687373
597 7.84236168162
598 7.93346115748
599 7.98082253316
600 8.28824950215
601 8.95651920479
602 8.22833987165
603 8.49102319424
604 7.97577249192
605 7.68383079446
606 6.64482762757
607 7.06406769319
608 7.17791710918
609 7.39931670185
610 7.18953797887
611 6.96318016179
612 6.80285672247
613 6.91525224114
614 6.89515250213
615 7.39768384699
616 7.87885179135
617 7.53682901389
618 7.68728375539
619 7.68020789899
620 7.79334406363
621 7.60893517242
622 7.56430861713
623 6.92997401121
624 7.75829323053
625 7.51833517363
626 7.33235327673
627 7.18534753679
628 6.98563445951
629 7.21917778058
630 6.93051221033
631 6.92133900392
632 7.76119577321
633 7.4701509052
634 7.50379560285
635 7.39878182616
636 7.18149737138
637 7.99516834666
638 8.56843952011
639 8.51350862177
640 8.2220952115
641 8.38718043834
642 8.63829817455
643 8.16743041161
644 8.94290569052
645 8.82500973358
646 9.05550110682
647 9.24769412369
648 9.5639561417
649 9.67383380533
650 9.86622463394
651 10.1346842942
652 9.80422809105
653 9.66878938515
654 9.93239018541
655 10.1560901442
656 9.86791030191
657 9.36235040025
658 8.92697060361
659 9.63956338333
660 9.08304423295
661 8.92702073499
662 8.88370172086
663 9.54466667293
664 8.99862589201
665 8.74248253037
666 9.17318669019
667 9.40260086827
668 9.19727734171
669 9.24361659079
670 9.16994598172
671 8.61608687084
672 8.63229468891
673 8.69056806233
674 8.47334019437
675 8.70205982226
676 8.65545218659
677 7.76872297089
678 7.37017726416
679 6.97616561468
680 6.62652644705
681 7.41533065135
682 7.06345074851
683 6.78480876561
684 7.1835340151
685 7.3008188811
686 7.76283194288
687 7.24085306981
688 6.87894110772
689 6.34726891665
690 6.31709495034
691 6.31418804259
692 5.98804127691
693 5.93432644816
694 6.7587266317
695 6.33884298369
696 6.70468921703
697 6.06037160068
698 5.37573949174
699 5.4892729949
700 5.8147229517
701 6.07134139441
702 6.23358951502
703 6.53840598516
704 5.98951660001
705 6.06279307628
706 5.67815397798
707 6.19155836691
708 5.61604280213
709 6.06112194105
710 5.61566986087
711 5.28868476202
712 5.15472922883
713 5.15887153245
714 5.22192389205
715 4.9498406404
716 5.06774777723
717 5.30514966177
718 5.54706615637
719 6.02320393232
720 5.77569032158
721 5.92818386602
722 6.29928176869
723 5.55759755303
724 5.92199929663
725 6.22599473252
726 5.8680426738
727 5.88593810391
728 5.78739424412
729 5.67735485381
730 5.78726095675
731 6.03902987393
732 6.02142383004
733 5.99329755256
734 5.59886163515
735 5.93645713273
736 6.00020828782
737 6.15055629678
738 6.21653406225
739 6.47739064023
740 6.41037999621
741 6.27305425724
742 6.46018192795
743 6.52205000768
744 6.29870435975
745 6.47756742059
746 6.404082839
747 6.88379997212
748 6.41051101229
749 5.7198716921
750 5.75122953171
751 6.10963469948
752 6.11687472797
753 6.5258062154
754 6.7078281097
755 6.53134337914
756 6.53348705869
757 6.29774089031
758 6.69307214168
759 6.52298898534
760 6.09687337518
761 5.94726533187
762 5.99851044878
763 5.95064083889
764 6.53652915525
765 7.07614547558
766 6.52514971736
767 6.45717419419
768 6.16864586519
769 6.06072449991
770 6.22576771934
771 6.55496856721
772 6.44231575976
773 5.77040260399
774 5.60938213813
775 6.07059964757
776 5.47571865264
777 5.46800240451
778 5.66778925983
779 5.59973056774
780 5.37668864915
781 4.90064676269
782 4.54313585726
783 4.49015532442
784 5.00779599021
785 5.01071301244
786 5.06891060201
787 5.28183529705
788 5.04276066262
789 4.88613579056
790 5.2541188731
791 5.49111274935
792 5.16469050148
793 5.23789144127
794 5.37007516592
795 5.54150219631
796 5.47080289667
797 5.45777277329
798 5.29487472973
799 5.26900758528
800 5.04914271077
801 4.99505442137
802 4.93354923702
803 4.63038593344
804 4.79858016897
805 4.87468928382
806 5.0737625701
807 5.34820194009
808 4.99972550604
809 4.92842707403
810 5.11087396854
811 5.14286840083
812 4.88053335767
813 4.93875101658
814 4.73887618476
815 4.66156587413
816 4.98142009347
817 4.94534177342
818 4.85174958988
819 5.02118786563
820 5.39209670087
821 5.0192787968
822 4.79281676125
823 4.83168522146
824 5.03272653599
825 5.05908774371
826 4.90416445062
827 5.16088680161
828 5.22581477713
829 4.99805563521
830 5.11323874255
831 4.55089267824
832 4.60608027223
833 4.31735470723
834 4.62399104473
835 4.79536240925
836 4.12427004735
837 3.51520423236
838 3.95579945259
839 4.05568641456
840 4.70223737458
841 4.96160455703
842 4.53551502513
843 4.03265552971
844 3.99595256878
845 4.37407693481
846 4.4702031671
847 4.74971354048
848 4.32924144565
849 4.18223255087
850 4.22424313655
851 4.34406963637
852 4.85025894203
853 4.6791242425
854 4.80440735416
855 5.08140913311
856 4.85725694063
857 5.06434178833
858 4.34665201638
859 4.99656241669
860 4.8981200148
861 5.12094409882
862 4.87694984831
863 4.5255889764
864 4.59673350919
865 4.70226020871
866 4.30291549608
867 4.94144723546
868 4.83279956127
869 4.96553488591
870 4.66672641417
871 5.54850540046
872 5.43854874274
873 4.81093751854
874 4.6633524488
875 4.17240070873
876 4.92885715086
877 4.82466657619
878 4.98647388928
879 4.89977839926
880 4.47473557156
881 4.50214158495
882 4.34168257125
883 4.05690479581
884 4.22679000349
885 4.32030240338
886 4.39456180433
887 4.95983190528
888 5.3137313904
889 4.97517779957
890 4.95294336984
891 5.31441025587
892 4.84837919477
893 4.74296559361
894 4.38451370343
895 4.63955824798
896 4.89154999469
897 4.75797389885
898 4.80857412409
899 4.89888221765
900 4.71285640286
901 4.64484864435
902 5.11810543904
903 4.84881839398
904 5.07238939265
905 5.27843934666
906 5.58888126826
907 4.73649667938
908 4.61488967919
909 4.19190484953
910 3.91836984055
911 4.49328138516
912 4.98285698066
913 5.13818233157
914 5.3303349511
915 5.15564277748
916 4.83472407896
917 5.29260524707
918 6.01544119493
919 6.15562423673
920 5.81335073729
921 5.66443132033
922 5.25625951834
923 4.87929271156
924 5.33086861146
925 5.50690715291
926 5.96536685732
927 6.23738917319
928 6.12174606496
929 6.12649571706
930 6.50262084719
931 6.36698102926
932 5.80977156856
933 6.25131347
934 6.51442940372
935 5.98673997635
936 5.78317670523
937 5.22319675284
938 5.50424817964
939 5.33707379994
940 5.60922925104
941 5.10501343052
942 5.77426236183
943 5.81173734466
944 5.56850421475
945 5.48181419962
946 5.01264876566
947 5.310800459
948 5.6875855194
949 5.50138704104
950 5.53502962413
951 5.38184851229
952 5.29944846522
953 4.63227450952
954 4.74230871514
955 5.30721073067
956 5.02240281683
957 4.49809290373
958 4.32563192242
959 4.12823450537
960 3.80407154422
961 3.73278193147
962 4.10498671819
963 4.75675725127
964 4.07807421816
965 3.93034016898
966 3.95597080275
967 4.09471002802
968 4.08166046893
969 4.2373366096
970 4.41520597098
971 4.51522628439
972 4.14541570551
973 4.3052286738
974 4.03675801399
975 4.1765099178
976 3.27359069233
977 3.43019157579
978 3.13681888971
979 3.61492613378
980 3.13362571497
981 3.15095124244
982 2.94795260087
983 3.16304611006
984 2.82403061837
985 3.25798726079
986 3.27126702287
987 3.37996850918
988 3.6333255966
989 3.74750705346
990 3.99318041507
991 3.61436894335
992 3.68508036032
993 4.33780295082
994 4.32816175395
995 3.60891743064
996 2.98983799196
997 3.703915706
998 3.21424253249
999 3.39985493614
