0 0.0
1 0.145269380348
2 -0.243563022913
3 -0.0345045440844
4 -0.189040122688
5 0.117477454833
6 -0.145706664168
7 0.0320373067157
8 0.176579187475
9 -0.101059674172
10 0.0352419811918
11 0.0198708975205
12 -0.0703749928401
13 0.0836769331598
14 -0.0877454603628
15 -0.157291360276
16 0.0951682855571
17 -0.0481352110804
18 0.175871622148
19 -0.0631587171258
20 0.0436461853545
21 -0.0704013321091
22 -0.0690972242269
23 -0.0782165780229
24 -0.197653644449
25 -0.164277648691
26 -0.156564246344
27 -0.338925124992
28 -0.23722148835
29 -0.281931894806
30 -0.136301949837
31 -0.0276237164881
32 -0.0519659574169
33 0.189075768203
34 0.0395717774174
35 0.233610890685
36 0.226427106166
37 0.186224888369
38 0.138787202411
39 0.193496572341
40 -0.0958419289376
41 -0.167991771962
42 -0.0244690559984
43 0.182935087439
44 0.0831604622562
45 0.0205536983099
46 0.347975307394
47 0.416214978861
48 0.306182312194
49 0.0960424576672
50 0.189812428128
51 0.21192814899
52 0.0358362973276
53 -0.0743908287266
54 -0.0795724990538
55 0.295558109524
56 0.19432136066
57 0.316393992465
58 0.173424333801
59 0.381266596961
60 0.50952965853
61 0.654002772274
62 0.462750094899
63 0.182422138922
64 0.509939623119
65 0.288536693018
66 0.636509290563
67 0.552184094633
68 0.48244179214
69 0.402058193362
70 0.596741140836
71 0.487039613267
72 0.516871368334
73 0.80253422766
74 0.290729471975
75 0.402465430107
76 0.560081751678
77 0.285102430312
78 0.456588577264
79 0.366254361541
80 0.337741180406
81 0.336862099209
82 0.17831559681
83 0.361353777697
84 0.442371408972
85 0.404739542032
86 0.623111141815
87 0.469723684552
88 0.759344767712
89 0.381622687035
90 0.350532847613
91 0.380922655973
92 0.453556264699
93 0.3314015293
94 0.339348240759
95 0.34076566265
96 0.299716408179
97 0.360700454966
98 0.400444047631
99 0.353947539282
100 0.390320658318
101 0.130249442453
102 0.502559386161
103 0.420900012209
104 0.620156943338
105 0.49547010201
106 0.787295057026
107 0.739815852489
108 0.765493494662
109 0.688827261696
110 0.599079260291
111 0.518854730242
112 0.459866584147
113 0.586773610729
114 0.459153607687
115 0.723787492539
116 0.680602809101
117 0.553633788133
118 0.46694616074
119 0.475834168535
120 0.486632081723
121 0.665367672399
122 0.35654484108
123 0.511289626396
124 0.510253646381
125 0.403173938223
126 0.341440057763
127 0.721966428996
128 0.298973967262
129 0.388578232621
130 0.424811950275
131 0.283818444702
132 0.0222712370115
133 0.0405284392921
134 0.364973143038
135 0.294138123958
136 0.296620764345
137 0.318604592477
138 0.215809600913
139 0.344708724519
140 0.2263756078
141 0.285788981131
142 0.269981271032
143 -0.0218167705106
144 0.261307366878
145 0.406897405522
146 0.214532044165
147 0.453365676155
148 0.529693486087
149 0.544222336009
150 0.445009064918
151 0.45558097251
152 0.531144172207
153 0.559196099352
154 0.492172596442
155 0.46033443881
156 0.627599113779
157 0.966305545792
158 1.0419261981
159 0.908712923568
160 0.673361908232
161 0.474899665258
162 0.698251380942
163 0.742921998022
164 1.0593256364
165 0.563746642555
166 0.878991668523
167 0.812236084438
168 1.04426199149
169 0.962839461373
170 0.964517485444
171 0.951085123411
172 0.993993017625
173 1.1224445976
174 1.09147684942
175 0.998430384332
176 1.19908904681
177 0.897716997766
178 0.963381944723
179 1.07520624197
180 0.994095811995
181 0.927556125251
182 0.636010814141
183 0.785426636526
184 0.799747299747
185 0.739066393969
186 0.699976206545
187 0.832634429905
188 0.919100803223
189 1.02014899083
190 0.71973198068
191 0.733930957182
192 1.13656705867
193 1.12691428835
194 0.732704843201
195 0.915176115161
196 0.908891630884
197 0.961472293082
198 1.01091089774
199 1.09186379926
200 0.978857831501
201 1.16553302507
202 1.2470887782
203 0.760634993932
204 0.917860415833
205 1.11622839771
206 1.25963843921
207 1.10696325672
208 1.08665024988
209 1.02758309561
210 0.811495469829
211 0.763444782674
212 0.98239915704
213 1.00531898081
214 0.722698335461
215 0.790728128626
216 1.09912163798
217 0.706587885449
218 0.881954022028
219 1.00173494858
220 1.08812025557
221 0.923333848563
222 1.22548396447
223 0.834391765878
224 0.95860919763
225 0.957411530231
226 1.07026860958
227 1.18876985
228 1.21440596051
229 0.95465435082
230 1.13663705612
231 1.08244155971
232 1.02409790264
233 1.01597790443
234 1.35541798593
235 1.12950695387
236 0.769310425018
237 1.06732187291
238 1.13451264407
239 1.37484352724
240 1.11706762745
241 0.964642775565
242 1.42716746127
243 1.15674707191
244 1.57298584147
245 1.61371439779
246 1.58919257709
247 1.5451965292
248 1.32344559006
249 1.65458992849
250 1.3172599271
251 1.45957817219
252 1.38598680384
253 1.26371429596
254 1.42849834506
255 1.60830180911
256 1.41108592023
257 1.16925875415
258 1.3016609195
259 1.41458322614
260 1.42370519632
261 1.03441841871
262 1.28871008151
263 1.33628611277
264 1.28812844093
265 1.43104501763
266 1.16713858205
267 1.28958485918
268 1.52122953148
269 1.40018697949
270 1.31044944982
271 1.45681173897
272 1.24313912426
273 1.67792296437
274 1.25648076815
275 1.35857795737
276 1.23304781879
277 1.39689514519
278 1.03700856504
279 0.810387778604
280 0.99792976385
281 1.23919840442
282 1.26010346182
283 1.37126138616
284 1.58068721341
285 1.16068838507
286 1.42357550596
287 1.36493543528
288 1.35267552843
289 1.36716870066
290 1.46329774555
291 1.23349170081
292 1.24733496495
293 1.09091108549
294 1.07527084678
295 1.4873026546
296 1.35714183543
297 1.86906652725
298 1.46771305388
299 1.62561841361
300 1.59500067625
301 1.41853061632
302 1.33783180386
303 1.54918151486
304 1.63457593042
305 1.3405022232
306 1.51902196927
307 1.61147764293
308 1.75841154045
309 2.10795970364
310 1.76848154201
311 1.79759648321
312 1.80792532167
313 1.80162723712
314 2.40117773324
315 1.91376988611
316 1.87452095389
317 1.80581057876
318 1.74184253127
319 1.78573772028
320 1.81785525881
321 1.9728164538
322 1.78765085377
323 2.34124024202
324 2.21797228129
325 1.92653580846
326 2.39361376175
327 2.34398949362
328 2.15604798037
329 2.20552377547
330 1.86282861484
331 2.20963799896
332 2.50763083621
333 2.51792100093
334 2.28302774792
335 2.69599278751
336 2.60781749858
337 3.0001243503
338 2.56068331079
339 2.10865860328
340 2.47117930908
341 2.54059387069
342 1.89203380561
343 1.9801028392
344 1.66821710895
345 1.82487530604
346 1.81091736646
347 1.93284282754
348 1.58571716168
349 1.52498086002
350 1.58688402751
351 1.5519694178
352 1.86886427199
353 1.81759462562
354 1.57871666471
355 1.60591325617
356 1.53647623581
357 1.66650929618
358 2.10894187866
359 1.89077742674
360 2.150343536
361 2.0862495717
362 1.93527735222
363 2.25983689502
364 2.68400134535
365 2.2427924891
366 2.9942838489
367 2.68266010918
368 2.52007635121
369 2.41467254986
370 2.63353973022
371 2.12560401265
372 2.4679028426
373 2.73256372029
374 2.46392641516
375 2.80922081919
376 2.49365648096
377 2.13945556757
378 2.32582670091
379 2.38536897461
380 2.47928988076
381 2.25400040449
382 2.62327983124
383 2.60874825033
384 2.73559427993
385 2.57707219785
386 2.25616593212
387 2.70527449423
388 2.6227876183
389 2.43480469525
390 2.50963087299
391 2.16881323467
392 2.88118223742
393 2.68410296438
394 2.94678510385
395 3.0094545852
396 2.51406512911
397 2.82675997339
398 2.92448496542
399 3.24804217579
400 2.88559133064
401 2.8526297417
402 2.87905378577
403 2.70849820008
404 3.59635796749
405 3.27409263033
406 3.50997833454
407 3.4479588798
408 3.19068492765
409 3.30716591033
410 3.38140419661
411 3.32983508049
412 3.67868239983
413 3.20902793638
414 3.13653547409
415 2.86872647956
416 2.42685767114
417 3.01877799044
418 2.79411981768
419 2.86201271339
420 2.84539198135
421 2.64187042756
422 2.92445073438
423 2.67739460621
424 2.67064760636
425 2.3255756572
426 2.55703718781
427 2.54692508184
428 2.61841507302
429 2.56144688936
430 2.80459670096
431 3.21050818111
432 2.88281678069
433 3.44368257224
434 3.08204947492
435 2.76058205792
436 2.96938346106
437 3.22460154404
438 3.1458427114
439 2.73189060783
440 3.25143158519
441 3.47091803145
442 3.58178710013
443 3.20323004628
444 2.90929510992
445 2.95508403078
446 3.08466527692
447 2.75182357502
448 3.26803752621
449 2.96848869921
450 2.30439829457
451 2.53322909743
452 3.10630031008
453 2.87713032512
454 2.74689331132
455 2.68814579795
456 3.03777306175
457 3.33067613992
458 3.18816102228
459 2.77801791076
460 2.92991014211
461 3.21968495466
462 3.13686489849
463 2.7762755886
464 3.13613179807
465 3.31096798967
466 3.13144199127
467 3.15051714313
468 3.39717702593
469 3.38125977711
470 3.39031532507
471 3.82488151616
472 3.25285216885
473 3.21498118085
474 3.44094670147
475 3.5950795816
476 3.71029620279
477 3.48892535369
478 3.56065491318
479 3.5170164033
480 3.36279921612
481 3.46476655406
482 3.4989057798
483 3.51404578021
484 4.08190128143
485 3.96309683325
486 3.98064943366
487 3.49496941785
488 3.36292350631
489 3.25326788146
490 3.51554499405
491 3.45197747052
492 3.25693718118
493 3.49450123677
494 3.12985671542
495 2.94650108287
496 3.50150989935
497 3.93374035218
498 3.97793753335
499 3.82017025899
500 3.79268119482
501 3.98909154474
502 4.15628611863
503 4.03482231137
504 3.92639091352
505 4.09897891244
506 3.62132264669
507 3.68827696438
508 3.43283911352
509 3.68273101199
510 3.79002670698
511 3.57517224572
512 3.4767801615
513 3.51084750819
514 4.00664675534
515 3.98173418268
516 3.69638988958
517 3.37447505371
518 3.41786400994
519 3.33512038997
520 3.48070299469
521 3.24235134215
522 3.21914715616
523 2.80484582896
524 2.79076802847
525 3.2109769089
526 3.06703916441
527 2.9032409518
528 2.75119654107
529 2.58726322221
530 2.79303146798
531 2.88893692894
532 2.74882766706
533 2.87641990475
534 2.84439170496
535 2.64845552108
536 3.03672580509
537 2.95540920003
538 2.68165557909
539 2.64555137222
540 2.47376678892
541 2.62924801663
542 2.15236017689
543 2.44929035277
544 1.9181972323
545 1.72179880723
546 1.94065686623
547 2.00858188851
548 2.12812054794
549 2.57497534728
550 2.49692014735
551 2.29787953799
552 2.31988412284
553 2.4786002919
554 2.27818933605
555 2.05011355685
556 2.37027650497
557 2.23710188553
558 2.65000959782
559 3.23629588934
560 3.3466170965
561 3.28300739039
562 3.21878154324
563 3.27012220218
564 2.67441276913
565 2.68681610936
566 2.56956701236
567 2.76001548639
568 2.95741608328
569 2.44810247479
570 3.32202334095
571 2.90514193355
572 2.93557503234
573 3.10897682376
574 2.94872600389
575 2.90565097183
576 2.99839059244
577 2.74749771338
578 3.31835527137
579 3.37447587214
580 3.36130847441
581 3.19662586036
582 2.94650468573
583 3.18346229769
584 3.0508580178
585 3.18549818013
586 3.63784563922
587 3.93064820212
588 4.07249354005
589 3.34255549691
590 3.59544428578
591 4.15648353659
592 4.13043670806
593 3.86550051901
594 3.89328696011
595 4.25048311832
596 4.23018271878
597 3.97403930875
598 4.19098265141
599 4.31894589062
600 4.02840317019
601 4.05835283812
602 4.3337472198
603 4.26609769114
604 4.11019601017
605 4.37378745149
606 4.57411615688
607 4.29086295421
608 4.24687283662
609 4.74420777986
610 4.78931538304
611 4.41615242266
612 4.7717112808
613 4.23443841218
614 3.84925168874
615 4.04833159316
616 4.19358101988
617 4.30167960035
618 4.10820066798
619 4.38351616616
620 4.24149751404
621 4.03122322838
622 4.2543935014
623 4.01822465362
624 4.64488386915
625 4.19128550152
626 4.12322078562
627 4.37705418426
628 4.53277943766
629 4.56702597209
630 4.33349029966
631 4.65033313163
632 5.02302263309
633 4.62076539225
634 4.33347027592
635 4.456299817
636 3.97522332906
637 3.92878320446
638 4.08627424337
639 4.00781010455
640 3.75369391216
641 3.7718195662
642 4.06914305297
643 4.25568904852
644 4.56797967046
645 4.54395504053
646 4.50495926622
647 4.26641991782
648 3.99462625408
649 4.05741288284
650 3.92003490133
651 4.0690183596
652 4.40599097696
653 4.08206156998
654 3.92710471717
655 4.26045499622
656 4.03920538679
657 4.169151426
658 4.80247421671
659 4.41207871717
660 4.40603634227
661 3.9496623839
662 4.13186639046
663 4.06610049577
664 3.87967285768
665 4.02057350099
666 3.9773936513
667 4.18392924027
668 4.38255370995
669 4.36256261218
670 4.34980663922
671 4.98470341732
672 4.70406762526
673 4.36541726182
674 4.70949724085
675 4.67627971368
676 4.90258750617
677 4.60630957715
678 4.26348185701
679 4.42955912541
680 4.88551818712
681 5.13324193241
682 4.72018701318
683 5.3595675091
684 4.95180082396
685 4.5966065999
686 4.38963283636
687 4.76613342525
688 4.73822893547
689 4.82400078013
690 4.57177231483
691 4.68777311169
692 5.11558478664
693 4.89353540178
694 5.12064575278
695 4.46269906111
696 4.87059853087
697 5.04994670444
698 4.8804816083
699 4.65317222217
700 4.77607809924
701 4.36763261236
702 4.23955427336
703 4.11980408331
704 4.33490283834
705 4.41583873222
706 4.53651846385
707 4.54735443502
708 4.73406603087
709 4.86626588533
710 4.67410806797
711 5.08910284841
712 4.6891281259
713 4.81211865267
714 4.4036118553
715 4.7926463441
716 4.63793520987
717 4.17228096918
718 4.00157019634
719 4.29449916222
720 4.75531849969
721 4.950148539
722 4.87228036928
723 5.49673032932
724 4.97866739935
725 4.99896954246
726 5.33188749463
727 5.10621916535
728 5.3296927769
729 5.3271142812
730 5.18679186201
731 4.61491956243
732 5.32519320013
733 5.56479894002
734 5.17806253392
735 5.01340193187
736 5.36610487547
737 5.24714092518
738 5.23606619009
739 4.68534536251
740 4.69558843391
741 5.12625539255
742 5.03520175758
743 4.94864293143
744 4.29030765026
745 4.71827718608
746 4.66299616738
747 4.28746927821
748 4.34748026823
749 4.92107923165
750 4.58599800091
751 4.72928795491
752 4.58972492013
753 5.01272153836
754 5.1113138936
755 4.72057698346
756 4.97406520862
757 4.54587172699
758 4.60468452341
759 4.90333799708
760 4.66456399913
761 4.24050629696
762 4.57568475725
763 4.54042715878
764 4.60239814875
765 4.76219402396
766 4.81160542699
767 5.13527597153
768 4.83486704438
769 4.77715846528
770 4.71896414017
771 4.7910648919
772 4.50124679543
773 4.57276513322
774 5.06592995327
775 4.56715420381
776 4.92331571736
777 5.02845490302
778 5.04157716396
779 5.37116750963
780 4.91561692759
781 4.82912572965
782 4.51218915908
783 4.82545901414
784 4.60317056634
785 4.7377134412
786 4.95245207474
787 5.33561334852
788 5.26428559311
789 5.23173907638
790 5.09719517745
791 5.07283126938
792 5.23923102199
793 4.88628130859
794 4.94792278061
795 4.81452886976
796 5.01014699112
797 5.07359802549
798 5.27250292793
799 4.95051863438
800 4.8146400581
801 4.79636544118
802 4.74987172901
803 4.61430590304
804 5.04880779636
805 5.13063968752
806 5.24778546181
807 5.05314533814
808 4.73220132835
809 4.86591982262
810 4.64349252662
811 4.4709046831
812 4.67861154143
813 5.04543363645
814 4.62416575598
815 5.04935299124
816 5.23218821615
817 5.13712013632
818 4.99392849557
819 4.6192737413
820 4.92257542698
821 4.50374893046
822 4.56706543841
823 4.70223361269
824 4.47057268599
825 5.19054602917
826 4.88417847614
827 4.58261333814
828 5.05179091673
829 4.61575191497
830 4.90767530872
831 5.01002017986
832 4.90211128402
833 5.03737288178
834 4.97200645593
835 5.15776525902
836 4.94346146153
837 5.53999436369
838 5.28826803568
839 5.32737136193
840 5.05275295514
841 5.36926489521
842 5.37027189039
843 5.55503187628
844 4.93048157772
845 4.99857472831
846 4.74705909596
847 4.93082820346
848 5.36924601549
849 5.17447054468
850 5.78310022441
851 5.62243923747
852 5.65091273349
853 5.70371108912
854 5.40908876115
855 5.45454279128
856 5.26235864167
857 5.04620064994
858 5.06155708386
859 5.37950156462
860 4.77111021787
861 4.57264641646
862 4.52599109785
863 5.03296575368
864 4.74373789523
865 4.94382959489
866 5.04248230784
867 5.18421489996
868 5.17592427095
869 4.71182281802
870 4.8313770458
871 4.75969707956
872 5.47364113411
873 5.11879244287
874 4.9124140588
875 4.91020896966
876 5.06225136499
877 4.77395363775
878 4.95633037026
879 4.92406940361
880 5.33398039775
881 5.24173519105
882 4.82958311686
883 4.94212727358
884 4.845509834
885 4.81056239691
886 4.97319834404
887 4.83370031713
888 4.95166698542
889 4.40349336498
890 4.39695669479
891 4.41885833123
892 4.96017924697
893 4.97867148666
894 4.81372516346
895 4.53941317131
896 4.88990289167
897 5.42771805337
898 4.87653274935
899 4.63784111504
900 4.4490349207
901 4.81971262911
902 4.89685403221
903 4.93959852634
904 4.76687390999
905 4.52927816859
906 4.5759529637
907 4.76520680467
908 4.72045850836
909 4.56453477852
910 4.89826220688
911 5.07658493725
912 5.22727072189
913 5.26749362872
914 5.49797864955
915 5.22114756939
916 5.44208873008
917 5.73888564535
918 5.68547033557
919 6.35436442144
920 6.12360529192
921 5.8993926184
922 5.60227362718
923 5.5307519263
924 6.07883117124
925 5.57375957863
926 5.9154114298
927 5.85746987261
928 6.00775604393
929 5.84345097475
930 5.68299553637
931 5.4982273981
932 5.56731468455
933 5.65929418905
934 5.55435252557
935 5.74606445417
936 5.46213820052
937 5.22646285081
938 5.27102385216
939 5.14343077841
940 5.46776115319
941 5.33247474934
942 5.09173445722
943 5.5634013773
944 5.38044839839
945 5.16962520709
946 5.20851751393
947 5.44521578208
948 5.34984210013
949 5.25710361788
950 5.67315263011
951 5.85140900033
952 5.92788716356
953 5.6399417334
954 5.75960214756
955 5.52590609126
956 5.44574523954
957 5.65597543622
958 5.53227104806
959 6.08207759901
960 5.96799879979
961 5.70203909
962 5.61616298844
963 6.40831887683
964 6.41609181188
965 7.03777431566
966 6.59389113943
967 6.57729613653
968 6.31413145133
969 6.82158849052
970 7.31629246112
971 6.88980452811
972 6.88206600278
973 6.66349242191
974 6.36761921818
975 6.12070329227
976 6.56027296697
977 6.6727043091
978 6.27378739992
979 5.99608170235
980 6.08183676216
981 5.63538641006
982 5.60267151552
983 5.28493067052
984 5.8971288739
985 6.14300216226
986 6.13312742607
987 5.91548333994
988 5.8120232139
989 5.82626535046
990 5.06486523545
991 5.14659634179
992 5.23694675136
993 5.19615131528
994 5.27586332484
995 5.16222184722
996 5.1195792145
997 5.10211028643
998 4.73650091532
999 4.87586812089
