0 0.0
1 -0.00162378842632
2 -0.0686492499202
3 -0.0846025877356
4 0.0787749020353
5 -0.223108035197
6 -0.160254443238
7 -0.00312849487132
8 -0.00599011522537
9 0.0200611232484
10 -0.238272854692
11 0.0977501868608
12 0.109365824651
13 0.0837847948908
14 0.183385308489
15 0.364072702484
16 0.292771701547
17 0.386525869006
18 0.368603463735
19 0.143865197532
20 0.152298887191
21 0.287529695604
22 0.0845834868925
23 0.101439148994
24 0.143896747004
25 -0.153232171557
26 0.225718305166
27 -0.0236642027869
28 0.138241308663
29 0.311006323021
30 0.125809471376
31 0.266227219849
32 0.446263775802
33 0.404691173835
34 0.136407195089
35 -0.100459954859
36 0.0644458166778
37 0.046047096359
38 -0.0960367846234
39 -0.0680793682296
40 0.0408913530896
41 -0.189110464546
42 0.071368522881
43 -0.136291181242
44 0.135385831346
45 0.115145251844
46 -0.0152328734177
47 0.152084280808
48 0.0258546190969
49 0.150592356369
50 0.126104702256
51 -0.0956980460815
52 0.174506221642
53 0.247376290618
54 0.0589616030444
55 -0.0539228799769
56 0.259873421088
57 0.129881557114
58 0.102199186968
59 -0.289940942509
60 -0.0486522909295
61 -0.0162336050459
62 -0.0364399576429
63 0.111553533728
64 0.0385973993863
65 0.0174369594368
66 0.0260197793399
67 -0.0218450022505
68 -0.143093117094
69 0.0299138369122
70 -0.0981313124047
71 -0.153678862266
72 0.0243527810523
73 0.0690473848239
74 0.00701276307271
75 0.111095055565
76 0.210474320298
77 -0.0370820664239
78 0.151452107637
79 0.0995510116075
80 0.144192829427
81 0.278037850093
82 0.189787219328
83 0.264392336476
84 0.258536107608
85 0.300097657518
86 0.393322971094
87 0.261960981093
88 0.145463006997
89 0.233433267445
90 0.278758650804
91 0.157360884535
92 0.259624102823
93 0.456896249475
94 0.0499293549406
95 0.194087395107
96 0.275130177777
97 0.145188541022
98 0.229573097169
99 0.340767261192
100 0.334307406313
101 0.184918768486
102 0.314719414251
103 0.699307222943
104 0.335268646426
105 0.629749234275
106 0.165587089395
107 0.415571834942
108 0.433429610247
109 0.477686245474
110 0.196468141429
111 0.441975535583
112 0.705725783008
113 0.0860677199778
114 0.350920379554
115 0.341561068969
116 0.40714186517
117 0.302767759637
118 0.240668536103
119 0.505564909657
120 0.310340389279
121 0.359205133347
122 0.43261383992
123 0.334442041803
124 0.389520755822
125 0.472078286843
126 0.561946080561
127 0.563276449615
128 0.641116749139
129 0.739945981393
130 0.371076800127
131 0.449457451888
132 0.621059953788
133 0.472130430756
134 0.17963521822
135 0.253825502662
136 0.606869825056
137 0.629243192536
138 0.468882333806
139 0.398398636681
140 0.419502635786
141 0.525137635258
142 0.399085651692
143 0.489764225151
144 0.317369676346
145 0.456665239869
146 0.43992241278
147 0.501939939705
148 0.497102880252
149 0.968143804069
150 0.63536966805
151 0.768177030493
152 0.822411073435
153 0.807136476512
154 1.03827399285
155 1.15628300836
156 0.972977981929
157 1.31270990584
158 1.11551547819
159 0.873423380617
160 0.881121634646
161 0.959481925477
162 1.01590187487
163 1.17318637567
164 1.11911732727
165 1.07878763184
166 0.841868513117
167 0.886982312394
168 0.891939410316
169 0.949925049784
170 1.0246619719
171 1.08101227594
172 1.04421343687
173 0.942376793344
174 0.789869830308
175 0.986447974136
176 1.07602459391
177 1.0285303265
178 1.0241010283
179 1.12396688741
180 0.954344064573
181 0.815073494844
182 0.922930368338
183 1.0435797505
184 0.824777221175
185 0.941790718822
186 0.970276516529
187 1.24927264742
188 0.938023725667
189 0.931308631157
190 0.871551891811
191 1.00379251373
192 1.02643176932
193 0.994246908806
194 1.03247384836
195 1.0118802133
196 0.876094540419
197 1.13312856232
198 1.08903851189
199 0.576883859118
200 1.22224186569
201 0.967313559769
202 1.05228960102
203 0.845206669846
204 0.825705983534
205 0.643423906534
206 0.937482473831
207 1.15135602189
208 1.26734149302
209 1.16146232649
210 1.26392147318
211 1.20801623707
212 1.13482657249
213 1.42112739528
214 1.14826066874
215 1.23291861036
216 1.34312603392
217 1.26202125496
218 1.00250507972
219 1.27672125121
220 1.08892271465
221 1.47488471479
222 1.39654672178
223 1.59171934187
224 1.6129110507
225 1.77632931836
226 1.7737401835
227 2.15344615214
228 2.28318022497
229 1.91724652893
230 2.04282515626
231 2.65572405701
232 2.60307141505
233 2.78834902855
234 2.65338157794
235 2.47746948549
236 2.53436266863
237 2.71377343064
238 3.17072866514
239 3.27303420385
240 3.49151833286
241 3.91667007076
242 4.06376410114
243 3.93441470237
244 3.75218551155
245 3.68961443435
246 4.31471187092
247 4.59457398699
248 4.27297562999
249 4.35534654212
250 4.46820951429
251 4.32235094553
252 4.36048807795
253 4.40383328991
254 4.91513910304
255 4.95961659607
256 4.94317120868
257 4.80008675296
258 4.60643462148
259 5.0010940062
260 4.81631670488
261 4.69436672034
262 5.16388604816
263 5.20918998905
264 5.19512743965
265 5.28336010796
266 5.00223409686
267 4.73786036649
268 4.73939409485
269 4.68118400417
270 4.79150810705
271 4.8290827787
272 5.05839035953
273 4.89561038807
274 4.47776517943
275 4.85368248868
276 5.09820482355
277 5.10741240234
278 4.82964611595
279 4.89372358656
280 4.99410069252
281 4.76766325199
282 4.82134885857
283 4.95265894705
284 4.57119008339
285 4.57179623222
286 4.78642484202
287 4.87416810495
288 4.91291468927
289 4.93310646727
290 4.60212051754
291 4.65406609376
292 4.79863384499
293 4.67710882439
294 4.98391932047
295 4.90995708634
296 5.01900724855
297 4.9045896926
298 4.65487522699
299 4.47084377412
300 4.69697017918
301 4.81481505078
302 4.78335188159
303 4.58712920938
304 4.76901141747
305 4.30938828278
306 4.51989493723
307 4.75219987201
308 4.68381427769
309 4.46342039498
310 4.18992539969
311 4.22567765773
312 4.30067642761
313 4.10453134231
314 3.79061158039
315 3.86626304736
316 4.40315711061
317 4.45397805862
318 4.5053622043
319 4.19240599298
320 4.27738159746
321 4.49669673668
322 4.60623679505
323 4.44089542525
324 4.33501277354
325 4.70984750262
326 4.55975609727
327 4.53729597107
328 4.13072781531
329 3.70126238425
330 3.6562669749
331 3.42057390146
332 3.69468305093
333 3.81452128401
334 3.9625402693
335 4.27744827768
336 3.82895798896
337 3.75408231051
338 4.1933813462
339 4.11088053183
340 3.86503519586
341 3.44445472847
342 3.68322816117
343 2.97402092705
344 3.04740427135
345 3.42750501527
346 3.57006047196
347 3.65809551557
348 3.31457004114
349 3.55158605369
350 3.40024334496
351 3.42278327041
352 3.25792893268
353 3.4705630003
354 3.78285315312
355 3.57940564577
356 4.0370646587
357 4.08757040703
358 4.21292745737
359 4.10419214863
360 4.11622117762
361 4.26344667159
362 4.27253994448
363 4.17916900236
364 4.22559623785
365 4.25743048023
366 3.67802541154
367 3.82175457202
368 3.6180693665
369 3.97398326157
370 3.6621145838
371 3.39433054289
372 3.61113023121
373 3.68611136901
374 4.22579550686
375 4.28600492992
376 3.68455294879
377 3.70512139458
378 3.52046959964
379 3.63053612291
380 3.36502750068
381 3.37894063918
382 3.49467784131
383 3.21846850741
384 3.29431883164
385 3.49638803941
386 3.33203597885
387 3.06962078848
388 3.43282242288
389 3.41728684628
390 3.42232172373
391 3.51582868146
392 3.87422502642
393 3.61029282319
394 3.54809772127
395 3.59172022722
396 4.06241339098
397 4.14645819269
398 3.93999323348
399 4.32209822023
400 4.85370136388
401 4.86849754919
402 4.92706225672
403 5.11168192755
404 5.11607219582
405 5.47861752278
406 5.11814475916
407 5.78114520555
408 5.7488619984
409 6.02726125575
410 5.98055158327
411 5.78882285567
412 5.65072837624
413 5.80054517563
414 5.12492178488
415 5.35464560905
416 5.72239113787
417 5.69079040071
418 5.52569927215
419 5.72872115734
420 5.45655459831
421 5.13359475227
422 5.37367116786
423 5.40159545062
424 5.42733469087
425 5.56835834037
426 5.25738183875
427 5.68006354596
428 5.56215744294
429 5.85361860849
430 6.14110584006
431 6.00494958562
432 5.78180027145
433 5.76090734832
434 6.11499593017
435 5.63777855777
436 6.10833000639
437 6.03975846197
438 5.90546560537
439 6.23334177145
440 6.12662008932
441 6.18345575619
442 6.46697717236
443 6.45563160951
444 6.2889744801
445 6.54977995001
446 6.22110757925
447 6.0003267988
448 5.88297818399
449 5.73339028802
450 6.13263660658
451 5.99407226112
452 6.09280391422
453 6.36924832621
454 5.85855539182
455 6.73292102356
456 6.32452418354
457 6.47486244172
458 6.35505883217
459 6.65816939661
460 6.21034596913
461 6.60004317524
462 6.93299292053
463 7.07390243577
464 6.82179400765
465 6.87342405318
466 7.14918219726
467 7.20866904356
468 7.31624397267
469 7.09699260772
470 7.09913024511
471 7.37615657831
472 6.88669862759
473 6.72776223746
474 6.91730077124
475 6.54523580082
476 6.3745829833
477 6.5403070129
478 6.39068926709
479 6.05591605275
480 6.57574158352
481 5.84368912022
482 5.69212154644
483 5.68125543548
484 5.66974149846
485 6.46851228632
486 6.50251029932
487 6.29945777528
488 6.23137841141
489 6.2341386056
490 6.36934668771
491 6.43663952252
492 6.86034554108
493 6.56522425601
494 6.66829813582
495 7.1066394988
496 6.82698123971
497 6.82888609151
498 7.09217119379
499 7.34948439441
500 7.5511472486
501 7.13717894928
502 7.4175831449
503 7.05228796023
504 7.11797874766
505 7.47745875381
506 7.57732983637
507 7.0642512749
508 7.42077843751
509 7.65323061014
510 7.22671491659
511 7.77400696171
512 7.14151102098
513 7.06382104237
514 7.37160756168
515 7.22623726339
516 6.99993711252
517 6.35097890968
518 6.77089009511
519 6.54713864989
520 6.23594583921
521 6.25189035505
522 6.35621306873
523 6.62730945414
524 7.03572364578
525 6.90638037066
526 6.41322528137
527 6.77138517279
528 6.85867742756
529 6.41818097809
530 6.95010987216
531 6.66962989991
532 6.6438878044
533 6.62621651908
534 6.56505247274
535 6.92064939377
536 6.25413207761
537 6.55572658673
538 6.99450008249
539 6.73563624437
540 6.57145655256
541 6.36614455741
542 6.13656132486
543 6.22553478269
544 5.88279235759
545 5.91590175916
546 5.88162475926
547 5.80626018206
548 5.50943704101
549 5.89033171796
550 5.42512094543
551 5.66660782863
552 5.81030523802
553 6.06832555646
554 6.23002342325
555 5.91286438817
556 6.15838337102
557 5.58881625904
558 5.76966776056
559 5.95386838276
560 6.55809690923
561 6.55027716939
562 6.01044938217
563 6.32401597613
564 6.32334082225
565 6.22864755084
566 6.12598738352
567 6.02730989381
568 5.79867436948
569 5.58729007591
570 5.99611162377
571 5.86112221042
572 6.15816361995
573 5.90358196795
574 5.70667881121
575 5.94212008426
576 5.87834503489
577 5.46410236211
578 5.35408534006
579 5.47810333856
580 5.77380796333
581 6.01050238861
582 6.0040398543
583 6.02107476777
584 5.64621131801
585 6.04763604532
586 5.96015126349
587 6.08205703206
588 5.9852068388
589 6.55090342123
590 6.69286046693
591 6.81026736178
592 6.6871147101
593 6.61577865964
594 6.1254265622
595 6.64731271054
596 6.77088093246
597 7.00022886375
598 7.03835568356
599 6.68214532187
600 7.08622588505
601 7.30813888759
602 7.02637371411
603 7.60830134688
604 7.02094025806
605 6.38499794605
606 6.5667983997
607 6.61060962728
608 6.32037879465
609 6.86621472613
610 6.7025501751
611 6.5266548197
612 6.27558466605
613 6.45469826052
614 6.48167502106
615 6.80810344469
616 6.80951026822
617 6.7202288067
618 6.09488811717
619 6.14831240387
620 5.73419921654
621 5.90192937538
622 6.05946414898
623 6.52289378027
624 6.09947018146
625 6.18983876099
626 6.00885461951
627 6.33450223016
628 5.95780446911
629 6.2624648264
630 6.23032581333
631 6.68822987242
632 6.71238946506
633 6.92895924145
634 6.7364533177
635 6.57843202008
636 6.54270476959
637 5.95180939639
638 6.53111933697
639 6.3316136215
640 6.17953007356
641 6.4100864066
642 6.35227089358
643 6.39178070199
644 6.8659472366
645 6.66903576906
646 6.92813064233
647 6.74638388839
648 7.15526835616
649 7.54913961564
650 7.78042807237
651 8.14431288935
652 8.27929107677
653 8.06482465243
654 7.65963886071
655 7.82273085661
656 7.73475701226
657 8.12431861051
658 8.28955307015
659 8.30330513847
660 8.33185566141
661 8.28878069781
662 7.85084663136
663 7.72194250207
664 7.44185662419
665 7.30371206401
666 7.66534447906
667 7.62489211233
668 7.16478273094
669 7.37523802122
670 7.45634846909
671 7.61316427922
672 7.51156320511
673 7.63139311401
674 7.47842234304
675 6.96942569845
676 7.21038891308
677 7.28662916436
678 6.77537875593
679 6.72214827857
680 7.28215278155
681 6.83663875866
682 6.88300095061
683 6.35283256101
684 6.8512045583
685 6.35222798974
686 6.49696738674
687 6.55779547525
688 6.2218072966
689 6.35010562355
690 6.52438700865
691 6.32406782193
692 6.36073004161
693 6.64580827327
694 6.4852941282
695 6.67688134681
696 6.43855470639
697 6.38783738596
698 6.29796620733
699 6.5344384927
700 6.47921980012
701 6.54388631015
702 6.58479241675
703 6.57417644084
704 6.66118177927
705 6.61362307852
706 6.92348449256
707 6.67223324121
708 7.1422691727
709 7.06314863326
710 7.12729131975
711 7.06299703946
712 7.07305490959
713 7.05607181144
714 7.27549992721
715 7.08351569571
716 7.08302163555
717 6.9391265055
718 7.77884932789
719 7.5244618156
720 7.25092858406
721 7.26284627481
722 7.26812084878
723 6.84947255233
724 7.20518834868
725 7.07365663441
726 6.59063309896
727 6.49564783754
728 6.30820103721
729 6.88219152529
730 7.13607846861
731 6.75503461122
732 7.11795819347
733 6.75521022205
734 7.04022333215
735 7.13273861631
736 6.74750356058
737 7.10715714258
738 7.06554244329
739 6.88652054802
740 7.21023150547
741 7.31107359356
742 7.12513837637
743 7.18372080978
744 6.94179146074
745 6.94569348407
746 6.79468771416
747 7.17406085091
748 6.95790415942
749 6.71259961417
750 6.96638856852
751 6.89166694562
752 6.8423759621
753 6.92736039066
754 6.63306372389
755 6.64094234448
756 7.41662593505
757 7.33912296605
758 7.13621875545
759 6.97779824415
760 7.2713592831
761 7.31959073494
762 7.44033243069
763 7.88540103163
764 7.65673934124
765 8.29720108318
766 8.09227933218
767 7.68332004209
768 7.2132104213
769 7.27043499741
770 7.13360530916
771 7.48463722765
772 8.04152375603
773 7.94518805655
774 8.29976072743
775 8.15996995765
776 8.19347325989
777 8.25447947375
778 8.35064580646
779 8.76354067646
780 8.70388520493
781 8.79280032898
782 9.07685728948
783 8.65065101342
784 9.00850622034
785 8.71850432517
786 8.47975691636
787 8.52107398297
788 7.97361994887
789 8.39985446894
790 8.60956684137
791 8.70767981679
792 8.47484528315
793 8.51526774719
794 9.0344150782
795 8.98655552223
796 9.15235211501
797 8.52383766323
798 8.33892627136
799 8.14654919081
800 7.8288354558
801 8.39898059185
802 8.62096566842
803 8.57578998779
804 8.93033584298
805 8.97881563386
806 9.09822928949
807 8.57377977525
808 8.65148958344
809 8.6576792403
810 8.38618095483
811 8.10964325475
812 8.08023227207
813 8.37976667288
814 8.8277651181
815 8.55208742052
816 8.93379870252
817 9.14869630558
818 9.08552929694
819 8.92507353434
820 9.13746417216
821 9.31336671926
822 9.37195847646
823 9.51275832728
824 9.45527827031
825 9.31246627219
826 9.3344420877
827 9.37644444683
828 9.54087178968
829 9.65345807185
830 9.85202128432
831 10.0488792475
832 10.7709065937
833 10.3421219386
834 10.448660894
835 10.3929624238
836 9.938533852
837 9.9466058482
838 9.70935462961
839 10.1207833338
840 10.1736587841
841 9.8006476694
842 10.0375811732
843 10.4314945962
844 10.8583175471
845 10.6501880989
846 10.1980648806
847 10.5424685057
848 10.9524988574
849 10.6591612841
850 10.7967707315
851 11.3359381501
852 11.3197307756
853 11.043959856
854 10.5104788676
855 11.1553651052
856 11.0358388049
857 11.3165039836
858 10.7158190607
859 10.5015216685
860 11.0789099878
861 11.028070903
862 10.5747028368
863 10.4193853571
864 10.4599456407
865 9.73267511533
866 10.0616960742
867 10.5167489544
868 10.4465327131
869 9.74235049045
870 10.7058281942
871 10.5203036997
872 10.8143717477
873 10.7767323623
874 10.8087766506
875 11.4910327914
876 10.922271346
877 10.8633299249
878 10.7716415068
879 11.2833156102
880 11.2850312064
881 11.6361231814
882 12.2169571564
883 12.8062624049
884 12.2924880771
885 12.3943304989
886 13.0363539489
887 13.520354105
888 13.547277095
889 13.4551704849
890 12.7619888297
891 12.8000312613
892 12.744005049
893 13.2556395274
894 13.0843364107
895 13.1182519471
896 13.0387138431
897 12.9769622458
898 12.776800208
899 13.0079782678
900 13.0059786589
901 12.8558278884
902 13.1649718448
903 13.1806943948
904 13.7780436814
905 13.6817213961
906 13.6473935083
907 13.5249418696
908 13.8802477551
909 13.7028798263
910 13.9165941405
911 13.5347321073
912 14.1707203214
913 14.0716561303
914 13.6582450353
915 13.8449262758
916 14.1737266518
917 14.3056287819
918 14.2946293113
919 13.8151111144
920 12.975232316
921 13.3657902407
922 13.5085594617
923 13.3399468381
924 12.8526529454
925 13.0222603285
926 12.7900017331
927 12.6953377837
928 12.5852026795
929 12.4384246961
930 12.1863298195
931 12.7998504861
932 12.5320005278
933 13.2247727293
934 13.1592144194
935 14.0564070596
936 14.3125991837
937 14.4095889284
938 14.2867472934
939 14.538422138
940 14.2387059585
941 14.2426331851
942 15.0426440172
943 14.7639999527
944 14.9268193359
945 14.768173137
946 14.9559854312
947 15.1747987276
948 15.6627000672
949 15.8762335634
950 15.9225610229
951 15.4677553424
952 16.1669049297
953 15.9934172132
954 16.6130055552
955 16.5762373308
956 16.7910152906
957 16.506592703
958 16.4469046866
959 16.1182930759
960 16.592426173
961 16.7493771247
962 17.0164607702
963 16.5064240524
964 16.092962429
965 15.4824574851
966 15.7854750673
967 15.5059046146
968 15.3280277602
969 15.1892428726
970 15.3720058988
971 15.3042096546
972 15.3148151451
973 15.0409405426
974 15.305895547
975 15.8153976697
976 15.4752305905
977 15.7989086082
978 15.6635545046
979 15.6122996821
980 15.5293946904
981 15.6969643932
982 15.1955416258
983 14.7688494767
984 15.1588664113
985 14.4417305281
986 14.3573055166
987 14.0829277895
988 14.6353937745
989 14.3484553524
990 14.364031899
991 14.5197728076
992 14.8244538502
993 14.8183800217
994 14.193548843
995 14.419988715
996 14.3638243985
997 14.9815237654
998 14.8858616748
999 15.0932050936
