0 0.0
1 -0.317193000797
2 -0.323066856598
3 -0.195589739431
4 -0.0600006870318
5 -0.215378813305
6 0.0293802030503
7 -0.406097732468
8 0.00805544265824
9 -0.127273823098
10 -0.0531800458468
11 0.0127650956707
12 -0.116112346907
13 -0.166140364561
14 -0.176469460878
15 0.0958302307354
16 -0.109453458583
17 0.00220928846727
18 0.0182861004364
19 -0.000828122117131
20 -0.131840926451
21 -0.204301319701
22 -0.213141899247
23 0.063732413011
24 0.123514699516
25 -0.0907948895356
26 -0.0375425558151
27 -0.275353603693
28 -0.0583061084896
29 0.0644234697216
30 -0.228686251878
31 0.351858180711
32 -0.0696864847364
33 -0.187255552462
34 -0.138498736508
35 -0.114471602186
36 0.114994253986
37 0.186457821999
38 0.04655934047
39 -0.0596639043742
40 -0.00799524549065
41 0.252217042169
42 -0.100196383204
43 0.0590612299834
44 -0.0736097409356
45 -0.132306715617
46 -0.10054141647
47 -0.0190793600348
48 -0.157373535408
49 -0.0488108419744
50 -0.0379890741844
51 -0.0885945251046
52 -0.0688839204458
53 -0.0511056728302
54 -0.0151440374754
55 0.047359779317
56 -0.200464711437
57 0.0732359175871
58 -0.214991272652
59 -0.122354222581
60 0.0203646990809
61 0.0153145890937
62 -0.0828259365687
63 0.152353146273
64 -0.0433481346139
65 0.151888626027
66 0.362694584683
67 0.210120439512
68 0.0155278987234
69 0.0495867352237
70 0.0191513305558
71 0.363196077493
72 0.15892589159
73 0.412329932939
74 0.322141561541
75 0.381310347959
76 0.151387896366
77 0.412215885666
78 0.0707984092382
79 0.237240157265
80 0.12641597343
81 0.231716496948
82 0.257197632634
83 0.300383854223
84 0.223544604352
85 0.0635473710978
86 0.21975089417
87 -0.0228027826527
88 0.290349599627
89 0.521005870688
90 0.0529213219811
91 0.0670723975018
92 0.425923184378
93 0.434682999228
94 0.541577399824
95 0.386214422446
96 0.466725173399
97 0.373140738617
98 0.350764732148
99 0.506694449601
100 0.166402729921
101 0.254867461748
102 0.0272598516042
103 0.217310088
104 0.446300959854
105 0.347377856277
106 0.231913395696
107 0.199946183401
108 0.272578374999
109 0.110635447846
110 0.230133727707
111 0.0559756794855
112 0.12871222044
113 0.0389695455447
114 0.144607067314
115 0.327628619015
116 0.006629553349
117 -0.0172796395928
118 0.029605237917
119 0.0140564270131
120 -0.0574928756585
121 0.120027331177
122 0.0551993050588
123 0.296014084497
124 0.134546384534
125 0.22166572278
126 0.264831182407
127 0.28108168351
128 -0.0971201966374
129 0.122222615752
130 0.289989072652
131 0.0316027118825
132 0.262893871613
133 0.329823036708
134 0.164027198405
135 0.265759582604
136 0.119722194576
137 0.318678729982
138 0.302033121491
139 0.206651532529
140 0.175745404658
141 0.208548442674
142 0.299263867822
143 0.0597171703043
144 0.435677434434
145 0.229217748124
146 0.261362439315
147 0.44442457276
148 0.145814093627
149 0.30310161701
150 0.442518933191
151 0.268827902264
152 0.427076735191
153 0.385340088658
154 0.0524251003026
155 0.354611570843
156 0.301868456668
157 0.307653584316
158 0.387330484719
159 0.333795975021
160 0.452257054329
161 0.0864836459258
162 0.287854750776
163 0.0558884419234
164 0.168253482969
165 0.457939493563
166 0.0649632556706
167 -0.0369609623611
168 0.107512396039
169 0.166092147229
170 0.0140166779782
171 0.13106883998
172 0.257385682183
173 0.287780143429
174 0.319810591457
175 0.275959394517
176 0.35469347978
177 0.255193775207
178 0.27874445432
179 0.504829818073
180 0.478714967607
181 0.347952186635
182 0.233374414917
183 0.409913949595
184 0.526090437166
185 0.545251434782
186 0.485289942597
187 0.487796829933
188 0.490594678506
189 0.460126096953
190 0.644414787089
191 0.698577730951
192 0.626264563417
193 0.5879376832
194 0.404893685159
195 0.476470353861
196 0.400396882038
197 0.284817102952
198 0.582587770903
199 0.569842222022
200 0.485734884557
201 0.628305451704
202 0.649419312585
203 0.490245950508
204 0.54490748464
205 0.535552558387
206 0.580099071594
207 0.332859906265
208 0.282558634503
209 0.205841959741
210 0.28389023351
211 0.392121077943
212 0.403460231456
213 0.709968172385
214 0.594927175898
215 0.627828226409
216 0.573533568424
217 0.819363600803
218 0.76782056499
219 0.663826378756
220 0.636661944698
221 0.699134477909
222 0.776096612712
223 0.597014161028
224 0.806339386026
225 1.17170666061
226 0.790573420941
227 0.414703424983
228 0.734862783699
229 0.642982771166
230 0.686959061497
231 0.626884433368
232 0.776167477704
233 0.713896280059
234 0.323916296403
235 0.38369435462
236 0.811822891843
237 0.821798922913
238 0.582177732306
239 0.649256204117
240 0.481049983125
241 0.767449378761
242 0.404522361813
243 0.743455036401
244 0.877841230979
245 1.05505330768
246 0.973397692677
247 1.1533443798
248 0.856719851698
249 0.961485458132
250 0.851990445133
251 1.22739991401
252 0.910576524641
253 1.02999368398
254 1.19819156793
255 0.741237020797
256 1.04215144025
257 1.14822088448
258 1.36202024183
259 1.44720229509
260 1.16289847351
261 1.29750881288
262 1.07510947136
263 1.07615517178
264 1.57364498694
265 1.10067164733
266 1.06606521625
267 0.803529428721
268 1.01748405447
269 1.38846565046
270 1.28701846059
271 1.34846814394
272 1.24514884271
273 1.19304653519
274 1.17212860808
275 1.32808097404
276 1.3370521723
277 1.29039342943
278 1.31727841646
279 1.30317178802
280 0.944871265417
281 1.19578749
282 1.10536663315
283 1.30892460979
284 1.38893644732
285 1.37555523223
286 1.30796186694
287 1.46218957104
288 1.78073681183
289 1.34063727024
290 1.61744001725
291 1.37276402041
292 1.06289330763
293 0.987803412346
294 1.0299719635
295 1.40105533425
296 1.49093098612
297 1.38706160975
298 1.21813834325
299 1.58023531079
300 1.13435867777
301 1.17328794146
302 0.921097202882
303 0.939589255296
304 0.790935406427
305 1.15386840925
306 1.34484567897
307 1.06444021204
308 0.829555880893
309 1.00448989805
310 1.02666345269
311 1.2853053251
312 1.01251297687
313 1.29358746738
314 1.62772894352
315 1.88610566827
316 1.75893869706
317 2.10830747961
318 1.98442711639
319 1.79560347112
320 1.68789537544
321 1.57308575808
322 1.80109844238
323 2.06117653203
324 1.99040301455
325 1.89101881824
326 2.01264111234
327 1.87650211737
328 2.10928437859
329 1.9248752145
330 2.01989782784
331 1.98981510533
332 1.97738770614
333 2.13819641697
334 2.17083683404
335 2.05791729132
336 2.03348330189
337 1.83849142849
338 2.03615459761
339 2.27470076321
340 2.08116936174
341 1.99449622831
342 1.81641326437
343 2.23285212381
344 1.73072178051
345 1.95451077873
346 1.81532133323
347 1.94984595618
348 2.39002474354
349 2.19280778754
350 2.49411336115
351 2.15507748484
352 2.13559113849
353 2.5286221908
354 2.56315242642
355 2.68943059111
356 2.99463202183
357 2.6574491839
358 2.98072324728
359 2.74422945954
360 2.41854829579
361 2.60557832967
362 2.83883053474
363 2.76339302083
364 2.98455024893
365 2.45061554476
366 2.50603913583
367 2.39916857932
368 2.72306742147
369 2.37675695312
370 2.06719495531
371 2.13547128375
372 2.06134498418
373 2.39742168849
374 2.30855603968
375 2.29452534125
376 2.01193938708
377 2.457757416
378 2.35750733739
379 2.41881518521
380 2.32521084754
381 2.41028666892
382 2.49218944065
383 2.44831729207
384 2.65301946792
385 2.55569915139
386 2.93762944497
387 2.37877268827
388 2.58344243533
389 2.61571983036
390 2.49113528771
391 3.32747989637
392 2.7095347969
393 2.62061426097
394 2.72112525939
395 2.51039767043
396 2.55817250125
397 2.34130263012
398 2.29579908932
399 2.33454892464
400 2.54322443952
401 2.94923020263
402 2.71457277274
403 3.06133543622
404 2.2884579506
405 2.87004948736
406 2.71535977121
407 2.71170419784
408 2.47346681494
409 3.05605699594
410 2.63053409216
411 2.7604275409
412 2.68765896139
413 2.67188970485
414 2.82139853278
415 2.70143552019
416 2.62651957613
417 2.67553794118
418 2.58876423794
419 2.6598727783
420 2.67658675901
421 2.3367344821
422 2.67706830413
423 2.26398016998
424 2.22250296395
425 2.46558912867
426 2.67441406263
427 2.71619273544
428 2.78511276348
429 2.76868369143
430 2.80340759016
431 2.64700984361
432 2.6157916904
433 2.71795966447
434 2.92243511264
435 2.80514652265
436 3.05967437628
437 3.07595580403
438 2.88305417436
439 2.69047289096
440 2.60191500694
441 2.84609410584
442 2.56340136135
443 2.52027698622
444 2.34811814825
445 2.6415705609
446 2.5593504414
447 2.91433886545
448 2.75424109248
449 2.7317869727
450 2.67668504978
451 3.07185351158
452 2.8655235841
453 2.91390147547
454 2.91253842716
455 2.76065480278
456 2.53363759288
457 2.60971754466
458 2.66312872031
459 2.88732902345
460 2.59223574801
461 2.61411362864
462 2.85766198654
463 2.85706975852
464 2.49381883183
465 2.89129447774
466 3.04477852953
467 3.02720819291
468 2.9055818725
469 2.43800167915
470 2.78864710135
471 2.78785793302
472 2.95359531733
473 3.08628255978
474 2.95691077362
475 3.2514605556
476 3.22479349682
477 3.42301319377
478 3.21452194672
479 3.46874107343
480 3.01493574575
481 3.48222329264
482 3.66593483776
483 3.5640407373
484 3.51971499352
485 3.81935241429
486 3.82695990851
487 3.41109620993
488 3.41353843712
489 3.2731114012
490 3.05181552017
491 3.11119502524
492 3.21485262539
493 3.39438730752
494 3.6988970825
495 3.78303981318
496 3.67794327635
497 3.35247557444
498 3.29544455642
499 3.24214944417
500 3.38311586046
501 2.82705876568
502 2.73002895692
503 2.56409794525
504 2.58744484463
505 2.34894022981
506 2.16569287082
507 2.05522417004
508 2.36191287932
509 2.14033087777
510 1.82421562924
511 2.40564250159
512 2.06955637462
513 2.13012693213
514 2.16104714835
515 2.52655954011
516 2.21055111724
517 2.51709108812
518 2.79639104116
519 2.3409263282
520 2.31988354268
521 2.4952295944
522 2.54507059555
523 2.83011885736
524 2.838364512
525 2.63832240845
526 2.8054481525
527 2.85159496262
528 2.77893955525
529 3.19823445926
530 2.88054448379
531 3.29204705103
532 2.9248709166
533 3.40287523678
534 2.96382949324
535 2.87655765916
536 3.51165344262
537 3.60931693414
538 3.46635647437
539 3.14693573056
540 3.08295203176
541 3.11546099881
542 2.56360984277
543 3.35058990759
544 2.96356073503
545 2.83038541824
546 2.71518928673
547 2.69974931544
548 2.85333222902
549 3.12516843503
550 2.92484579548
551 3.08882165535
552 2.92435045905
553 3.04291943951
554 2.80741690996
555 3.11198225757
556 2.93866549519
557 2.85950827507
558 3.28255378446
559 2.95591839226
560 2.93310292279
561 3.04922682094
562 2.94063007318
563 2.94661138465
564 2.53330861227
565 2.68725925736
566 2.63363278001
567 2.73368793325
568 3.1399085072
569 2.94716857006
570 2.85701654281
571 3.08866751346
572 3.09243148737
573 3.27010417562
574 3.46999451006
575 2.86099730761
576 2.91236563659
577 2.90657366328
578 3.18309592342
579 3.51270548645
580 3.25883891986
581 3.45218941121
582 2.82472098939
583 2.74339061159
584 3.1034998846
585 3.0550459111
586 2.80829384533
587 3.07293588868
588 3.02796556349
589 2.67254242367
590 2.68135763183
591 2.64736165741
592 2.88867593088
593 3.2482986395
594 2.86766692548
595 2.69743290407
596 2.90428186473
597 3.18959830061
598 2.88080522457
599 3.0413982919
600 3.06759015462
601 3.40549898931
602 3.47713075229
603 3.41514376564
604 3.39807800259
605 3.32919251966
606 3.61526603074
607 2.96084461385
608 2.99181822924
609 3.07180387003
610 2.9178717343
611 2.63619871795
612 3.16943755958
613 3.31400817464
614 2.97123237495
615 2.85505294511
616 2.78782740564
617 3.44085586788
618 2.92383110448
619 2.65104917047
620 3.0206642497
621 2.97858766045
622 2.40068133483
623 2.7727778028
624 2.96959752699
625 3.02798176573
626 3.10241857682
627 3.43479554328
628 3.3160534636
629 2.81549900868
630 2.79328492108
631 2.21705647689
632 2.63194954775
633 2.86811027853
634 3.34182285116
635 3.5792595512
636 3.63505878953
637 3.26115978635
638 4.3455509682
639 3.86298213831
640 3.78449803475
641 4.02281582353
642 3.97519238411
643 4.29350763738
644 4.24749201128
645 4.71596868617
646 4.70247396653
647 4.40896143257
648 4.46066403583
649 4.28785044118
650 4.23997078963
651 4.41268052647
652 4.79589143199
653 4.51303371754
654 4.26101262221
655 4.4463486162
656 4.42732020859
657 4.66439414712
658 4.32233548933
659 4.14073623065
660 4.76525608925
661 5.14053283699
662 4.81642832046
663 5.12511135775
664 5.12455282671
665 5.17212987688
666 5.0626575992
667 4.99567062655
668 5.24920564198
669 5.0790727167
670 5.04835390534
671 4.91562449049
672 4.79727184676
673 5.22683396529
674 5.22942696251
675 4.64284795523
676 4.78507402632
677 5.14669371582
678 5.22897019244
679 5.07883819012
680 5.11021121707
681 5.70418059608
682 5.8910402494
683 5.58943396206
684 4.95782543196
685 4.64073993503
686 4.88067398293
687 4.71899281343
688 4.82389599519
689 5.08153775341
690 5.13486182149
691 5.22414466862
692 5.77473522683
693 5.35773441747
694 5.46182975258
695 5.50043585879
696 5.00626062023
697 5.13946065571
698 5.57217132899
699 5.72218719434
700 5.41418796352
701 4.88824524252
702 4.64153333063
703 4.33941227037
704 4.72483661175
705 4.76805757905
706 4.88038981934
707 4.14252749816
708 3.72382730135
709 4.07869006575
710 4.22064322719
711 4.51191417267
712 4.00495666809
713 3.93608143999
714 3.8221638905
715 4.05846421662
716 3.97883014355
717 4.6191390239
718 5.33980727586
719 5.36834555161
720 5.14610430496
721 5.00328299994
722 5.22522405788
723 5.12703878132
724 4.76377800994
725 4.50370734726
726 4.28327757329
727 4.4416112287
728 4.66367304439
729 5.32510972064
730 5.16422923453
731 5.27853765891
732 5.29587070735
733 4.95142976106
734 5.70441307305
735 5.28055631326
736 5.4089052259
737 5.27837396281
738 5.64854255911
739 5.51898375558
740 5.5697081303
741 5.03407799806
742 5.86828049932
743 6.35614823734
744 5.96744187722
745 5.38502417093
746 5.61463949089
747 5.85775376218
748 5.69488914588
749 5.84403257844
750 5.81337285617
751 5.50413339629
752 5.430818651
753 5.22487502078
754 5.31860534037
755 5.21757000481
756 5.41627367981
757 5.75512170469
758 4.98620129422
759 5.06920209541
760 5.52265634351
761 5.92634420938
762 6.39609241107
763 5.74633293129
764 6.17036844209
765 6.46820856658
766 6.44326031803
767 6.40813109872
768 6.06787758766
769 5.99467606146
770 6.39271806412
771 6.86625625734
772 6.88870518476
773 6.64842766066
774 6.41876513478
775 5.95482821421
776 6.19456803897
777 6.14073455583
778 6.00661169571
779 6.53710765551
780 6.5028995392
781 6.62259833915
782 6.21169885259
783 6.50044845924
784 6.24456771978
785 7.07178196582
786 7.10217594238
787 7.33098707264
788 7.86275273403
789 7.68415086367
790 7.43666445522
791 7.54800404322
792 7.28444959716
793 7.57961162107
794 7.30690369703
795 6.93294008184
796 7.17809777985
797 7.28690638708
798 7.34994765183
799 7.37846725512
800 7.20205659057
801 7.49674669556
802 6.91153445067
803 6.91340860005
804 6.59513735629
805 6.84577492958
806 6.44550759186
807 6.61417546991
808 6.2291940716
809 6.71436460023
810 6.76005187793
811 6.51610980096
812 6.49203020427
813 6.24537986037
814 5.86938069354
815 5.5131141426
816 5.13189783473
817 5.47484199205
818 5.89642251375
819 4.89755875031
820 5.38519474318
821 5.60084849435
822 5.49574883476
823 5.81960971683
824 6.14328485957
825 5.42412506285
826 5.80644546232
827 5.84710863505
828 5.57999048321
829 5.85746500465
830 5.4954312495
831 5.33640028488
832 5.50734209531
833 5.65592114926
834 5.34288694498
835 5.45190332394
836 5.14268805513
837 5.42131412381
838 5.68287267607
839 5.82779871715
840 6.25730304875
841 5.81794380475
842 5.81781417318
843 5.51639061396
844 5.79944389202
845 6.36139988795
846 6.17552902828
847 6.89557679171
848 6.35438940299
849 6.41808103174
850 6.58813113617
851 6.50291756991
852 6.69361369371
853 6.74751354627
854 6.16988583889
855 6.10249994618
856 6.57127733765
857 7.01788662536
858 6.85912603543
859 6.13751057809
860 7.02881881632
861 6.2640128931
862 6.60500551419
863 6.79504766282
864 6.48220602169
865 6.35347358371
866 6.8219171434
867 7.03722515801
868 6.7464601962
869 6.61183296281
870 7.27936033594
871 7.35945492434
872 6.92824012213
873 7.21220094049
874 6.47311700298
875 6.52732843054
876 6.32724053266
877 6.39989284609
878 6.35180058348
879 6.40996729681
880 6.03462904846
881 5.84140014413
882 5.49635558426
883 5.53956856711
884 6.1431297918
885 6.33896984083
886 5.87246004026
887 6.52385960314
888 6.44249302898
889 6.55040763343
890 6.34461400621
891 6.59125634993
892 6.55422269225
893 6.59419436024
894 6.52553252631
895 6.86727892879
896 6.98104657068
897 6.76074948556
898 6.79870994156
899 6.45258784782
900 6.63006274775
901 6.48754058783
902 5.92781643801
903 6.2154329325
904 6.35233308866
905 7.1399682392
906 6.49885784217
907 6.77408384715
908 6.30867680547
909 5.97272435523
910 6.49749339852
911 6.83458120064
912 6.64804140194
913 6.39578113822
914 6.06090935616
915 5.59775552023
916 5.42656912372
917 5.33680837488
918 5.86833622344
919 6.1035269384
920 5.14552336829
921 5.51433358589
922 5.46359500238
923 5.41251348368
924 5.33203405032
925 6.11047219691
926 5.73086435512
927 6.20261723969
928 6.11726531648
929 6.20907648297
930 6.4027616633
931 6.11202815212
932 6.21317181441
933 6.7469318533
934 6.56399690788
935 6.63636338598
936 6.37308016436
937 6.07998972093
938 6.36215107406
939 5.9352498773
940 6.24483312383
941 5.68686093865
942 6.57432094353
943 6.32702377557
944 6.46607860665
945 6.31658036473
946 6.03538021963
947 5.72972573976
948 5.55874395967
949 5.3817711767
950 6.09665240313
951 5.27705401105
952 5.48662236922
953 5.74134063359
954 5.9341206254
955 5.74184707481
956 5.65983622758
957 5.86200492487
958 5.6842022677
959 5.64906734386
960 5.47542363068
961 5.469624989
962 5.6935302573
963 6.15219538378
964 6.02346382556
965 5.54451556706
966 5.5795721461
967 5.66794853773
968 5.32954339249
969 5.15161970412
970 5.25024692962
971 5.3245725484
972 5.15118223204
973 5.14963766153
974 4.73807087884
975 4.83353967944
976 5.23764501052
977 5.27275648986
978 5.76078529803
979 5.66175754488
980 6.57456639544
981 6.06911181022
982 6.63986938024
983 6.40817425076
984 6.36752077818
985 6.39834859768
986 6.27535732241
987 6.43878773125
988 6.65420201306
989 6.62169675225
990 7.11257919873
991 7.03989594121
992 6.98337397306
993 7.18152358357
994 6.73427715396
995 6.46864291302
996 6.34070065337
997 6.66846901894
998 6.85745702077
999 6.61012854108
