0 0.0
1 -0.0342550293018
2 -0.0867513776016
3 -0.0259381435637
4 -0.0497696376388
5 -0.0528508866715
6 -0.053342198671
7 -0.0710250522243
8 -0.0389546417065
9 0.0952569282291
10 -0.0720766237081
11 -0.318217692833
12 -0.249715999293
13 0.382580731341
14 0.16460772464
15 0.249878824701
16 -0.0125897515612
17 -0.116573063201
18 -0.288457054385
19 -0.0199680125203
20 0.0284827545884
21 -0.152459135346
22 -0.130040402956
23 -0.00864567559492
24 -0.269714161435
25 -0.261455676563
26 -0.476028195003
27 -0.37293471851
28 -0.266987133182
29 -0.0419809554962
30 -0.0736137762366
31 -0.134233725946
32 -0.230928020688
33 -0.0348549582565
34 0.0583171268944
35 -0.0185938163041
36 -0.109107104303
37 -0.160245770855
38 -0.0467718019234
39 0.138387005213
40 0.0949161682696
41 -0.182168079348
42 0.130209327209
43 -0.00457856954027
44 -0.203878587109
45 -0.0845873289931
46 0.0191155446394
47 -0.181662790769
48 -0.124691272087
49 -0.0343633314867
50 0.0762922012274
51 0.0828944098099
52 -0.0225281874653
53 0.279430410368
54 -0.0589401004565
55 0.21708855963
56 -0.262680953277
57 0.102470715656
58 -0.0951076097217
59 -0.0393708653393
60 -0.083174846949
61 -0.0642331915523
62 -0.0684617446181
63 0.0546318068901
64 0.018164264635
65 0.232777006698
66 0.165108907568
67 -0.0568151768611
68 0.379447215817
69 0.464695628544
70 -0.0544020450065
71 -0.0920436003812
72 -0.0209190539291
73 -0.00887901473879
74 -0.00243757245906
75 -0.134961006812
76 -0.0387768036215
77 -0.113406359413
78 -0.0444580311715
79 0.267579313775
80 0.432008567506
81 0.387808261248
82 0.162455413389
83 0.110575194777
84 0.200355188858
85 0.123788387857
86 0.226872654006
87 0.340346389371
88 0.478849420187
89 0.701564111521
90 0.574675964513
91 0.959190124163
92 0.889109656263
93 0.745445046189
94 0.660433527892
95 0.426347457305
96 0.781225331373
97 0.561256019959
98 0.672980591136
99 0.463651579433
100 0.66024032762
101 0.618501204496
102 0.661410935907
103 0.530147740777
104 0.734126095925
105 0.736042925489
106 0.487675024191
107 0.722001762542
108 0.784526681397
109 0.339726287532
110 0.830335477619
111 0.666144926539
112 0.694328658041
113 0.889141604073
114 0.802614346023
115 0.381957560918
116 0.37169914524
117 0.577915128477
118 0.569733075532
119 0.752391393529
120 0.771062373604
121 1.05526881764
122 0.75699843602
123 0.938687344279
124 0.89903972646
125 0.817107918537
126 1.18630048654
127 0.903880972936
128 1.13199652312
129 1.11461658184
130 1.01974560809
131 1.18131722309
132 1.00147783449
133 1.18274119552
134 1.10931551472
135 1.28981862094
136 1.35833243883
137 1.20843730208
138 1.16126437201
139 1.11693106107
140 1.41277139369
141 1.40769616777
142 1.42034831024
143 1.76265391908
144 1.61971563568
145 1.54955741538
146 1.46664075142
147 1.39943874063
148 1.49201080064
149 1.58066824464
150 1.79605282333
151 1.67779828313
152 1.6771995786
153 1.68612853867
154 1.68516876237
155 2.08758024969
156 2.23023344737
157 1.99147374297
158 1.89797818208
159 2.08998887716
160 1.86213108961
161 1.73035751565
162 1.7458847303
163 1.92439167488
164 1.96850007032
165 1.88737172211
166 1.71727960574
167 1.69037128088
168 1.71759202867
169 1.98304272896
170 1.71188959574
171 1.73312131431
172 2.01850861785
173 2.0705188779
174 2.00191675734
175 1.96822996769
176 1.94303547936
177 1.99508738891
178 1.9276102191
179 2.19633661421
180 2.19071105604
181 1.91984715686
182 2.17086291621
183 1.94617680057
184 2.17826857572
185 2.13495456305
186 1.82048723791
187 1.63721106972
188 1.66115569963
189 1.5242782847
190 1.4868873432
191 1.53372236414
192 1.49552038097
193 1.57087757445
194 1.82465315754
195 1.85045263138
196 1.84068681334
197 1.40131464537
198 1.91062906598
199 1.62624271565
200 1.53132924306
201 1.73951450986
202 1.80892817143
203 1.71930589483
204 1.75884094891
205 1.3487275952
206 1.26649354037
207 1.83311160107
208 1.60823820872
209 1.96480965372
210 1.18098714404
211 1.49152870142
212 1.7523307512
213 1.4500969678
214 1.48850974355
215 1.43746617937
216 1.37044100117
217 1.79980783033
218 1.68837984827
219 1.49215528067
220 1.497272437
221 1.70102616597
222 1.69122863147
223 1.60842964898
224 1.39252838748
225 1.62423272886
226 1.55412825706
227 1.6452806016
228 1.26944577173
229 1.4390057116
230 1.76525544119
231 1.56512200573
232 1.73685851939
233 1.58530777766
234 1.60791537037
235 1.4872878264
236 1.84629038907
237 1.32419861775
238 1.31212913215
239 1.35248673931
240 1.30881084301
241 1.09655450472
242 1.0796531638
243 1.23387557419
244 1.47495163399
245 1.3113859486
246 1.28072334256
247 1.18291117288
248 1.10830874022
249 1.40329898908
250 1.32786975972
251 1.38782883524
252 1.54460369723
253 1.81865452753
254 1.68493723682
255 1.55873983352
256 1.85809828242
257 1.58551714092
258 1.60320636456
259 1.54949172505
260 2.04352494213
261 1.94367010761
262 1.83413658847
263 1.90486681405
264 1.76116221993
265 1.75174681481
266 1.78290671551
267 1.88543497059
268 2.11614779494
269 1.91855739774
270 1.51750748004
271 1.67083351378
272 1.63381674343
273 1.74365717267
274 1.68245210715
275 1.7432114445
276 1.93867197213
277 2.07987823339
278 2.18202999205
279 2.36674935278
280 1.95141425656
281 2.08961201671
282 2.19377725755
283 2.01341004829
284 1.62892443635
285 1.52574363998
286 1.72069550986
287 1.8588151892
288 1.41817327573
289 1.46308962508
290 1.40503153572
291 1.42380760193
292 1.25361465353
293 1.83293347856
294 1.30840022914
295 1.19246092697
296 1.19182381951
297 1.43871028941
298 1.72456594951
299 1.51388004642
300 1.82510127189
301 1.55618000673
302 1.57447533567
303 1.36951817384
304 1.27537426264
305 1.6276938948
306 1.94866999112
307 1.63130342856
308 1.62052096567
309 1.54917341733
310 1.66556350537
311 1.94058801389
312 1.87144614756
313 1.63751285603
314 1.51114591787
315 1.46861113517
316 1.80840408075
317 1.25658450006
318 2.29187133577
319 2.59248763075
320 2.53326839825
321 2.24867607659
322 1.98824384479
323 2.2609569775
324 2.14058809871
325 2.2228731865
326 2.72940683902
327 2.34148908767
328 2.36569908865
329 2.371725702
330 2.28151681505
331 2.16229387656
332 2.70712665126
333 2.62842130742
334 2.75674710295
335 2.75118711879
336 2.82804164053
337 2.73986433981
338 2.46175897921
339 2.63763507769
340 2.73006112207
341 2.8741307233
342 3.14942970506
343 2.95932857885
344 3.0917269936
345 2.87565836627
346 2.69993434437
347 3.03597141202
348 2.81202541683
349 2.5270092598
350 2.37676296654
351 2.43327338558
352 2.48986327891
353 3.48314084709
354 3.06962927639
355 2.7750448514
356 2.96806246798
357 2.9751244916
358 3.34654864706
359 3.00599602665
360 3.10695104457
361 3.27574879578
362 3.30541145498
363 2.88398722556
364 3.16671317647
365 2.90419511179
366 2.56688414363
367 2.65778725493
368 2.72373407056
369 2.58975297964
370 3.00245525389
371 2.84086573607
372 2.80879087596
373 2.69423621691
374 2.74512885212
375 3.15124828251
376 2.891411868
377 3.24763254553
378 2.63547319858
379 2.98131790743
380 3.01705295314
381 3.33771315703
382 3.17795569774
383 3.1162801918
384 3.08415874387
385 3.32787345703
386 3.3677778834
387 2.67622102568
388 2.90145807315
389 2.94670609052
390 3.40888531551
391 2.92734062996
392 3.15481090935
393 2.8168518666
394 3.01540449916
395 2.53596758225
396 3.0862417862
397 3.28739890176
398 3.75430099365
399 3.88722495452
400 3.71748807469
401 3.49454442269
402 3.32672199309
403 3.32194308595
404 3.40066077282
405 3.64260097126
406 3.09238069876
407 3.29919198385
408 3.14404708168
409 2.7637190181
410 2.94408943969
411 2.90358134048
412 3.13229125457
413 3.23271816401
414 3.22224291759
415 3.43703891074
416 3.26132475492
417 3.07551099447
418 2.89254489579
419 3.24897202939
420 3.16216930927
421 2.69114076248
422 3.31324319453
423 3.27809744328
424 3.14501887763
425 3.67912679827
426 3.3406884581
427 3.3597499773
428 3.66007666555
429 3.17216595172
430 3.62249453864
431 3.76283361891
432 3.54812258187
433 3.61672206519
434 3.51981093655
435 3.45339209417
436 2.97973352002
437 3.25227170388
438 3.25468198242
439 3.2454928929
440 3.11170250893
441 3.4660098898
442 3.27616599352
443 3.75122040275
444 4.02196418021
445 3.68616865196
446 3.78744684437
447 4.08056708163
448 3.70173259365
449 4.0333044496
450 4.01288207549
451 4.30905898045
452 3.89447010995
453 4.07743281866
454 4.43828483669
455 4.71557675923
456 5.33996488148
457 4.97261588583
458 5.08657440591
459 5.47676307108
460 5.62931026374
461 5.54844346421
462 5.80239687607
463 5.35247298239
464 5.20223779588
465 4.92363665852
466 5.04277502537
467 5.06251620647
468 4.933717232
469 5.25256630212
470 5.62141362755
471 4.8796453929
472 5.14414399909
473 5.14892131594
474 5.76283244336
475 5.58085056138
476 6.04602680878
477 5.54115074441
478 5.82499724743
479 5.62090969832
480 5.50887926945
481 5.89470994493
482 5.56473676422
483 5.34051009535
484 5.29580998196
485 6.09576818954
486 5.53812360816
487 5.84711608971
488 6.30846211537
489 6.41163836364
490 5.90836071851
491 5.76762143322
492 5.33445096585
493 5.63392319088
494 5.43654237631
495 5.46322033915
496 5.27054209551
497 5.4500123727
498 5.39565273608
499 5.59339523264
500 5.33220720856
501 5.44051363229
502 5.66425354152
503 5.99096121446
504 6.05235202084
505 6.02930906755
506 5.72842913733
507 5.99737528592
508 5.84275450722
509 6.45728004923
510 6.23306218583
511 5.51278341019
512 5.70525600409
513 5.74260152559
514 5.71336900457
515 5.53515803795
516 5.5660980618
517 5.75422241262
518 5.54518380044
519 5.91885888534
520 5.72727970735
521 5.33162345158
522 5.1900993272
523 5.56183243334
524 5.34451672133
525 5.51696216462
526 5.80137172503
527 6.17862001274
528 5.73173671231
529 5.56973140283
530 5.54728246476
531 6.15916004593
532 6.26876647378
533 6.36087149114
534 6.29024659684
535 6.76989050185
536 6.41606693448
537 6.46782745479
538 6.57532112499
539 6.74709170609
540 6.84347136677
541 6.74963726914
542 6.8170833828
543 6.61593025793
544 6.70175350843
545 6.8113072513
546 6.7775079002
547 6.38998454916
548 6.3854468097
549 5.92379388152
550 6.08187114334
551 6.62617940929
552 6.60715905832
553 6.52419419447
554 6.72868207136
555 7.05671399461
556 6.98911643198
557 7.60090238389
558 6.97959998114
559 7.08912487583
560 7.50243951457
561 8.09155285783
562 7.99409321866
563 7.1706642313
564 7.52688385627
565 7.09080512884
566 6.77585161078
567 6.88869003072
568 6.67182029286
569 6.47590663835
570 6.71097040784
571 6.75325085602
572 6.93948780999
573 6.889576593
574 6.94804334478
575 7.36965097923
576 7.49235558943
577 7.62836154497
578 6.82323249157
579 7.36408478918
580 7.58117319824
581 7.44626965554
582 6.99228262095
583 6.88012976598
584 7.61318525007
585 7.61460081258
586 7.31381300177
587 7.46746448087
588 7.09448684422
589 7.65234674693
590 7.47388271102
591 7.29135754025
592 7.3072843009
593 7.77083138439
594 8.21636033304
595 7.98181559614
596 8.50846186752
597 8.79426629115
598 8.27556985378
599 8.10587660076
600 8.80711527857
601 8.2112884547
602 7.74214912676
603 7.74244449449
604 7.62669067175
605 7.15885062376
606 7.2429275354
607 7.53137087907
608 7.53930376661
609 7.55056533477
610 7.02893924607
611 6.78092323814
612 6.31468991391
613 5.84857376718
614 6.13656797223
615 5.97418387777
616 5.64084892744
617 6.20635066183
618 5.82148462799
619 6.0429864041
620 5.50722753861
621 6.03395696172
622 6.29174689741
623 6.03828994844
624 6.33494587507
625 6.32302945808
626 6.01940691202
627 6.79500664727
628 6.34898646421
629 6.36491989795
630 6.75067367099
631 6.47854215712
632 6.59148271269
633 7.18163489446
634 6.80803721813
635 7.04305236711
636 6.84359835196
637 6.42852610665
638 6.19605023507
639 6.58643481264
640 6.64547905286
641 6.84903313502
642 6.55612892036
643 6.69674737271
644 6.72236867371
645 6.6529045303
646 6.08991820976
647 6.46692939433
648 6.57704571475
649 6.4505565802
650 5.86251088023
651 6.42064608339
652 6.82211847626
653 7.0384165775
654 6.86402569766
655 7.42819040097
656 7.36863372668
657 6.84144472903
658 6.88826503528
659 6.93839893161
660 6.84241501497
661 6.50924387398
662 7.03028172845
663 7.17393634151
664 7.1787080077
665 7.18414336625
666 6.863383815
667 6.8779947322
668 6.40246672791
669 6.40611357878
670 7.22277095172
671 6.59868185243
672 6.55926973945
673 6.30815539229
674 6.15260977981
675 5.96983176351
676 5.75701141375
677 5.92023510407
678 5.75098981572
679 5.47520350949
680 5.38875973098
681 5.61310814825
682 5.7296903942
683 5.4982849284
684 5.41031508104
685 5.96451500409
686 5.78448481243
687 5.90007709609
688 5.82558249652
689 5.39697782489
690 5.33840323652
691 5.23327055019
692 5.6116382061
693 5.65474156896
694 5.53683527923
695 5.85219282997
696 5.77083189157
697 6.21753343072
698 5.63115133444
699 6.11215638025
700 5.81645665967
701 5.78935486968
702 5.69292875576
703 5.60070853599
704 5.60627644684
705 5.42940708203
706 4.66833788336
707 4.75486838116
708 4.86436709949
709 4.3800937296
710 4.37514976713
711 4.77232633006
712 4.72587788421
713 5.68033017179
714 5.18869585496
715 4.66104723203
716 4.57077109479
717 4.65577953241
718 4.6880213948
719 4.81672128653
720 5.3533706456
721 5.58340586831
722 5.96550446826
723 5.72987294219
724 5.47740354153
725 5.06816488264
726 5.45261708434
727 4.93417429954
728 4.26609581031
729 4.92050009932
730 5.20354357241
731 5.51432898997
732 5.42145457019
733 5.73377053045
734 6.00683314217
735 6.15738311497
736 6.09963627876
737 5.81130000811
738 6.61536120784
739 7.01502686477
740 6.96646427529
741 6.24155345028
742 6.69334992442
743 6.03630565976
744 5.97828786145
745 6.08934541155
746 6.17471111752
747 6.13647228272
748 6.01339321332
749 5.85896409828
750 6.5524202074
751 6.19204383967
752 7.02906611777
753 6.91897462226
754 7.15539658972
755 7.53322678177
756 7.8994370874
757 7.79731847
758 7.70573146586
759 7.54709927556
760 7.27285587896
761 6.98417719557
762 6.5645594326
763 6.24584659188
764 6.572419731
765 6.78848024931
766 6.96002471952
767 6.81425897897
768 6.81824389034
769 6.88998200659
770 7.12113868457
771 7.44884232812
772 7.61884141666
773 8.00924877906
774 7.68565586829
775 7.32244463804
776 7.35213553753
777 7.2674734642
778 7.8289608813
779 7.67236794259
780 7.44949990136
781 7.45465463432
782 7.86436119164
783 8.29700842897
784 8.87299163819
785 8.63771533276
786 8.54275408325
787 8.51754516995
788 8.70510133804
789 8.49618692948
790 9.32671216703
791 9.86613683699
792 9.10822422853
793 9.15930029622
794 8.69620728569
795 9.19313459078
796 8.75645849709
797 9.54695864557
798 9.76029840377
799 9.41173543583
800 9.04213754172
801 9.30947592575
802 9.8371002828
803 10.2503281487
804 10.3114754682
805 10.2136787094
806 10.9511585844
807 11.1895314251
808 11.575715589
809 11.8299512016
810 11.8885331855
811 11.702707054
812 11.5301050849
813 11.494500445
814 12.1495984373
815 11.3784442953
816 11.108096572
817 11.3278655558
818 11.5203748178
819 11.7461661251
820 12.0075368388
821 12.6385614569
822 13.0304073829
823 12.8262609496
824 12.7726099184
825 12.7765125929
826 12.9730413054
827 13.0017492301
828 13.6312660196
829 13.3119848768
830 13.4351692985
831 13.2045197597
832 13.1483533531
833 13.9341676767
834 14.4485267024
835 14.2329232133
836 14.5049272318
837 14.239580595
838 14.4376874345
839 14.675641993
840 14.4700201134
841 13.5916099692
842 13.9787077485
843 14.4127888209
844 14.2615038827
845 14.1843623492
846 14.5478357454
847 14.6635468373
848 14.2525120466
849 14.4341182677
850 14.8331084223
851 14.9802313132
852 15.5919875065
853 15.331166944
854 15.2688098418
855 15.1621660052
856 15.2380431024
857 15.2074451431
858 15.109049084
859 15.5702062253
860 14.9712758988
861 15.6452408308
862 15.6946314142
863 15.7887975654
864 16.1485728265
865 16.5151229099
866 16.5979809187
867 16.5068132083
868 16.5636186994
869 16.3281814342
870 16.1671022047
871 16.3960370163
872 16.1179697949
873 15.8225515355
874 15.6011779381
875 15.8099976468
876 15.5198458197
877 15.6500290854
878 15.9645879756
879 15.7185737253
880 15.8817065274
881 16.0672718597
882 16.964179773
883 15.7282760357
884 16.130521308
885 16.1349443932
886 17.036133891
887 16.4737008888
888 16.55599031
889 16.3610649081
890 16.181747488
891 16.1806549079
892 16.2953538759
893 15.2125862577
894 15.846358461
895 15.5679572236
896 16.7871769061
897 16.3534274243
898 16.0349022443
899 16.3636749273
900 16.0880262449
901 15.7051749413
902 15.2183890556
903 15.6726614482
904 15.869941113
905 15.7378828102
906 16.1365847116
907 16.3153888868
908 16.1191695999
909 16.2370000546
910 16.4765240519
911 16.6772308176
912 16.5500894303
913 16.8183869628
914 17.0761541004
915 17.1903769073
916 16.0501215004
917 16.2176474991
918 17.42245953
919 17.1706941122
920 17.2938456316
921 17.274474186
922 16.5618644915
923 16.3097208304
924 16.511204774
925 16.3174087407
926 16.2484733925
927 16.1057792642
928 16.2333973748
929 16.182112258
930 16.507675949
931 16.3612497667
932 16.2328026504
933 16.707510264
934 16.2461243312
935 16.3766068373
936 16.3059160475
937 16.3015635544
938 16.2589521954
939 16.0794125844
940 16.3412824451
941 16.2145515645
942 16.5616304343
943 15.6875282885
944 16.0301255163
945 15.676062908
946 15.8214862967
947 16.0463199011
948 15.7696827993
949 15.4496773243
950 15.2039267072
951 15.2993627622
952 15.6114760322
953 15.2076205017
954 14.8988067961
955 14.5753179422
956 14.3836932269
957 14.518283805
958 15.1146450058
959 14.8435922017
960 14.6765274078
961 15.6467247502
962 15.6351200821
963 15.271846172
964 15.6907419389
965 15.791641165
966 15.7667007865
967 15.8623703308
968 16.037114155
969 15.7066821934
970 16.0469634469
971 16.4857915357
972 16.711646414
973 16.7292602077
974 16.6106494905
975 16.9223556194
976 16.8109035397
977 17.089692593
978 17.4985893993
979 17.3046808417
980 16.7890103874
981 16.8427835972
982 17.1561324844
983 16.4942018236
984 16.2473094213
985 16.7863946352
986 16.717014447
987 16.4939157482
988 17.0314148715
989 17.2023196364
990 17.2536661548
991 17.0329348849
992 18.0846583407
993 18.184941225
994 18.0318110086
995 17.6244392171
996 17.0579616589
997 16.9986822819
998 16.8214557854
999 16.7808971828
