1005000 698.264
1012500 436.024
1020000 600.318
1027500 577.268
1035000 469.335
1042500 497.554
1050000 471.13
1057500 498.205
1065000 364.531
1072500 409.823
1080000 497.934
1087500 509.493
1095000 515.144
1102500 592.257
1110000 459.501
1117500 575.685
1125000 433.558
1132500 582.369
1140000 601.591
1147500 662.37
1155000 454.091
1162500 613.003
1170000 652.301
1177500 517.135
1185000 588.396
1192500 580.828
1200000 584.366
1207500 614.743
1215000 578.274
1222500 635.246
1230000 613.148
1237500 657.521
1245000 497.757
1252500 375.88
1260000 552.142
1267500 534.736
1275000 591.638
1282500 545.732
1290000 511.042
1297500 572.059
1305000 638.007
1312500 559.915
1320000 586.501
1327500 529.246
1335000 652.793
1342500 592.799
1350000 564.839
1357500 535.811
1365000 548.849
1372500 598.109
1380000 495.168
1387500 529.486
1395000 433.638
1402500 506.864
1410000 584.292
1417500 648.247
1425000 509.014
1432500 492.8
1440000 550.787
1447500 657.372
1455000 630.056
1462500 475.828
1470000 650.844
1477500 660.695
1485000 522.408
1492500 537.022
1500000 581.061
1507500 694.897
1515000 607.27
1522500 529.079
1530000 578.491
1537500 564.814
1545000 626.555
1552500 639.763
1560000 684.285
1567500 666.25
1575000 682.305
1582500 684.476
1590000 676.656
1597500 688.631
1605000 775.691
1612500 638.794
1620000 523.597
1627500 593.766
1635000 720.493
1642500 516.374
1650000 666.892
1657500 726.688
1665000 667.571
1672500 664.597
1680000 588.843
1687500 740.507
1695000 694.604
1702500 730.453
1710000 737.783
1717500 613.845
1725000 551.497
1732500 579.149
1740000 792.819
1747500 738.647
1755000 708.784
1762500 561.956
1770000 713.384
1777500 773.398
1785000 825.078
1792500 806.498
1800000 728.097
1807500 645.631
1815000 596.266
1822500 754.02
1830000 628.557
1837500 608.132
1845000 674.439
1852500 510.374
1860000 636.493
1867500 711.753
1875000 724.59
1882500 691.999
1890000 810.604
1897500 717.763
1905000 709.335
1912500 716.982
1920000 819.552
1927500 822.34
1935000 785.984
1942500 720.627
1950000 710.688
1957500 739.964
1965000 563.396
1972500 701.042
1980000 664.872
1987500 750.235
1995000 728.547
2002500 871.518
2010000 666.761
2017500 808.693
2025000 774.784
2032500 820.78
2040000 788.258
2047500 957.532
2055000 806.012
2062500 853.275
2070000 861.95
2077500 861.48
2085000 923.482
2092500 849.093
2100000 821.143
2107500 927.881
2115000 753.652
2122500 937.193
2130000 782.427
2137500 966.455
2145000 877.765
2152500 963.721
2160000 840.217
2167500 899.11
2175000 777.661
2182500 800.769
2190000 841.103
2197500 823.778
2205000 758.866
2212500 784.466
2220000 823.068
2227500 802.439
2235000 841.487
2242500 857.793
2250000 846.684
2257500 861.821
2265000 841.0
2272500 842.336
2280000 797.84
2287500 759.888
2295000 760.234
2302500 730.752
2310000 819.419
2317500 910.751
2325000 873.999
2332500 860.22
2340000 936.091
2347500 955.578
2355000 947.995
2362500 1040.83
2370000 996.873
2377500 873.959
2385000 937.734
2392500 933.531
2400000 829.295
2407500 683.006
2415000 679.025
2422500 811.437
2430000 796.122
2437500 735.27
2445000 635.071
2452500 913.316
2460000 712.499
2467500 789.999
2475000 707.728
2482500 667.78
2490000 667.069
2497500 745.771
2505000 745.318
2512500 758.223
2520000 746.889
2527500 811.103
2535000 781.731
2542500 685.713
2550000 642.615
2557500 767.776
2565000 693.482
2572500 621.936
2580000 603.103
2587500 488.03
2595000 572.4
2602500 657.096
2610000 726.601
2617500 578.051
2625000 608.96
2632500 625.26
2640000 519.035
2647500 580.861
2655000 548.12
2662500 355.513
2670000 508.661
2677500 513.798
2685000 575.173
2692500 564.806
2700000 602.378
2707500 516.972
2715000 610.294
2722500 543.094
2730000 629.084
2737500 689.137
2745000 594.087
2752500 462.978
2760000 399.905
2767500 298.35
2775000 325.099
2782500 254.185
2790000 402.544
2797500 511.027
2805000 443.881
2812500 329.593
2820000 249.429
2827500 420.089
2835000 435.354
2842500 425.033
2850000 465.315
2857500 403.355
2865000 349.682
2872500 367.151
2880000 323.921
2887500 313.53
2895000 372.733
2902500 426.733
2910000 315.259
2917500 385.239
2925000 422.567
2932500 580.123
2940000 428.201
2947500 398.868
2955000 412.899
2962500 477.138
2970000 410.501
2977500 547.984
2985000 457.584
2992500 187.091
3000000 154.603
3007500 93.9816
3015000 223.991
3022500 127.904
3030000 121.036
3037500 322.139
3045000 256.974
3052500 295.089
3060000 347.166
3067500 266.756
3075000 151.801
3082500 28.4445
3090000 187.307
3097500 231.603
3105000 244.276
3112500 276.437
3120000 359.213
3127500 257.65
3135000 132.828
3142500 145.471
3150000 89.3713
3157500 143.706
3165000 161.43
3172500 37.3905
3180000 73.6409
3187500 2.39079
3195000 -22.8939
3202500 18.6229
3210000 12.0858
3217500 -66.9208
3225000 -98.5651
3232500 -169.219
3240000 -27.7334
3247500 -85.0183
3255000 -111.623
3262500 15.543
3270000 -15.985
3277500 -229.274
3285000 -20.9405
3292500 -131.744
3300000 -55.6752
3307500 -55.1064
3315000 84.7039
3322500 129.35
3330000 136.47
3337500 71.3794
3345000 163.172
3352500 60.5779
3360000 -22.0736
3367500 -153.4
3375000 80.1382
3382500 108.16
3390000 75.78
3397500 169.792
3405000 372.99
3412500 192.238
3420000 247.513
3427500 251.566
3435000 -31.8627
3442500 172.952
3450000 107.38
3457500 199.278
3465000 231.084
3472500 246.525
3480000 200.987
3487500 377.668
3495000 467.564
3502500 332.428
3510000 319.767
3517500 162.491
3525000 204.735
3532500 272.208
3540000 368.025
3547500 52.0075
3555000 101.356
3562500 285.397
3570000 370.548
3577500 302.264
3585000 225.617
3592500 106.555
3600000 43.7146
3607500 -24.4403
3615000 345.461
3622500 289.78
3630000 107.142
3637500 329.761
3645000 266.205
3652500 212.186
3660000 326.887
3667500 162.445
3675000 258.692
3682500 142.075
3690000 439.942
3697500 268.718
3705000 194.162
3712500 399.17
3720000 354.668
3727500 242.199
3735000 350.211
3742500 162.681
3750000 210.476
3757500 208.753
3765000 246.399
3772500 24.1862
3780000 285.491
3787500 55.5513
3795000 361.905
3802500 313.762
3810000 139.97
3817500 -25.5009
3825000 120.261
3832500 246.573
3840000 201.945
3847500 279.248
3855000 85.8272
3862500 1.91495
3870000 98.7497
3877500 -42.3286
3885000 36.6697
3892500 -43.2078
3900000 -67.2896
3907500 43.5175
3915000 118.961
3922500 11.8421
3930000 207.124
3937500 97.7205
3945000 92.1307
3952500 31.1044
3960000 85.9293
3967500 -35.27
3975000 47.6596
3982500 57.5774
3990000 152.746
3997500 83.625
4005000 60.1031
4012500 116.858
4020000 26.6991
4027500 128.667
4035000 35.9072
4042500 56.9942
4050000 231.911
4057500 97.0264
4065000 164.498
4072500 191.002
4080000 73.847
4087500 65.8003
4095000 -3.78059
4102500 29.2124
4110000 36.3632
4117500 88.7034
4125000 -52.7159
4132500 -69.3019
4140000 -3.88697
4147500 -53.5821
4155000 262.101
4162500 87.3994
4170000 174.965
4177500 43.4218
4185000 91.6367
4192500 126.36
4200000 113.999
4207500 105.295
4215000 -84.2283
4222500 -27.1839
4230000 98.5762
4237500 64.6793
4245000 -54.8985
4252500 106.216
4260000 43.453
4267500 162.57
4275000 37.7719
4282500 219.686
4290000 185.996
4297500 114.779
4305000 49.0134
4312500 -77.9849
4320000 20.3506
4327500 -89.7898
4335000 207.222
4342500 378.333
4350000 28.6638
4357500 -5.08061
4365000 -4.06324
4372500 90.4162
4380000 -131.186
4387500 -68.3663
4395000 -231.98
4402500 23.7996
4410000 256.66
4417500 38.0469
4425000 -1.51482
4432500 -51.3172
4440000 143.416
4447500 -90.9837
4455000 -49.3822
4462500 -188.138
4470000 -22.772
4477500 -212.115
4485000 -41.0938
4492500 29.7515
4500000 0.74399
4507500 16.6657
4515000 70.5706
4522500 152.54
4530000 76.0
4537500 -20.7351
4545000 -47.3599
4552500 115.39
4560000 166.934
4567500 5.94071
4575000 30.8189
4582500 -13.4524
4590000 55.6336
4597500 -116.066
4605000 -121.664
4612500 -97.2206
4620000 -27.6848
4627500 -98.092
4635000 -202.29
4642500 -104.297
4650000 76.6792
4657500 -69.4968
4665000 5.12965
4672500 -132.955
4680000 28.5878
4687500 -9.06445
4695000 183.244
4702500 -22.3696
4710000 -0.487825
4717500 83.8942
4725000 37.3669
4732500 90.7961
4740000 232.52
4747500 -57.9044
4755000 32.5524
4762500 109.062
4770000 91.4224
4777500 82.7536
4785000 61.0377
4792500 36.2632
4800000 -39.6939
4807500 -98.4363
4815000 -186.448
4822500 -51.1678
4830000 5.61284
4837500 91.7926
4845000 -38.0634
4852500 269.857
4860000 110.864
4867500 105.544
4875000 236.852
4882500 80.2118
4890000 187.393
4897500 69.6322
4905000 -94.4655
4912500 -27.5196
4920000 165.714
4927500 53.0569
4935000 93.3732
4942500 -49.3237
4950000 112.307
4957500 63.4632
4965000 -213.424
4972500 76.9788
4980000 -57.8162
4987500 18.4925
4995000 -50.3591
5002500 142.888
5010000 -11.7228
5017500 -12.007
5025000 -4.90857
5032500 -66.3946
5040000 145.101
5047500 24.0137
5055000 54.2552
5062500 59.1366
5070000 54.6145
5077500 207.597
5085000 174.157
5092500 130.586
5100000 107.277
5107500 -0.0634373
5115000 -92.5526
5122500 40.4061
5130000 73.1217
5137500 197.938
5145000 307.555
5152500 125.654
5160000 55.8425
5167500 240.822
5175000 -1.36021
5182500 60.0503
5190000 23.2827
5197500 -19.0536
5205000 -204.562
5212500 -234.757
5220000 -182.318
5227500 -256.361
5235000 -295.785
5242500 -216.843
5250000 -187.549
5257500 -266.244
5265000 -132.575
5272500 -239.594
5280000 -134.379
5287500 -35.2535
5295000 226.926
5302500 -33.6387
5310000 71.1179
5317500 243.485
5325000 26.0641
5332500 221.394
5340000 273.083
5347500 274.174
5355000 290.459
5362500 365.676
5370000 54.928
5377500 388.727
5385000 214.444
5392500 157.792
5400000 107.68
5407500 259.143
5415000 109.38
5422500 10.0098
5430000 -48.0352
5437500 167.483
5445000 6.33703
5452500 118.888
5460000 94.9563
5467500 135.321
5475000 -59.4606
5482500 -101.235
5490000 0.823444
5497500 207.027
5505000 106.235
5512500 244.82
5520000 64.0142
5527500 181.933
5535000 111.169
5542500 -11.2343
5550000 79.7481
5557500 65.6043
5565000 -66.593
5572500 28.5617
5580000 -16.5615
5587500 77.7435
5595000 -21.2992
5602500 216.44
5610000 105.292
5617500 123.497
5625000 392.786
5632500 329.733
5640000 375.079
5647500 288.975
5655000 394.608
5662500 379.768
5670000 350.955
5677500 141.361
5685000 108.916
5692500 16.9617
5700000 -6.72571
5707500 -103.122
5715000 -168.588
5722500 -10.8986
5730000 -84.8471
5737500 64.3881
5745000 98.1419
5752500 -216.115
5760000 87.9866
5767500 -82.4337
5775000 133.376
5782500 26.1359
5790000 -41.4779
5797500 84.4533
5805000 -29.0773
5812500 120.749
5820000 0.158576
5827500 152.703
5835000 185.872
5842500 109.112
5850000 34.5201
5857500 70.9284
5865000 103.847
5872500 162.785
5880000 117.107
5887500 70.8225
5895000 43.1073
5902500 24.8168
5910000 152.629
5917500 80.731
5925000 -23.8118
5932500 -12.7663
5940000 29.5041
5947500 -105.014
5955000 -102.42
5962500 -76.2508
5970000 104.743
5977500 -8.65372
5985000 -186.77
5992500 -336.05
6000000 -262.995
6007500 -196.968
6015000 -99.2319
6022500 -75.2849
6030000 -44.5517
6037500 -159.187
6045000 -80.8257
6052500 -230.578
6060000 -172.696
6067500 -134.729
6075000 -218.739
6082500 -293.169
6090000 -200.845
6097500 -161.519
6105000 -107.748
6112500 -61.4268
6120000 -138.608
6127500 -154.1
6135000 -17.3281
6142500 -65.6834
6150000 -146.63
6157500 -99.8766
6165000 -205.646
6172500 -10.1381
6180000 -131.14
6187500 -182.84
6195000 -50.0523
6202500 -101.306
6210000 88.8814
6217500 -103.819
6225000 -106.262
6232500 -3.65922
6240000 215.425
6247500 35.4189
6255000 -122.575
6262500 -89.2644
6270000 15.8258
6277500 -100.026
6285000 5.0013
6292500 12.2608
6300000 -61.5111
6307500 166.169
6315000 36.4462
6322500 -101.81
6330000 -116.84
6337500 -53.1518
6345000 -256.486
6352500 -130.281
6360000 -100.428
6367500 -46.1528
6375000 -16.5155
6382500 -160.657
6390000 -248.321
6397500 -47.5994
6405000 -33.0415
6412500 -60.7915
6420000 -81.508
6427500 207.035
6435000 248.646
6442500 -61.7489
6450000 -12.2863
6457500 116.602
6465000 -93.7793
6472500 -8.42108
6480000 25.4733
6487500 -150.418
6495000 -212.381
6502500 -25.333
6510000 -89.9228
6517500 -159.275
6525000 -248.845
6532500 -85.0269
6540000 -55.4861
6547500 49.5877
6555000 80.201
6562500 -51.6803
6570000 50.239
6577500 -101.513
6585000 -192.059
6592500 -76.1047
6600000 -33.5005
6607500 -71.7445
6615000 126.039
6622500 161.2
6630000 247.81
6637500 60.3984
6645000 188.224
6652500 -66.034
6660000 115.255
6667500 152.26
6675000 -75.5011
6682500 -150.805
6690000 -129.636
6697500 -193.225
6705000 -87.3773
6712500 -112.33
6720000 30.4038
6727500 -116.144
6735000 -143.034
6742500 -119.01
6750000 39.9075
6757500 -148.77
6765000 -62.7042
6772500 -193.061
6780000 -19.585
6787500 -89.8417
6795000 11.5323
6802500 -98.6196
6810000 60.2239
6817500 73.5538
6825000 -6.00662
6832500 -202.205
6840000 -109.855
6847500 -80.0291
6855000 -72.8614
6862500 23.4462
6870000 3.86533
6877500 -4.94781
6885000 -170.147
6892500 -73.0447
6900000 -159.988
6907500 18.6979
6915000 -90.9487
6922500 88.4425
6930000 84.6439
6937500 134.379
6945000 137.371
6952500 172.096
6960000 52.4772
6967500 160.711
6975000 169.142
6982500 -149.068
6990000 -91.1799
6997500 43.0288
7005000 55.7909
7012500 2.42176
7020000 -3.06712
7027500 124.633
7035000 41.4727
7042500 264.849
7050000 134.348
7057500 160.04
7065000 179.887
7072500 -3.68497
7080000 -7.74391
7087500 155.499
7095000 -186.908
7102500 -8.99493
7110000 -71.0373
7117500 35.2911
7125000 -301.976
7132500 -60.1121
7140000 -87.1253
7147500 -131.57
7155000 -121.404
7162500 61.9233
7170000 124.906
7177500 -28.8133
7185000 -64.2972
7192500 79.647
7200000 76.5611
7207500 140.4
7215000 184.901
7222500 83.7307
7230000 140.414
7237500 6.27976
7245000 58.352
7252500 123.026
7260000 15.5407
7267500 58.4479
7275000 105.173
7282500 -213.428
7290000 2.44061
7297500 -83.5107
7305000 -98.502
7312500 34.4291
7320000 24.1899
7327500 -93.5743
7335000 -60.2699
7342500 -67.4306
7350000 -96.2486
7357500 112.654
7365000 65.1935
7372500 229.162
7380000 137.689
7387500 164.102
7395000 82.2832
7402500 30.8395
7410000 124.206
7417500 -122.022
7425000 -203.526
7432500 43.5346
7440000 -117.452
7447500 -34.151
7455000 16.3811
7462500 93.8537
7470000 109.479
7477500 166.569
7485000 168.021
7492500 205.828
7500000 24.0112
7507500 210.759
7515000 132.016
7522500 172.619
7530000 -120.97
7537500 3.71389
7545000 54.0986
7552500 -70.807
7560000 124.696
7567500 89.5425
7575000 -50.5775
7582500 15.6937
7590000 -66.1678
7597500 -75.4934
7605000 -105.137
7612500 -231.545
7620000 -142.694
7627500 -73.9895
7635000 114.745
7642500 -181.65
7650000 -31.8954
7657500 -20.0644
7665000 -47.9044
7672500 -79.3102
7680000 31.4567
7687500 -174.525
7695000 130.555
7702500 -84.7817
7710000 34.6466
7717500 165.645
7725000 181.657
7732500 132.775
7740000 64.7078
7747500 -35.2332
7755000 221.163
7762500 125.838
7770000 134.441
7777500 153.823
7785000 114.291
7792500 195.008
7800000 185.185
7807500 138.11
7815000 -16.6726
7822500 36.7392
7830000 167.615
7837500 43.1465
7845000 24.0613
7852500 13.0802
7860000 129.464
7867500 104.876
7875000 175.208
7882500 137.289
7890000 82.089
7897500 61.3488
7905000 173.127
7912500 52.0233
7920000 52.9533
7927500 -154.092
7935000 170.417
7942500 192.776
7950000 97.9704
7957500 52.9042
7965000 130.328
7972500 317.862
7980000 172.687
7987500 194.526
7995000 132.357
8002500 79.7896
8010000 196.626
8017500 176.835
8025000 154.548
8032500 54.5862
8040000 243.256
8047500 304.05
8055000 280.451
8062500 181.534
8070000 302.461
8077500 234.18
8085000 310.324
8092500 187.336
8100000 122.093
8107500 252.659
8115000 63.1967
8122500 90.5144
8130000 97.4274
8137500 84.3021
8145000 15.1596
8152500 38.679
8160000 -138.978
8167500 25.5364
8175000 -24.4796
8182500 -71.0764
8190000 -78.4343
8197500 200.94
8205000 96.9205
8212500 14.9597
8220000 18.7881
8227500 -34.3846
8235000 44.8493
8242500 -87.0242
8250000 -33.9449
8257500 -5.08859
8265000 -111.729
8272500 -131.358
8280000 -76.612
8287500 -129.869
8295000 -161.739
8302500 -62.6937
8310000 39.7545
8317500 91.0371
8325000 -4.22255
8332500 134.784
8340000 -77.5621
8347500 -86.3633
8355000 -81.4119
8362500 -69.0189
8370000 -148.824
8377500 -40.4512
8385000 -95.036
8392500 -13.5404
8400000 -21.1879
8407500 -88.6476
8415000 -62.2789
8422500 46.0321
8430000 -69.812
8437500 78.1
8445000 -105.859
8452500 -131.65
8460000 95.2586
8467500 149.055
8475000 39.6842
8482500 113.057
8490000 -72.6786
8497500 27.4011
8505000 -51.7638
