0 0.0
1 -0.140000771825
2 0.199826951348
3 0.18758952687
4 -0.144832939318
5 -0.185512785383
6 -0.0477950841133
7 -0.163939398341
8 -0.207570775208
9 -0.0262549579723
10 -0.101052335601
11 0.0346426359524
12 0.0842193152485
13 0.0781172672565
14 0.283036392008
15 0.213589379426
16 -0.283980015451
17 0.0633389229555
18 0.125565674204
19 0.0541009966488
20 0.0960262706665
21 0.126236651829
22 0.11647227232
23 -0.156045202481
24 0.0652163739784
25 -0.090342571211
26 -0.223511988771
27 -0.110708159906
28 0.147473758543
29 -0.208917561446
30 -0.0133423961522
31 0.138038616767
32 0.141846969264
33 -0.212884061599
34 -0.16487076401
35 -0.239503679975
36 -0.0861733241196
37 -0.501251910574
38 -0.274245446235
39 -0.300007808812
40 -0.172677834822
41 0.0422862151019
42 -0.123036706688
43 -0.194818447785
44 0.264292723759
45 0.282599577488
46 -0.210866459117
47 0.0484647184718
48 -0.137659032297
49 -0.0416721133105
50 0.234290174921
51 0.0536787653198
52 -0.133306063954
53 0.108628150875
54 0.154370014064
55 0.148234319616
56 0.208145240492
57 0.0237450128015
58 -0.0153734254516
59 0.1290242078
60 0.00916716904362
61 0.0516665807445
62 -0.00566116287684
63 0.0813600731665
64 0.311921511669
65 0.0405155056182
66 -0.291872799681
67 0.216514513558
68 0.0687906796904
69 0.0529412867694
70 0.0329546881008
71 0.0667350866865
72 0.0779444997845
73 0.159553510358
74 0.174711206488
75 0.347247288143
76 0.331759306774
77 0.150851802006
78 0.31211869191
79 -0.28501441513
80 -0.0411544505204
81 0.254433878232
82 -0.132117528853
83 0.0107250629205
84 -0.0696345843655
85 -0.185113949649
86 0.11690530917
87 -0.176198372242
88 0.00612707483664
89 -0.148732443334
90 0.0658895882527
91 -0.171413038057
92 -0.103732828965
93 -0.337612615392
94 -0.0456573919559
95 -0.00205146998915
96 -0.0860507226858
97 0.268509065543
98 -0.018881617938
99 -0.21908910056
100 0.0927975304885
101 0.226515497367
102 -0.0953506422559
103 0.103864418316
104 -0.111192703771
105 0.147388388778
106 0.41410148621
107 0.322264622284
108 0.378417992978
109 0.348651915076
110 0.000274068785799
111 0.47695577584
112 0.211867780363
113 0.308143835261
114 0.161482283193
115 0.147527777792
116 0.0319971197403
117 0.304457310425
118 0.278562172337
119 0.486678331979
120 0.418157846578
121 0.526969004736
122 0.20979253892
123 0.217212988315
124 0.124097387982
125 0.204140640498
126 0.191665073455
127 0.247774740071
128 0.0757974704202
129 0.136245744532
130 0.201495985065
131 0.23749596724
132 0.350620636995
133 0.200054135497
134 0.108013916882
135 0.392349930119
136 -0.0442705036612
137 0.332268135122
138 0.627654412952
139 0.468167007255
140 0.378646121259
141 0.249937274447
142 -0.0144645928686
143 -0.039251766893
144 0.262549061049
145 0.230948661012
146 0.155938164427
147 0.287816418687
148 0.468929450616
149 0.222372200048
150 0.196992438136
151 0.100946546665
152 0.174221677336
153 0.43356458028
154 -0.000107896249244
155 0.18306824676
156 0.384591987381
157 0.305025060598
158 0.122505623754
159 0.0966773526158
160 0.311034375969
161 0.276059801743
162 0.20308361571
163 0.266629106902
164 0.277708368718
165 0.468807037072
166 0.366804793368
167 0.176706502509
168 0.304697991101
169 0.337078641946
170 0.200358000452
171 0.201172765199
172 0.105630655127
173 -0.0191711959048
174 0.0969122258417
175 0.116522554239
176 0.188173919632
177 0.227569599705
178 0.400937226014
179 0.187971936836
180 -0.0969002822876
181 0.267399484594
182 0.20534697971
183 0.466940509106
184 0.336403102571
185 0.0155309911928
186 0.0717692230826
187 0.461676180626
188 0.641326234717
189 0.472582644911
190 0.294297592919
191 0.518081663958
192 0.417086155639
193 0.820586276142
194 1.02334355366
195 1.0970021027
196 0.553505612342
197 0.769240910272
198 0.721410330876
199 0.715947655872
200 0.633303825177
201 0.560620641442
202 0.681280118584
203 0.760774412456
204 0.467433051077
205 0.466665765196
206 0.438041905824
207 0.412970698124
208 0.0399856499509
209 0.210757659539
210 0.162905287092
211 0.0144169102566
212 0.445266089236
213 0.222014073404
214 0.214700546002
215 0.164625888127
216 -0.045121713123
217 0.333999174931
218 0.36531232801
219 0.350983842348
220 0.0536883788248
221 0.0916702299134
222 0.321011540167
223 0.238424111954
224 0.0617393533417
225 0.1461617107
226 0.205750712358
227 0.232331126856
228 0.0637724538594
229 0.47082579249
230 0.225156569099
231 0.305675668167
232 0.406616688462
233 0.232699551075
234 0.0841833717069
235 0.337770259789
236 0.405647548047
237 0.0751604991258
238 0.270381738523
239 0.223077837667
240 0.49185908336
241 0.311285956497
242 0.0223753872945
243 0.160138043585
244 0.284630857218
245 0.385352678949
246 0.819600744951
247 0.648318610968
248 0.480878449259
249 0.460647911188
250 0.859022167952
251 0.498325675942
252 0.734910319265
253 0.892075661339
254 0.756225336944
255 0.759626101835
256 0.738367194088
257 0.705700702184
258 0.825630650268
259 0.352476576845
260 0.553907402107
261 0.615972885827
262 0.751919694654
263 0.634451248871
264 0.813571040659
265 0.906898717622
266 0.722288435683
267 0.580902025431
268 0.357706277886
269 0.60787803809
270 0.613711856242
271 0.700565560132
272 0.716778252419
273 0.663607240111
274 0.559148935457
275 1.15067532434
276 1.48209217894
277 1.59515980865
278 1.4448712054
279 1.66097816655
280 1.30749110053
281 1.71132937379
282 1.48129269072
283 1.46950873843
284 1.17610711
285 1.45737076853
286 1.2731740321
287 1.44215451497
288 1.50241337101
289 1.72687756672
290 1.67470736188
291 1.49855019566
292 1.74937316971
293 1.59791739584
294 1.35549588793
295 1.65167808522
296 1.80840308489
297 1.4460062936
298 1.36647670558
299 1.66400330673
300 2.09938680632
301 2.21401536504
302 2.2500955279
303 2.15707238292
304 2.22365762448
305 2.09993483479
306 2.33987764352
307 2.27864526002
308 2.1906169516
309 2.22099787374
310 2.19416747021
311 2.4676304494
312 2.65888314756
313 2.41571824012
314 2.86318145556
315 2.96366615981
316 2.59708824324
317 2.5777827817
318 2.67082577837
319 2.47336849995
320 2.43162762648
321 1.86034810896
322 2.01589174909
323 2.22933896214
324 1.99401055813
325 2.22306126498
326 2.25701930865
327 2.00342438594
328 1.81161845078
329 1.72951861475
330 1.70250679558
331 1.83695294224
332 1.97242912058
333 1.87865075816
334 2.07010210896
335 1.98335034211
336 2.3442165967
337 1.98262989502
338 1.82123605158
339 1.80688810872
340 1.69868154604
341 2.06109031702
342 2.50534558205
343 1.87326402455
344 1.95680210832
345 1.89804705887
346 1.99476457702
347 1.63123459619
348 1.5600798806
349 1.84431590621
350 1.99718766344
351 1.82800065481
352 1.94254300231
353 2.41406751955
354 2.3523627878
355 2.54212971226
356 2.37497811579
357 2.81838529283
358 2.59404198759
359 2.50546191483
360 2.69480664426
361 2.51781882194
362 2.4936153014
363 2.32346392087
364 2.744098842
365 2.45085645427
366 2.32553709257
367 2.34132496962
368 2.55275788035
369 2.5878564268
370 2.71323789732
371 2.58903594041
372 3.01052601438
373 3.03545884336
374 2.9548751069
375 2.81484786185
376 2.76586783531
377 2.74873770405
378 2.87459176244
379 2.74602932336
380 2.67206883997
381 2.83734621417
382 2.88578040116
383 2.90183143376
384 3.37117424785
385 3.07925639131
386 3.10047445783
387 3.5772471544
388 3.31901773937
389 2.76687742229
390 3.14409524729
391 3.46113735659
392 2.74449329647
393 2.86540717202
394 3.05862425816
395 2.91285448381
396 3.2789045036
397 2.83531456623
398 2.87293556941
399 3.00285900757
400 2.59558391232
401 2.61172824418
402 2.35046093957
403 2.80436812314
404 2.60004104983
405 2.93414232332
406 2.70325024686
407 3.08912441437
408 3.10151986147
409 2.78776224284
410 2.89166902225
411 3.10739949149
412 2.75064511544
413 3.10607494376
414 3.49057037459
415 2.78923896532
416 2.40504648541
417 2.89009875876
418 3.40391991089
419 3.18404286237
420 3.0534597705
421 2.94234623428
422 2.97913647527
423 2.6885624364
424 3.27981017159
425 3.1032192872
426 3.44050643613
427 3.09022846224
428 2.60145418133
429 3.39985543882
430 3.19156523755
431 3.10327686174
432 2.22383124418
433 2.82128754952
434 2.4936211006
435 2.54610605222
436 3.00770420498
437 2.992547708
438 3.14826087881
439 3.48073100659
440 3.2272396852
441 3.67356281629
442 3.65533520131
443 3.01234788194
444 3.00498782863
445 3.51171121636
446 2.89289950254
447 3.35939480957
448 3.25171121902
449 2.75601899904
450 2.86901938255
451 2.71873707686
452 2.45466878609
453 2.18840971786
454 1.94993778264
455 1.93151675767
456 2.17281786027
457 2.29137765647
458 2.36991775217
459 2.71572169177
460 2.89061121764
461 2.9741024084
462 3.00900330836
463 3.43227137999
464 3.19437350209
465 3.77354314258
466 3.3930112425
467 3.42573946434
468 3.61153611875
469 4.14259650546
470 3.81636767407
471 3.42211010123
472 3.83932925388
473 4.08997892792
474 3.45432394198
475 3.74510789287
476 3.79424737152
477 3.87802188455
478 4.0733472909
479 4.23544499223
480 3.90679263677
481 4.03644837472
482 4.22369125137
483 4.08615653611
484 3.88413215451
485 3.86259792044
486 3.60739350766
487 3.89993246685
488 3.84744081076
489 4.26152674734
490 4.46206598732
491 3.80420872502
492 3.90447855466
493 3.56855140166
494 3.4643525982
495 3.60586174437
496 3.42210753972
497 3.42878344862
498 3.50808133291
499 2.87987936259
500 2.85449880767
501 3.07161799381
502 3.39979246367
503 3.13716758986
504 3.14943647148
505 3.12205331516
506 3.01205796314
507 3.32759505083
508 3.68546083823
509 3.10372097576
510 3.48186341754
511 3.56303867279
512 3.2924337252
513 3.23417968676
514 3.34377185099
515 3.8300693304
516 3.35377463343
517 3.71566525421
518 4.10592602695
519 4.48580397264
520 4.08877838364
521 4.20399835835
522 3.61691510189
523 3.75931460184
524 4.20661452363
525 4.24732630566
526 4.0578053131
527 4.05929755674
528 3.92202789898
529 4.8131357754
530 4.38443692505
531 4.3682200095
532 3.93455456536
533 4.23988751828
534 3.82565650128
535 3.39086982316
536 3.69929396678
537 3.43001605667
538 3.24044250761
539 3.05488870229
540 3.30145923888
541 3.63317341923
542 3.65910852716
543 3.87488360867
544 3.35251178359
545 3.44750464832
546 2.84882397578
547 3.42081243862
548 3.33394711125
549 3.65556249612
550 3.70921604082
551 3.66226393242
552 3.82143255771
553 3.60027866749
554 3.7550254716
555 4.05292031167
556 3.88377109344
557 4.07071434026
558 3.64368699338
559 3.58778631874
560 3.5217410524
561 3.50424137218
562 3.55311286113
563 3.43366308729
564 3.59467595505
565 3.8888681838
566 3.71926798193
567 4.0621004291
568 3.61101214689
569 3.32747371018
570 3.37924037182
571 2.85591916723
572 2.71695369256
573 3.15551366316
574 3.52349479114
575 3.40638866255
576 3.29741202793
577 3.02361228238
578 3.27078976407
579 3.42684160397
580 3.36745700961
581 3.27166426449
582 3.34863182397
583 3.56524508449
584 3.66480531725
585 3.32252968538
586 2.93365626591
587 3.03628453728
588 3.18504502698
589 3.11895068502
590 3.44995891091
591 2.5443422283
592 2.92563908632
593 3.00814066177
594 2.85928327247
595 2.91905831525
596 2.76169820585
597 2.91210941875
598 3.05057485937
599 3.25925680922
600 3.15909722643
601 3.16796138136
602 3.39650644648
603 3.40259494877
604 3.88304334477
605 3.25178595637
606 3.48453848331
607 3.06667905256
608 3.73264543803
609 2.96678416422
610 3.1060894346
611 3.40641683971
612 3.39688336906
613 3.29113627568
614 3.49556154517
615 3.67518744116
616 3.59972283715
617 3.48215625676
618 2.98542721835
619 3.28042012922
620 3.25783001989
621 3.02846397922
622 2.94831280154
623 3.24549775623
624 3.02177665008
625 2.83529084472
626 2.8098994636
627 2.69745902722
628 3.07253759513
629 3.4705599789
630 3.74807670925
631 4.12643307568
632 3.7002082756
633 4.12148632473
634 4.16703402327
635 4.06896247062
636 4.38971919329
637 4.35782709971
638 3.98332806398
639 4.40672738088
640 4.32760076067
641 3.95616807314
642 4.24249398545
643 4.43038477929
644 4.52556100007
645 4.61169143085
646 4.16265238202
647 4.5806693578
648 4.70462894032
649 4.81027537394
650 4.57287075941
651 4.67539087873
652 4.76578829564
653 4.91078074201
654 4.5846409488
655 4.3668851742
656 4.44755188894
657 4.2644069469
658 4.21520374614
659 4.0591985427
660 4.13452856097
661 4.31734649178
662 4.2606128324
663 4.04540461941
664 4.28273936867
665 4.3441148776
666 4.72314140367
667 4.0951321228
668 3.89310087002
669 4.14203613619
670 4.15067681601
671 4.17785467869
672 3.89634368189
673 3.57070843036
674 3.69491083065
675 3.76484849474
676 3.76316980141
677 3.43545934926
678 3.87977103413
679 3.78540206966
680 4.21456128109
681 4.07927627638
682 3.95460481223
683 4.14577190049
684 3.810400299
685 4.08817050987
686 4.47977274235
687 4.77364741292
688 4.97613367594
689 4.72447549447
690 5.23894296106
691 5.18494566543
692 5.12768977788
693 5.21199156757
694 5.14081629254
695 4.95681286489
696 4.61792411059
697 4.69499502404
698 3.95995590894
699 4.22492396965
700 3.95687234131
701 3.74103212479
702 3.75487440089
703 4.36677176698
704 3.98065792345
705 4.00625142035
706 3.85581514541
707 4.01390329705
708 4.38446987593
709 4.07021816776
710 3.59178939408
711 3.83875156923
712 3.70095283965
713 3.34748897907
714 3.09062446721
715 2.97201997432
716 3.09062792359
717 3.00739813157
718 3.51846476296
719 3.10430872586
720 3.35098262606
721 3.56903934516
722 3.42934918106
723 3.60843534463
724 3.39382876227
725 3.38917995899
726 3.36606063565
727 3.21297395359
728 3.33480130352
729 3.407171545
730 3.78360642921
731 3.90862438078
732 4.21901011403
733 4.61881947047
734 4.65543194929
735 4.69563714027
736 4.57818702078
737 4.75187514479
738 4.68368261677
739 4.52841215021
740 4.44623790559
741 4.40111445073
742 4.43086163241
743 4.85754253122
744 4.75863552823
745 5.01529651154
746 4.86579321541
747 5.12934499381
748 5.10027945724
749 4.52718291698
750 4.6034594225
751 4.8312493858
752 5.16192570944
753 4.50923003855
754 4.66152386909
755 4.92907596768
756 4.9679941233
757 4.89471110413
758 5.0127475407
759 5.30351176694
760 5.17047883376
761 5.37923262014
762 5.50171613635
763 5.60386574002
764 5.99098984101
765 5.65468352402
766 5.88929968486
767 5.82315089739
768 5.76763342776
769 5.82152924515
770 5.93187331758
771 5.94141853057
772 5.99176063408
773 6.2773126782
774 6.39428768828
775 6.18056522282
776 6.5885555722
777 6.51049376345
778 6.07562651257
779 6.37657263533
780 6.15085899209
781 6.49043850732
782 6.07245860373
783 5.98473749292
784 6.18819524388
785 6.47992694778
786 6.19162696482
787 5.93957259622
788 5.54776758924
789 6.07108444994
790 5.66055615988
791 6.17401270354
792 6.26997087074
793 5.72707154592
794 5.60323525344
795 5.45537049616
796 5.44689029049
797 5.55591474577
798 5.53441124885
799 5.3455039839
800 5.49799875569
801 5.40044063713
802 5.60461816091
803 5.33462082253
804 5.63979672484
805 5.68607687469
806 5.54055726842
807 5.4722802924
808 5.3728146418
809 5.27661705864
810 5.76471158453
811 5.74251009775
812 5.64975174703
813 5.76526671259
814 5.21845436216
815 5.29850040039
816 5.66725369414
817 5.29727838428
818 5.83747493768
819 5.53210385839
820 5.36286187059
821 5.50409194896
822 5.73123280185
823 6.07373255772
824 6.11956850042
825 6.17650131097
826 5.82443716345
827 5.90607790407
828 5.99495287155
829 6.16424047071
830 5.82987518731
831 5.50198910518
832 5.6479012912
833 5.51685644396
834 5.54678164265
835 5.51876845768
836 6.18352289272
837 5.41183057683
838 5.44882605639
839 5.89119662923
840 5.69032038314
841 5.7520086757
842 5.98815788465
843 5.87306783982
844 6.13435220389
845 6.27419377383
846 5.96408859927
847 6.47682899395
848 6.06919382519
849 6.50417539093
850 6.15692459326
851 6.13524889037
852 5.7973951208
853 6.12831670183
854 5.97317144125
855 5.94693045588
856 6.12390879979
857 6.29102726858
858 6.4530771652
859 6.75630629316
860 6.33062445606
861 6.73570613433
862 6.42107883206
863 6.52485475322
864 6.69578112523
865 6.92182488552
866 6.38774608559
867 6.15468832861
868 6.39388522796
869 6.4117768012
870 6.19842974681
871 6.33682609924
872 6.51735292904
873 6.93179089456
874 6.54695148976
875 6.49674741889
876 6.73006550345
877 6.64025810246
878 6.69811038678
879 6.40535065122
880 6.41760372083
881 5.99698382821
882 7.0247161891
883 6.99631505956
884 6.93293070873
885 6.98995295416
886 7.19513068201
887 7.02878156286
888 7.09840206634
889 7.27869110704
890 6.69316699357
891 6.67806042229
892 6.80338540923
893 7.3492847264
894 7.38335042698
895 7.5597324452
896 7.33251028304
897 7.48020642424
898 7.48999596698
899 7.55358838575
900 7.47781563253
901 7.44720067081
902 7.7646860854
903 8.11920843742
904 7.8858435828
905 7.60498051904
906 7.60984509991
907 7.48596474528
908 7.48379405011
909 6.93525399338
910 7.58926793385
911 7.54135403648
912 7.11811674684
913 7.25189559287
914 6.90913821662
915 7.00620776725
916 7.5255166768
917 7.3734051497
918 8.24337012862
919 8.00758624783
920 7.94767110307
921 8.12689838026
922 7.90145728523
923 7.60692417584
924 7.53670524136
925 7.73639439291
926 7.9079737156
927 7.87191171391
928 7.9042859361
929 7.83751567448
930 8.01531100258
931 8.48700054453
932 8.75455563945
933 8.51862373359
934 8.33264896745
935 8.05942094746
936 8.05880802266
937 8.09022775268
938 7.67803662007
939 7.41038755118
940 7.84609394763
941 7.97476345249
942 7.74592512644
943 7.8237111577
944 7.91549367075
945 8.31993452952
946 7.98506412642
947 8.04072510502
948 8.23747015862
949 8.50074114101
950 8.62013550827
951 8.49140421594
952 8.62376029363
953 8.47641870061
954 8.521017114
955 8.52439834646
956 8.47934470488
957 8.79077131736
958 9.0938427067
959 8.8350702975
960 8.99563239215
961 9.24153829741
962 9.88762394423
963 10.082228588
964 9.56756926581
965 9.27615509906
966 9.20822810832
967 8.60281887273
968 8.37225551806
969 8.32961630025
970 8.05003166101
971 8.24604595403
972 8.06278186463
973 8.42955757847
974 8.10031175686
975 7.96390876042
976 8.48795934769
977 8.70978009231
978 8.61227138069
979 8.89281105635
980 9.2414310093
981 8.95001705246
982 9.37932033247
983 9.57615190067
984 9.22800352466
985 9.66099105276
986 9.46297449559
987 9.12128910596
988 9.04917468354
989 8.8504200755
990 9.21616323013
991 9.06487747184
992 9.02784849577
993 9.3108501846
994 9.30648665672
995 9.18534592273
996 9.30766262626
997 8.76823519822
998 9.02085611656
999 8.57330587664
