0 0.0
1 0.0552800530374
2 0.0447311572547
3 0.00915980512134
4 0.0157175550875
5 0.00375077641968
6 0.126925044863
7 0.382532457468
8 0.400323005461
9 0.467889573823
10 0.257903863883
11 0.315503847779
12 0.192653440322
13 0.310375142623
14 0.37020358249
15 0.503003659903
16 0.359369772137
17 0.283080670785
18 0.731643063298
19 0.614084760972
20 0.742347833189
21 0.460679999686
22 0.50976743201
23 0.763480227047
24 0.656336929753
25 0.44691002405
26 0.481173313676
27 0.754343192328
28 0.685829513196
29 0.814919570095
30 0.455207616352
31 0.892706895702
32 0.693459149022
33 0.55972701687
34 0.566880674449
35 0.891401879841
36 0.777758256124
37 0.6741305836
38 0.611311172382
39 0.588786870638
40 0.772586525667
41 0.655820299183
42 0.435336407014
43 0.579551563983
44 0.188479955676
45 0.220342915794
46 0.466851589903
47 0.44968020995
48 0.652070193311
49 0.577734879298
50 0.488819642509
51 0.390298733842
52 0.507038326592
53 0.55864643141
54 0.687068063615
55 0.704439631034
56 0.539690294877
57 0.525727879173
58 0.62602992632
59 0.477601969923
60 0.64401844815
61 0.546147572304
62 0.574778370343
63 0.618344857991
64 0.542106138454
65 0.39368086148
66 0.411440305037
67 0.610040178795
68 0.616298037786
69 0.670070974079
70 0.775097502348
71 0.234261902286
72 0.140759111346
73 0.353683812768
74 0.593399136287
75 0.299540175356
76 0.47248227432
77 0.352886672734
78 0.479633874164
79 0.207874568922
80 0.284953384077
81 0.0888097939753
82 0.383671779467
83 0.568847456795
84 0.567281626797
85 0.252570235666
86 0.318651388606
87 0.603425389765
88 0.540823709488
89 0.24522482215
90 0.400244535456
91 0.503843295231
92 0.587941040733
93 0.13497568046
94 0.33290618621
95 0.295307708021
96 0.387095520923
97 0.375887419064
98 0.344686105944
99 0.233039241484
100 -0.0328185249094
101 0.229187313142
102 0.251067878916
103 0.386377473185
104 0.497159533767
105 0.00665431295205
106 0.146622493074
107 0.101339317744
108 0.147202329198
109 0.189434282203
110 -0.215556643068
111 0.202015966034
112 0.213159181528
113 0.297755054537
114 0.492072782708
115 0.187254347548
116 0.232698731046
117 0.190759309461
118 0.183643415573
119 0.173918908167
120 0.250000734418
121 0.0881043208025
122 0.220147889132
123 0.439316276271
124 0.64912876163
125 0.687227868677
126 0.606722074127
127 0.568599869048
128 0.523600188137
129 0.365985017154
130 0.546219533124
131 0.256995656926
132 0.259097529492
133 0.333527715154
134 0.166098675618
135 0.364898772939
136 0.258819539443
137 0.531685618491
138 0.556917240151
139 0.429981149281
140 0.408223848184
141 0.308329872216
142 0.288059691095
143 0.401781222446
144 0.329370172309
145 0.385690030242
146 0.339617351802
147 0.327813343724
148 0.353596494464
149 0.405584512621
150 0.405288217387
151 0.51848611733
152 0.1913463146
153 0.26978206873
154 -0.0142197070382
155 0.189356051317
156 0.28581756566
157 0.34843772556
158 0.118329551667
159 0.269492519896
160 0.282384325534
161 0.324440657855
162 0.414992869002
163 0.180717662873
164 0.204661405
165 0.0957193956393
166 0.167012813026
167 0.15161184036
168 0.192784951326
169 0.138776239438
170 0.0731790849856
171 0.217316379211
172 0.00497877631148
173 0.00634817018056
174 0.383372588224
175 0.480725961789
176 0.830871378505
177 0.442090806071
178 0.333992692019
179 0.514638168229
180 0.706965631279
181 0.49758977962
182 0.365230990647
183 0.44678145792
184 0.672721798269
185 0.685267890449
186 0.206648748441
187 0.2311534432
188 0.372852362368
189 0.600448503734
190 0.611681268323
191 0.265734699695
192 0.430061914669
193 0.320732293907
194 0.752793766382
195 0.42658083455
196 0.732727715646
197 0.686790418122
198 0.281597642374
199 0.815314731626
200 0.872797815412
201 0.804516387421
202 1.02957895699
203 0.972223277075
204 0.811766916083
205 0.771070025358
206 1.05239137435
207 0.987817699407
208 1.17264750284
209 0.952703090367
210 1.02387192405
211 0.843997299175
212 0.840076218746
213 0.772997471871
214 1.03882020071
215 1.15887091755
216 1.07808333416
217 1.17155059896
218 1.25336039156
219 0.94965765665
220 0.820215112857
221 0.716274216528
222 0.916313412532
223 1.19366268401
224 0.702300386468
225 0.944292847505
226 1.00216547951
227 0.81631454375
228 1.17871799571
229 1.1360536374
230 1.03424655532
231 1.1668082017
232 0.965115147059
233 1.01473640378
234 1.39725009785
235 1.06132035956
236 1.35329984788
237 1.0526123377
238 1.15385763404
239 0.841956585124
240 1.18177182201
241 1.29712550206
242 1.13696013097
243 0.962014894333
244 0.973046021298
245 1.03977007462
246 0.800949079469
247 1.29180198037
248 1.39202679228
249 1.21287594407
250 1.16763143331
251 1.05383740363
252 1.21645385677
253 1.31795878973
254 1.28766413004
255 1.09295318957
256 1.15547002139
257 1.04208803487
258 1.30262710008
259 1.03986956198
260 0.804959979809
261 1.07659864571
262 1.05066751019
263 1.10195986917
264 1.24751735522
265 0.819760803968
266 1.20723952814
267 0.921116129937
268 1.20400934306
269 0.989974802523
270 0.867893324941
271 0.773185196295
272 0.754311741479
273 0.839842277907
274 0.94352847826
275 1.14440256086
276 1.16702406361
277 0.876870677318
278 1.33503733517
279 1.1138997853
280 1.17984655123
281 1.02143557933
282 0.557052597571
283 0.833457813908
284 0.691267280218
285 0.657403105034
286 0.926924448193
287 0.964962985625
288 0.882025538587
289 0.911293795703
290 0.803590216136
291 1.21457301262
292 1.02101550878
293 0.932365579336
294 0.798757691801
295 1.22801215882
296 1.15578748262
297 1.28497436355
298 1.40446952098
299 1.47334795089
300 1.49302876483
301 1.69049934149
302 1.6231154835
303 1.77634640119
304 1.59193749213
305 1.73815412581
306 1.67014609775
307 1.66573781434
308 1.53488623418
309 1.46447363658
310 2.02361416318
311 1.72019315524
312 2.14241679871
313 2.4164572194
314 2.09246063973
315 2.19293656147
316 2.35598775393
317 2.36045438702
318 2.25868759689
319 2.07804856318
320 1.90441021712
321 1.67436145772
322 1.55840335827
323 1.9799713585
324 1.91671875168
325 2.42345191116
326 2.4066747076
327 2.07704932966
328 2.10899344283
329 2.17239275882
330 2.3170980253
331 2.6251310826
332 2.5849003787
333 2.59431649096
334 2.89379720313
335 2.84002601764
336 3.3635848858
337 3.29001659836
338 2.69464658443
339 2.80630928678
340 2.81535163906
341 3.00184785862
342 2.83636255257
343 2.61653015819
344 2.74445246728
345 2.69957937454
346 2.31245499002
347 2.40028021745
348 2.14174686311
349 1.90127201113
350 1.73161641211
351 1.532195499
352 1.82005066127
353 1.55540103041
354 1.93621206562
355 1.98931158707
356 1.70283012687
357 1.94606721268
358 1.89321678351
359 2.05505408378
360 2.38145470158
361 2.37753269095
362 2.56544453798
363 2.72442464527
364 2.71516364359
365 2.9110752232
366 2.25750921553
367 2.71896229276
368 2.64754074151
369 2.75062738803
370 2.8376282494
371 3.29925798539
372 2.84164231483
373 2.907746456
374 3.22883056906
375 2.33227475082
376 2.43544682919
377 1.88555201986
378 2.79121112914
379 3.15920901902
380 2.78307827032
381 2.95003201923
382 2.90839712645
383 2.02030477564
384 2.55439045501
385 2.6744862628
386 2.3571464915
387 2.81351391603
388 2.2825141486
389 2.50710851431
390 2.62787920754
391 2.43729571786
392 2.06534377029
393 1.83095909797
394 2.68379236708
395 1.91404250047
396 2.10999837111
397 2.70997676634
398 2.72854575871
399 2.11613233732
400 2.06571361565
401 2.1273679531
402 2.2729481854
403 2.01798368013
404 2.38609455833
405 2.36676802127
406 1.91045546677
407 1.89195504441
408 1.46792884875
409 1.77163394655
410 2.17636592428
411 2.10447327162
412 2.38671292636
413 2.05544573741
414 2.31491340081
415 2.0507444489
416 2.43417140531
417 2.00709913761
418 1.90013590641
419 1.85234051874
420 1.957471997
421 2.04187749382
422 1.98707805025
423 1.84908798262
424 2.26058030336
425 1.5388955408
426 2.14080058232
427 2.24692363321
428 2.45688365254
429 2.9521678853
430 2.32186832824
431 2.25101819499
432 2.22156516481
433 1.99252934108
434 2.28835595143
435 2.10616483081
436 2.25206529358
437 2.45922439307
438 2.58692042337
439 2.53788105353
440 3.01870672442
441 2.73015616011
442 3.04364051557
443 2.83475666031
444 2.97090221658
445 3.56913662239
446 3.60132193467
447 3.16986537309
448 2.87802037059
449 3.27598132207
450 3.41464805899
451 3.34907300459
452 3.06548506079
453 2.72511691672
454 2.53431357125
455 2.15568298159
456 2.64770116603
457 2.26989030271
458 2.4269724964
459 2.47494130661
460 2.4420211269
461 2.62896196438
462 2.43155405398
463 2.34160459639
464 2.07293542966
465 2.51947138385
466 2.3531151647
467 2.47092551426
468 2.3615465377
469 1.80902230043
470 1.95420896021
471 1.96006163256
472 2.39435723049
473 2.09991199286
474 2.04192255127
475 1.94794264776
476 2.1037408119
477 2.13296821566
478 2.47122439871
479 2.48120615011
480 2.03238845831
481 2.26201526943
482 2.00403202055
483 2.14133594174
484 1.73098983189
485 1.83083411301
486 1.90480160963
487 1.38490926061
488 2.07926173665
489 1.71221629983
490 1.9016355448
491 1.56933944675
492 1.61211805314
493 1.39695014942
494 1.11392611615
495 1.51261678943
496 1.16190621312
497 1.93895055622
498 1.85344141265
499 1.73951809981
500 2.12408919493
501 2.91788448232
502 2.60485905713
503 1.76887516001
504 1.69411761304
505 1.78624762103
506 1.60779851267
507 2.0254905279
508 1.80784412129
509 2.47129522999
510 2.52038622192
511 2.63388729944
512 2.26061463184
513 2.26431277284
514 2.43993822088
515 2.60001989107
516 2.30803789286
517 1.90671426696
518 1.86334461423
519 1.67497692558
520 2.37785478455
521 2.63137602509
522 2.84262533522
523 2.61913194673
524 2.09922446021
525 1.96829437915
526 1.77431155575
527 1.69569214952
528 1.8525495996
529 2.23796070941
530 2.23743914971
531 2.34969535749
532 2.56326282192
533 2.5581211023
534 2.46096355248
535 2.49129015014
536 2.59841692363
537 2.33755040609
538 1.9362159722
539 1.96480831938
540 1.60196658259
541 1.60067364872
542 1.46189063355
543 1.87181160591
544 1.71860580572
545 1.72615518999
546 1.91490010804
547 2.39349801216
548 2.19262965802
549 2.08332508592
550 1.68042093403
551 1.7605304798
552 2.24443424967
553 2.52978697054
554 2.12014847028
555 1.96924994584
556 1.74722038845
557 2.02028263607
558 1.26309892634
559 1.05781596129
560 1.00122917335
561 0.769312869887
562 1.18385781158
563 0.881510388654
564 0.949555056249
565 0.865633212524
566 1.7021917779
567 1.61716393833
568 1.58776626162
569 1.24768729585
570 1.05335411821
571 1.12556231724
572 1.02742489041
573 1.12639643133
574 0.923978821226
575 1.47613200144
576 1.20507064179
577 0.935764473331
578 0.750222105791
579 1.48342842922
580 1.780194237
581 1.58269847731
582 1.72921798714
583 1.47338858773
584 1.68617161865
585 1.5437736372
586 0.934189977555
587 1.262814819
588 1.29711616575
589 1.71803207956
590 1.86049295576
591 1.78417560894
592 1.41395053075
593 1.53835394705
594 1.4561136064
595 1.83889510481
596 1.45889095067
597 1.68372536325
598 1.31044754519
599 1.02953650469
600 1.46962416977
601 1.50378397028
602 1.6908340345
603 1.40642311347
604 1.21211600293
605 1.80598612119
606 1.67513388396
607 1.72951682881
608 1.48147322847
609 1.79734888063
610 1.29395870663
611 1.3413301473
612 1.28994469318
613 1.03493517538
614 1.31062525829
615 1.32239786344
616 1.19396373821
617 1.60376498404
618 1.44904088221
619 1.79681602088
620 1.48721828364
621 1.14578829865
622 1.52729144781
623 1.62595443415
624 1.80907660991
625 1.85252399561
626 2.01334652717
627 1.64434881582
628 1.56736551182
629 1.57625243262
630 1.89574037301
631 1.70865230555
632 1.39460727649
633 1.20335650721
634 1.54626226308
635 1.28729021569
636 1.3328369423
637 1.5058861428
638 1.20485484575
639 1.18866405135
640 1.31218682765
641 0.987619909337
642 1.46111085711
643 1.09898854132
644 1.09644922095
645 0.912234242887
646 1.57249135041
647 1.20242520847
648 1.20827234479
649 1.13293675773
650 1.2877067207
651 0.968491915268
652 1.31814219091
653 1.06306201357
654 1.07562705975
655 1.36713975785
656 1.29093537486
657 1.93778450721
658 2.19442374412
659 1.90712840564
660 2.22963995062
661 1.84881496863
662 1.7504129928
663 2.03831665314
664 1.96918595628
665 1.8919633936
666 1.81027465346
667 1.49794856557
668 1.23139413193
669 1.51260858395
670 1.62347969916
671 2.06157679454
672 1.89307383081
673 1.62334711342
674 1.94305133143
675 1.54195495853
676 1.85927066073
677 1.83779691832
678 2.365577746
679 2.0722070236
680 2.036148949
681 1.30177912794
682 2.01760626633
683 1.79976659994
684 2.15310828792
685 2.11394479279
686 1.9969385357
687 1.74656165173
688 1.67931659866
689 1.62935349551
690 1.72807442881
691 2.12322915583
692 2.17092936692
693 1.85346729667
694 1.87493939468
695 1.98238304767
696 1.85397183828
697 2.50874723171
698 2.42336019445
699 2.35362637875
700 2.18083034866
701 1.61467215136
702 1.87233554034
703 1.97210124651
704 1.95050722764
705 2.22038969742
706 2.00249842904
707 2.13413344626
708 2.17693819652
709 2.63675482416
710 2.15201649874
711 1.87412974502
712 1.82526084579
713 1.36699245025
714 1.65816733954
715 1.72823425463
716 1.90287624662
717 1.80905073215
718 2.00913666333
719 1.53386909695
720 1.4249998476
721 1.64414524655
722 1.49421935857
723 1.60192968379
724 1.98138583004
725 2.1373563912
726 1.84284056703
727 1.53979828785
728 1.8455067211
729 1.74746522359
730 1.62559530592
731 1.96638380385
732 1.97680777275
733 2.36218087498
734 1.99510421841
735 2.04977812798
736 2.38050071261
737 2.69831318514
738 2.41221452627
739 3.14969119867
740 2.76833675735
741 2.59573717758
742 2.96526167137
743 2.73385245098
744 2.80551355264
745 2.75046775038
746 2.86029148926
747 3.06207696525
748 3.09492064575
749 2.57934085673
750 2.82149183594
751 2.36026218461
752 2.78930690378
753 3.16471051415
754 3.35152371123
755 3.53788039331
756 3.53265917903
757 3.33244892111
758 3.18353360067
759 3.15601093656
760 3.61570074913
761 3.44589459918
762 3.83073946024
763 4.16225690844
764 3.51720054556
765 3.42386358634
766 3.42486556637
767 3.44649668372
768 4.10493931405
769 3.54201393462
770 3.58896948313
771 3.54120990909
772 4.11667447582
773 3.14256943596
774 3.25294552789
775 3.90418084554
776 3.86539463436
777 3.94670950487
778 3.12092845611
779 3.64305245188
780 3.48243314691
781 3.73212248084
782 3.78789603211
783 4.09015359397
784 3.71786427204
785 3.75192429651
786 3.56410650999
787 3.8744635368
788 3.54085651441
789 3.81771375389
790 3.69458243617
791 3.79068407645
792 3.84638358295
793 3.62616036996
794 3.42273997363
795 3.35226039615
796 3.33712975588
797 3.26510238588
798 3.16632803857
799 2.99469297594
800 2.93555560281
801 3.02495554375
802 3.35422619044
803 3.51175703273
804 3.08953070255
805 3.21136485507
806 3.42083071191
807 3.41902406548
808 3.28846850828
809 3.22322843049
810 3.12941094946
811 3.21982329537
812 3.3409462675
813 3.61556634185
814 3.73031143684
815 3.5221691144
816 4.11635523797
817 3.65775882344
818 3.25424397956
819 3.72128596604
820 3.41038980294
821 3.53158866719
822 3.45241688751
823 3.14250506437
824 3.18395719718
825 3.56214831121
826 3.38062828062
827 3.65571620829
828 3.83718965837
829 3.97504410672
830 3.77773537146
831 3.34045714701
832 3.37404984175
833 3.46734780187
834 3.35960679153
835 3.60212794677
836 3.19124177564
837 3.36304598757
838 3.5092449829
839 3.49647215651
840 3.196761938
841 3.45905040922
842 2.66914885341
843 2.99053452856
844 3.70500235578
845 3.39322208976
846 3.06201744941
847 3.35737676527
848 3.28113126102
849 3.41981743055
850 2.97763494804
851 3.04993661969
852 3.59419854214
853 3.55526694777
854 3.1349223792
855 2.7139986946
856 2.90140798085
857 2.62787176527
858 2.6398730478
859 3.18375030645
860 3.06576000839
861 3.06559748543
862 3.0381665929
863 3.22472724398
864 3.3825368743
865 3.04054463673
866 3.11442084333
867 3.15886068898
868 3.76502073466
869 3.64244866081
870 3.52700892006
871 3.11484869174
872 3.00210097196
873 3.32666982317
874 3.00942381477
875 3.37028870511
876 3.49420257053
877 3.63034265513
878 3.76906175909
879 3.89100678473
880 3.63707268496
881 3.88602612812
882 3.74165010639
883 4.41957949096
884 4.15840089773
885 3.71032315318
886 3.86319907698
887 4.02860822972
888 4.02949296766
889 4.12522096699
890 4.67074679143
891 4.51999496141
892 5.18962987162
893 4.95301003263
894 4.88550436839
895 4.80013744475
896 4.62743712054
897 4.33984097501
898 4.41543598553
899 4.30073579429
900 4.35035035231
901 3.88107431633
902 4.49920309681
903 4.62767262354
904 4.55128974265
905 5.10538240326
906 5.12386199843
907 5.1074581561
908 5.31267240164
909 5.35272981253
910 5.01655210557
911 4.91428424532
912 5.28594872072
913 5.05144012985
914 5.03056370338
915 5.49249135344
916 5.24493640222
917 5.65130852918
918 5.24446712616
919 5.62313012548
920 5.31996858151
921 5.21477841222
922 5.20499777024
923 5.78471460794
924 5.03722023605
925 5.15613380958
926 5.18357817772
927 5.02506454757
928 5.35985157268
929 5.32669461517
930 5.29848586631
931 5.34927091634
932 5.48319686972
933 5.37457772089
934 6.03268672158
935 5.66493036585
936 5.90312415386
937 5.67734875149
938 5.71971257341
939 5.71436500071
940 5.50816266975
941 5.2658089019
942 5.35314848023
943 5.99538067258
944 6.18736483974
945 6.30255362688
946 6.2386723678
947 6.3678039213
948 6.22693949876
949 6.13521526358
950 5.77263949574
951 5.34731727834
952 5.74588599387
953 5.4795579341
954 5.49413773455
955 5.33201269652
956 5.21279274673
957 5.20602778927
958 4.57161566299
959 4.89918699804
960 5.56867057777
961 5.30331215848
962 5.34667278856
963 5.45016352818
964 5.3733747713
965 5.51259389701
966 5.61886175677
967 5.47921020367
968 5.97264202092
969 6.66367599984
970 6.79709772716
971 7.00408419764
972 7.02669739519
973 6.65409760257
974 6.8084383094
975 8.08621885658
976 8.13969443443
977 8.53220328555
978 8.99362878813
979 8.76866892688
980 8.68645076226
981 8.78536115997
982 8.57686640382
983 8.65855038871
984 8.6725971692
985 8.32182174912
986 8.92015384229
987 8.88873829721
988 9.08274443067
989 9.08096691598
990 9.83539204779
991 9.90733327936
992 9.77575342919
993 9.49271461691
994 9.96133596252
995 10.2407128245
996 10.3257486721
997 10.3892430544
998 10.1631749298
999 9.68552900568
