0 0.0
1 0.2225983254
2 0.381937880847
3 0.19546730016
4 0.222584995162
5 0.102540787393
6 0.0306970476824
7 -0.0479748119917
8 0.165362715161
9 0.0118287764632
10 0.243445387841
11 0.559467030461
12 0.0270639831959
13 0.0159298418226
14 0.298102206605
15 0.205349072678
16 0.372595010591
17 0.215245706341
18 0.205796187983
19 0.209399000869
20 0.123470322909
21 0.444243295123
22 0.530272831526
23 0.292633549717
24 0.0445644803996
25 0.253715976913
26 -0.0815579243119
27 0.408980674427
28 0.332938320167
29 0.0273761787356
30 0.18890211552
31 -0.0395354664194
32 -0.157787774339
33 0.264775027138
34 -0.0852154736477
35 -0.110702565093
36 0.278049452149
37 0.0631874487943
38 -0.0251492767231
39 0.184203978618
40 -0.139025069578
41 -0.0642628088139
42 -0.233952186678
43 -0.335974604371
44 -0.268851011202
45 -0.0459808834434
46 0.113355059521
47 -0.224162961798
48 -0.144349478363
49 0.216075791711
50 0.260891856506
51 0.188605558346
52 0.405785793868
53 0.557157502048
54 0.170630810423
55 0.0455551245992
56 0.521317726972
57 0.0228196485036
58 0.145072757539
59 0.159604195016
60 0.242683945069
61 0.310472903105
62 0.141770240308
63 0.0809385277745
64 0.461637630809
65 0.240045982162
66 0.2068511415
67 0.424562055816
68 0.11144554473
69 0.39082133595
70 0.194862987839
71 0.0605217745068
72 0.115383802601
73 0.0782152407034
74 0.168645852795
75 0.213748653612
76 0.0486843708003
77 0.0169242824505
78 0.154054032675
79 0.294932602028
80 0.214813042769
81 0.321914125764
82 0.169248960517
83 0.319758519556
84 0.362170762905
85 0.357486148784
86 0.178234362215
87 0.0196291522047
88 0.12866176264
89 0.497136433716
90 0.152894452648
91 0.216907248541
92 -0.181395905324
93 -0.125178228621
94 -0.0137677868673
95 0.1804425219
96 0.179574869602
97 0.0247100435994
98 0.236171494084
99 0.108424576742
100 -0.0192370709887
101 0.188731040554
102 0.252552251941
103 -0.0934456435046
104 0.170082160608
105 0.146720410721
106 0.0105932610144
107 -0.0286052862352
108 0.0201803335169
109 -0.167802124354
110 0.0995888566029
111 0.127694757214
112 0.105156453704
113 -0.0117393870516
114 -0.0285416902043
115 -0.0139209369603
116 -0.194488293011
117 -0.153991727738
118 -0.0173976198037
119 -0.00508189121879
120 0.209038246457
121 0.0597837653964
122 0.0306073051448
123 0.126330230524
124 0.0249081376396
125 -0.00630558118992
126 0.45528665301
127 0.0987860228794
128 -0.0762317783088
129 0.144243366211
130 0.306573671211
131 -0.0310485138158
132 0.0212382374526
133 0.316431266492
134 0.187455275312
135 0.306479569568
136 0.567172288977
137 0.537898394871
138 0.225649619333
139 0.267476616518
140 0.0920661819022
141 0.141429294976
142 -0.130926185669
143 0.244952711709
144 0.27279373637
145 0.297684600548
146 0.141960249108
147 0.241575819217
148 0.136408696314
149 0.285404910144
150 0.242353746729
151 0.404240561627
152 0.34187980851
153 0.159752840414
154 0.300394065842
155 0.511585862977
156 0.430573607299
157 0.303081030089
158 0.682590035556
159 0.461241944381
160 0.691018936652
161 0.42397219546
162 0.568423727197
163 0.672354644244
164 0.692471666784
165 0.536770717975
166 0.817243680217
167 0.582057675774
168 0.518560420063
169 0.632824844736
170 0.802629860513
171 0.722553814295
172 0.829123848369
173 0.941486961092
174 0.724280863031
175 0.409050542856
176 0.768680269369
177 0.700816454353
178 0.596124651331
179 0.60183433921
180 0.673834640464
181 0.647063780735
182 0.624312988779
183 0.912935128945
184 0.768697106806
185 0.714223969522
186 0.763778747285
187 0.536524440797
188 0.877665182457
189 0.859194612263
190 0.459250677425
191 0.645003428358
192 0.975514356805
193 0.829471180516
194 0.814909986825
195 0.908903515766
196 0.764022837598
197 0.683247014086
198 0.756985708629
199 0.7893510073
200 0.581586914108
201 0.603164358689
202 0.488218020273
203 0.869696002587
204 0.873774187976
205 0.602727279181
206 0.87918379698
207 0.792308755755
208 0.611557197725
209 0.725720047372
210 0.785041762611
211 1.02009600907
212 0.73104418928
213 0.606488028609
214 0.996191595848
215 0.809006345652
216 0.917398866223
217 0.953764869299
218 1.12162587877
219 1.09310841664
220 1.1619963976
221 1.4120531179
222 1.49148310576
223 1.55633676065
224 1.50745466363
225 1.49622491245
226 1.65038273904
227 1.46181605922
228 1.2194389362
229 1.68193822989
230 1.53382744356
231 1.39916937908
232 1.36142888587
233 1.44603972412
234 1.4900254106
235 1.42438104927
236 1.69731760844
237 1.47439362552
238 1.7106926185
239 1.96032340983
240 1.89808270313
241 1.95185623435
242 2.08621390698
243 1.63357314117
244 1.75079720766
245 1.93348108216
246 1.8685604865
247 1.93815308169
248 1.58314267743
249 1.9876595065
250 1.85341815984
251 2.03699336178
252 2.18020201805
253 1.72798069621
254 1.96581730743
255 1.91225713346
256 1.57934154987
257 1.44106001167
258 1.46333366749
259 1.48032002384
260 1.27705360036
261 1.3778250956
262 1.43817128958
263 1.23690054216
264 1.58623165748
265 1.74394217964
266 1.76766686696
267 2.21755562388
268 1.74005195506
269 1.8725069205
270 1.9827613903
271 2.25552627879
272 2.31256384687
273 2.33094747335
274 2.48101215762
275 2.49697432605
276 2.63337698535
277 2.6382191627
278 2.99629520301
279 2.88696425541
280 2.55152494054
281 2.13145362695
282 2.15154439321
283 2.12250669216
284 2.27052440261
285 2.41269683224
286 2.28790510221
287 2.44413996184
288 2.38931867866
289 2.08787874258
290 2.13150431587
291 2.31893809643
292 2.07247449229
293 2.32070935595
294 2.2795658758
295 2.36360876319
296 2.28305173434
297 2.51772310019
298 2.36930447376
299 2.56013130939
300 2.37312133017
301 2.34005435144
302 1.83072703692
303 2.16407687919
304 1.90194016644
305 1.72033498596
306 1.90696195385
307 1.8940602462
308 1.98963259225
309 2.43834530832
310 2.1784821655
311 2.54215875745
312 2.07799386126
313 2.34287912662
314 1.74902398794
315 1.75115317157
316 2.17182182373
317 2.28818076663
318 2.35842958998
319 2.48943747412
320 2.39918484344
321 2.13372440914
322 2.3180018131
323 2.67744622855
324 2.44928314038
325 2.75256193249
326 2.8920130908
327 2.91343723799
328 2.88132134776
329 2.84005617226
330 2.61324147117
331 2.45907858939
332 2.13974775689
333 2.34109115298
334 2.48183460994
335 1.85907685951
336 2.10393509481
337 2.55682847347
338 2.37363073298
339 2.41729984341
340 2.43649531157
341 2.51487275478
342 2.90749589717
343 2.69986550434
344 2.46862242129
345 2.47377823544
346 2.87231879533
347 3.07820829004
348 2.64529232037
349 2.07967571403
350 2.03614236084
351 1.54736380769
352 1.60305370619
353 1.73783979516
354 2.20376407755
355 1.6996513715
356 1.86958455023
357 2.12762034241
358 1.85473447774
359 2.10142334823
360 2.23392868667
361 2.0804651264
362 2.03979124115
363 1.81247680907
364 2.08343640432
365 2.11097165682
366 2.60228053022
367 2.17303390577
368 2.41029024122
369 2.08446027263
370 1.97025568889
371 2.22546437726
372 1.92568164741
373 1.76356897686
374 2.10872511174
375 2.2128365933
376 2.23206637407
377 2.66664374922
378 2.25897602636
379 2.40671948075
380 2.54354361275
381 2.04887937078
382 2.36597215603
383 2.29833430968
384 1.98688073192
385 1.98322858844
386 1.99375439313
387 1.85918224699
388 2.52238632526
389 2.22557497046
390 2.35560839587
391 2.52518432074
392 2.30390075818
393 2.44521692931
394 2.34892453612
395 2.36107743716
396 2.38259468269
397 2.34135963851
398 2.36784677662
399 2.32449120775
400 2.41404123215
401 2.52873134275
402 2.5971818402
403 2.59620052812
404 2.77945894121
405 2.82560605835
406 3.12797346599
407 2.90883908972
408 2.90214582208
409 2.19300537794
410 3.02279330535
411 2.95177333154
412 3.08377718573
413 3.23460543285
414 3.12800444461
415 3.27019432244
416 3.01956070785
417 3.44144227534
418 3.17794086368
419 2.80404298218
420 2.89978248161
421 3.02888027961
422 2.80146752909
423 3.09490438133
424 2.86032300105
425 2.87530276836
426 2.87649884558
427 2.86397973745
428 2.80589269749
429 2.92477082266
430 2.64914319178
431 2.93359822442
432 3.28950868293
433 3.58713045774
434 3.63840749567
435 3.15856000279
436 3.40221462879
437 2.99313380998
438 2.90114282886
439 2.96154825223
440 2.70897748763
441 2.89193246511
442 3.09896242369
443 3.15494489491
444 2.88849772142
445 2.94012715236
446 2.76219710454
447 2.66247085253
448 2.7948664842
449 2.77793370985
450 2.48797291173
451 2.51902196541
452 2.66620588614
453 3.0072481736
454 2.84502747761
455 2.75604257257
456 2.83892750666
457 2.84466460441
458 3.03696914476
459 3.29388738521
460 3.11579601321
461 3.39464760188
462 3.20255788186
463 3.93368643302
464 3.83370104448
465 3.73055002933
466 3.47879782192
467 3.46634658398
468 3.60859547348
469 3.15441449166
470 3.1645664782
471 2.99038118068
472 2.69669685295
473 2.97040309792
474 2.93233354157
475 2.81099908001
476 2.9270774249
477 2.48881204632
478 2.44694050055
479 2.40601454766
480 2.76324004819
481 2.76096472652
482 2.30767443765
483 2.33522887675
484 2.2907013099
485 2.31101145009
486 2.34785008415
487 2.70629331414
488 3.01890702367
489 3.48276833042
490 2.97197676534
491 3.15337937737
492 3.09320945558
493 2.94388243413
494 3.08903294183
495 3.24334400173
496 3.29573741562
497 3.49145207661
498 3.37794700688
499 3.04167785366
500 3.23115984287
501 3.52019757634
502 3.45522659588
503 3.79523438
504 3.34927441679
505 3.16313014752
506 2.67220254965
507 3.12875177759
508 3.34133085704
509 3.05615602954
510 3.04583062612
511 2.782028153
512 3.17944803412
513 3.11376057049
514 2.88189476673
515 2.88112023795
516 2.91428019416
517 2.65761802157
518 2.73595272172
519 2.65283317213
520 3.04559881861
521 2.64082793242
522 2.81564074254
523 2.84838356819
524 3.10309885438
525 2.95647093955
526 3.0041832785
527 2.67654720146
528 2.67814132163
529 2.48252730921
530 2.6748022273
531 2.79994653227
532 3.05710689544
533 2.5710964024
534 3.11520469643
535 2.99198974933
536 3.16199999386
537 2.97270770019
538 2.66972303832
539 2.77071126025
540 2.79412786091
541 2.56510982232
542 2.52298189769
543 2.23288560905
544 2.24694064314
545 2.29626501797
546 2.58766188029
547 2.3080044436
548 2.46010708477
549 2.05998328859
550 2.41557732256
551 2.47643611456
552 2.61325555585
553 2.31159945677
554 2.6788207892
555 2.47901266638
556 2.41739841953
557 2.53423243465
558 2.69266167887
559 2.97167982027
560 3.10953275753
561 2.89631720598
562 2.89049028326
563 3.35683404261
564 3.21086409183
565 3.16447148901
566 3.38782102651
567 3.34057856433
568 3.35059859239
569 3.52997483118
570 3.48535772154
571 3.81106537545
572 3.50083159939
573 3.43781695334
574 3.56658976736
575 3.36520372143
576 3.27995375899
577 3.13823519955
578 3.52430252636
579 3.55844207774
580 2.87342515137
581 3.00103045926
582 2.95501308585
583 2.87595435687
584 2.85371138915
585 2.98680565042
586 3.10881102347
587 3.08008150539
588 3.0484150132
589 2.82550965774
590 3.00091259457
591 3.28525339698
592 3.3157450596
593 2.86491796925
594 2.84823840724
595 3.17191238458
596 3.17857171287
597 3.3439665672
598 2.83283822017
599 2.39299102477
600 2.84870773021
601 3.33612135735
602 2.90571702048
603 2.70116772006
604 2.94806025256
605 3.00196117388
606 2.78902728237
607 2.8697658741
608 3.03407931115
609 2.77883546109
610 2.93383099841
611 2.61524583594
612 2.89048399569
613 2.67189406622
614 2.31717542343
615 2.88549606568
616 2.69126610686
617 3.15469835065
618 2.92005266869
619 2.62689819331
620 2.55178255308
621 2.79947766216
622 3.33683820259
623 3.32039154937
624 3.25039351895
625 2.87524539537
626 2.72223232948
627 2.9566894383
628 3.12283817597
629 2.92491876794
630 2.60297463289
631 2.86402840753
632 2.58108448273
633 2.83030451788
634 2.84462701859
635 2.83530771913
636 3.14862593464
637 3.03617668538
638 3.28343259336
639 2.98467656097
640 3.39650494336
641 3.619807414
642 3.4100256784
643 3.26336078714
644 2.84870819542
645 2.88027827472
646 2.63731881315
647 2.2787963278
648 2.65905136208
649 2.88097741157
650 2.92846603211
651 2.56693515358
652 2.81957654885
653 2.46111608876
654 2.36653274814
655 2.43670808223
656 2.4418130183
657 2.22207197188
658 2.50757909027
659 2.76707834745
660 2.45558797573
661 2.47922601123
662 2.76515835348
663 3.04736740162
664 3.1770109226
665 2.8352962517
666 2.79438711183
667 2.45149710534
668 2.2070008479
669 1.99007865126
670 2.41387586184
671 2.10218344135
672 2.59960269893
673 3.05468910803
674 2.84690357878
675 3.12369556841
676 3.22239194857
677 3.39396811159
678 3.33850096182
679 3.5638666217
680 3.54445511147
681 3.26608205457
682 3.41692197118
683 3.37600994116
684 3.75278631897
685 3.52509315188
686 3.36530791614
687 3.35314364401
688 3.15646709469
689 3.23827883469
690 2.94331456456
691 2.65148371924
692 3.06238620209
693 2.99574975185
694 2.88653810998
695 3.1210724702
696 3.1089134814
697 3.26740530801
698 3.13186964829
699 3.5166630253
700 3.77689937012
701 3.78322975482
702 4.24126388943
703 3.94133027433
704 4.44623877444
705 4.78310155184
706 4.56906878928
707 4.62741416091
708 4.77801245615
709 4.01469081846
710 4.48528941405
711 4.22289651884
712 4.27730349084
713 4.27024624551
714 4.3222217149
715 4.02136414767
716 4.46197923981
717 4.91820953843
718 4.65464668971
719 5.06613412051
720 5.07867477807
721 5.45214906363
722 5.95144354811
723 5.46547761061
724 5.5008374648
725 5.22672212394
726 5.6362323699
727 5.45190842704
728 4.99600778787
729 4.96191575251
730 4.95242281128
731 4.9746298037
732 5.30319095337
733 4.98489510166
734 5.48122056981
735 5.43990238246
736 5.11040936611
737 6.23782626999
738 6.61666449711
739 6.34436751088
740 6.18635792256
741 6.31197738898
742 6.05550022397
743 5.88305989857
744 6.13333945664
745 5.9726748835
746 5.80395414662
747 5.61536444707
748 5.3508245127
749 5.85775524883
750 5.38686150501
751 5.7353181466
752 5.52981677696
753 5.38700391165
754 5.4228195573
755 5.30966378349
756 4.84921161038
757 4.61291562841
758 4.59897711317
759 4.46213982817
760 4.58010771838
761 4.470803765
762 4.55858672651
763 4.65936060807
764 4.67601708949
765 5.30195814267
766 4.98204061994
767 5.46228366447
768 5.06483381645
769 5.02039528646
770 5.03992652976
771 5.0743143373
772 4.7143399031
773 4.60682214172
774 4.92560756643
775 4.76267670394
776 4.50833564162
777 4.50435879494
778 5.28833300299
779 5.85314302882
780 5.74073392088
781 5.58869156829
782 5.32442956139
783 5.41387007143
784 5.83717667051
785 5.61909712734
786 6.18794759599
787 6.51536426404
788 6.17685285521
789 6.25233857395
790 6.44230416196
791 6.44515359102
792 6.33222587957
793 6.56636375111
794 6.76859862667
795 6.72062870532
796 6.2333334461
797 6.34794824404
798 6.70721466437
799 6.74934188436
800 7.10403778522
801 6.62431042555
802 6.50302157456
803 6.77239864034
804 6.32907118462
805 6.46473279167
806 6.73972701965
807 7.4084968834
808 6.93770244103
809 7.36813618312
810 7.51424503938
811 7.32792476302
812 7.58886035055
813 7.87158739423
814 8.09514973206
815 8.00629120932
816 8.35975425313
817 7.92464259707
818 8.54110215672
819 8.89226222197
820 8.94582307277
821 8.3268176464
822 8.17396886831
823 8.2540290299
824 7.97072622348
825 7.53560385924
826 7.57281624364
827 7.75248514366
828 7.75864592599
829 7.39164924957
830 7.58684377004
831 7.42592901736
832 7.1568825338
833 6.84456375037
834 6.57597924142
835 6.39862077978
836 6.56102021058
837 6.75520898006
838 6.43942644333
839 6.61182084289
840 6.32761900434
841 5.95189570989
842 5.61378347135
843 5.55573350086
844 6.00250951373
845 5.62285101777
846 5.78048816834
847 5.50015148644
848 5.58996162464
849 5.6505842509
850 5.44835258865
851 5.3638790238
852 5.50987610609
853 5.4283834519
854 5.65621824422
855 6.06973162794
856 5.47468731068
857 5.50783582154
858 5.09192370942
859 4.58464068871
860 4.21452093291
861 4.98820070681
862 4.66196006734
863 4.84902006287
864 5.19269833193
865 5.36179104817
866 5.58667230454
867 5.69050479128
868 5.55158104629
869 5.32787985022
870 5.14134960798
871 4.7532221333
872 4.68962464985
873 4.98204426385
874 4.44411431921
875 4.71991728053
876 4.46403584699
877 4.44779102327
878 4.63485480861
879 4.52630698597
880 5.19070719536
881 5.23525221032
882 5.04639025654
883 5.22750320352
884 5.5331977456
885 5.44017047695
886 5.25510734812
887 5.39730718874
888 5.57972787733
889 5.88882622365
890 5.23025047012
891 5.34141573971
892 5.35085000082
893 5.51265110853
894 5.54946995092
895 5.04239472358
896 5.63046950388
897 5.42200665353
898 5.48915192419
899 5.53254030846
900 5.22270366349
901 5.70912481039
902 5.59875540538
903 5.52007393232
904 5.56528020521
905 5.6350739046
906 5.68640626419
907 5.60084171431
908 5.40845159728
909 5.17118364674
910 5.02564904714
911 4.5917939546
912 5.11606502664
913 4.44593864487
914 5.21676278192
915 5.57946460079
916 5.80604309626
917 5.73970301512
918 5.3909788576
919 6.14380983332
920 7.15805065648
921 6.99353213049
922 7.19778142528
923 6.9170240959
924 7.44247830586
925 7.59868448732
926 7.22191694418
927 7.40327063637
928 7.22490215148
929 6.99028211555
930 7.08607135359
931 7.10788030741
932 7.17189683663
933 6.85603157457
934 6.96049204529
935 6.90162367444
936 6.5162269997
937 6.98849983568
938 6.71019295417
939 7.11659825593
940 7.39611426399
941 7.60061332115
942 7.75283534307
943 7.47466691635
944 7.4491558718
945 7.34748977314
946 7.58048971975
947 7.63478058441
948 7.41886973663
949 7.9456463615
950 7.87325430503
951 7.46366880054
952 8.11673931028
953 8.4613281048
954 8.25513033608
955 7.94664275824
956 7.96217834372
957 8.26874767185
958 7.88586944445
959 7.84045762534
960 7.73104225874
961 8.35470384623
962 8.67749895015
963 8.4084912661
964 8.70194643895
965 9.12114269673
966 8.81628592657
967 8.29556374393
968 8.35995392865
969 8.03761555644
970 7.51401242234
971 8.17643631709
972 7.99632127327
973 7.38198850181
974 7.80883216472
975 7.40116526896
976 7.11967655784
977 7.29363621551
978 7.83976645213
979 7.31104524762
980 7.48199879024
981 7.10160462538
982 6.96910361153
983 7.03258704676
984 6.88417418213
985 7.15605657644
986 6.72851711079
987 6.81348895653
988 7.3868632125
989 7.39885085761
990 7.22419604472
991 6.56304134764
992 6.25566092523
993 6.36034793917
994 6.46979333558
995 7.1373924955
996 7.72667468823
997 8.09824764298
998 7.98652640825
999 7.8850875171
