0 0.0
1 0.145313428993
2 0.169260582508
3 0.178786319928
4 0.253533931427
5 0.139657167378
6 0.354189616026
7 0.0775549928977
8 0.0202546555283
9 0.22961669607
10 0.339327460437
11 0.178336000748
12 -0.0497135865032
13 0.358664613331
14 0.336408371513
15 0.594623445337
16 0.408468596399
17 0.19566740931
18 0.737611861104
19 0.388476956682
20 0.646325921331
21 0.685625472819
22 0.898703108468
23 0.767707293282
24 0.632937450473
25 0.928450055896
26 0.866011989364
27 0.944980244807
28 0.765878899041
29 0.714780521682
30 0.556901563418
31 0.648038042977
32 0.39294222878
33 0.590320312418
34 0.733152932904
35 0.842232885752
36 0.748119938629
37 0.684229804259
38 1.01454405519
39 0.70680052318
40 0.511290481907
41 0.557017413858
42 0.742662460281
43 0.382147944134
44 0.592395005179
45 0.686848486278
46 0.485900508065
47 0.683768385047
48 0.363860120874
49 0.617288562841
50 0.421449880376
51 0.379890422245
52 0.72163775892
53 0.699857751076
54 0.545043918732
55 0.682679584311
56 0.478089940534
57 0.714133646785
58 0.870741684679
59 0.961079651523
60 0.96311123554
61 0.37106959282
62 0.984936285429
63 0.608734130256
64 0.527044726606
65 0.298398104845
66 0.661447227044
67 0.806837716271
68 0.635236019652
69 0.615431006756
70 0.66810190179
71 0.5825404882
72 0.491701858369
73 0.620147204479
74 0.463052694107
75 0.589770029355
76 0.527760171638
77 0.451939382777
78 0.474285951724
79 0.422386698327
80 0.951295984749
81 0.578336140332
82 0.878270115664
83 0.986124922192
84 0.922785894237
85 0.524512526946
86 0.578867546566
87 0.853639442439
88 0.489957332291
89 0.667680558486
90 0.60714765066
91 0.503141369925
92 0.578439422711
93 0.71490535271
94 0.5105439497
95 0.589226453332
96 0.649896619789
97 0.432712281118
98 0.285876593089
99 0.665450516222
100 0.509607569822
101 0.545115383967
102 0.540496841438
103 0.733366262581
104 0.888650709832
105 0.607154164279
106 0.337483606494
107 0.535062563905
108 0.682309851443
109 0.516383544366
110 0.442081299806
111 0.846878765104
112 0.741821421327
113 0.819047185337
114 0.398168357585
115 0.583206207343
116 0.571129254501
117 0.614611351842
118 0.635031148421
119 0.510321518008
120 0.0722020977787
121 0.204841673171
122 0.231906157682
123 0.415148129103
124 0.293040091018
125 0.605468005321
126 0.325220356351
127 0.273195030474
128 0.429277981749
129 0.49011964662
130 0.644461172819
131 0.475812278693
132 0.494179638373
133 0.472937601843
134 0.41870290903
135 0.365514473012
136 0.650481401662
137 0.488196248082
138 0.357615133211
139 0.703723721808
140 0.479861140445
141 0.472705969456
142 0.717519753294
143 0.553858300596
144 0.452586851257
145 0.5928038092
146 0.517757831974
147 0.826565632233
148 0.543561359397
149 0.930512440287
150 0.697251447499
151 0.931089600725
152 0.688916054465
153 0.943327615617
154 0.987321699334
155 0.788938115575
156 0.85672576423
157 0.890449413235
158 0.773156856775
159 0.825053173041
160 0.844543786179
161 0.974682004133
162 0.822999811479
163 0.806745867973
164 0.890154671833
165 0.710494866433
166 1.15817348053
167 0.928180474287
168 1.22080273878
169 1.05264875874
170 1.33833861705
171 0.965407995286
172 1.07003131243
173 0.973188181913
174 0.976151623266
175 0.908212889922
176 1.04422931265
177 1.11264953983
178 1.16931226959
179 1.30881964408
180 1.16248519775
181 1.11910329038
182 0.984633660862
183 1.23995225921
184 1.12699169668
185 0.991897677475
186 1.36118262981
187 1.37741634518
188 1.14411347629
189 1.30325024794
190 1.39899643666
191 1.19729534647
192 1.5128265456
193 1.49313008894
194 1.71232163716
195 1.41177612954
196 1.46237085091
197 1.48902997377
198 1.72179865721
199 1.38694765837
200 1.64533616938
201 1.95327315688
202 1.65281285032
203 2.1181940321
204 1.69451884251
205 1.73674065852
206 1.47400742015
207 1.69745227932
208 1.88834496525
209 1.70946163873
210 1.60136347067
211 1.99015034424
212 1.58542482408
213 1.67523639451
214 1.81900599621
215 1.76887351761
216 2.135932599
217 1.99010843263
218 1.79495825395
219 1.98173252125
220 1.98824843001
221 2.00710416519
222 2.17218709957
223 1.96171036475
224 1.77530126847
225 1.70801108747
226 2.12456227222
227 2.25179384549
228 2.34971138007
229 1.78249675405
230 2.0988411169
231 2.21047189857
232 2.28893335633
233 2.4742509301
234 2.52280711787
235 1.97596147335
236 2.16806845891
237 2.41431113891
238 2.28618520072
239 2.03476615272
240 1.92375979156
241 1.92357627641
242 1.91886992143
243 2.52952724894
244 1.80096906999
245 1.901584529
246 2.18355272644
247 2.15825142653
248 2.25904850364
249 2.57731721825
250 2.72458726356
251 2.30624501284
252 2.72864538469
253 2.54178323039
254 1.99191630998
255 2.12781771832
256 2.33802996026
257 2.37267126309
258 2.05172896508
259 2.53499564206
260 2.29730525598
261 2.13357585956
262 2.20354871415
263 2.04862800803
264 2.18567643605
265 2.075327432
266 2.44354200692
267 2.31012396752
268 2.29200265297
269 2.45203539896
270 2.09952774172
271 2.35016238285
272 2.24050045182
273 2.76256461568
274 2.5043776755
275 2.27787064828
276 2.22048447049
277 2.29076506902
278 2.20695496949
279 2.65038883243
280 2.92049084705
281 2.53181899767
282 2.64156871521
283 2.89628625627
284 2.72687583452
285 2.57399602089
286 2.90222227946
287 2.82246188783
288 2.70565387551
289 2.46881592119
290 2.30028260753
291 2.54158959884
292 2.55658663735
293 2.79198552136
294 2.29333835846
295 2.57634097684
296 2.70466868422
297 2.80729638188
298 2.55134305675
299 2.50315613442
300 2.53627727415
301 2.74583246618
302 2.95169793294
303 2.57075750045
304 2.5997997014
305 2.64209918307
306 2.44826545972
307 2.18844066796
308 2.00420732299
309 2.18521983935
310 2.12988257185
311 1.91016736333
312 2.27590304478
313 2.48637838091
314 2.60032696935
315 3.17596334255
316 2.80289642928
317 2.56030865047
318 2.45881016603
319 2.61578569292
320 2.59908859355
321 2.81319470167
322 2.86523934986
323 3.00756315295
324 2.69268790154
325 2.89245874833
326 2.79702026256
327 2.70910576629
328 3.0392980318
329 2.813329176
330 2.84621674899
331 3.05287058258
332 2.96457203746
333 2.80239005032
334 3.06822390622
335 3.07040366985
336 2.79363403939
337 2.83920237671
338 2.83307289409
339 3.05111852066
340 2.95503581668
341 2.50841366639
342 2.79028796709
343 3.00102744676
344 2.82831096086
345 3.09973259919
346 3.22355237422
347 2.68683899862
348 2.88182191263
349 3.1555371082
350 2.80868767009
351 2.8439094591
352 3.19682556026
353 2.8978017697
354 3.55776890043
355 3.55202599655
356 3.29989653922
357 3.61510374467
358 3.62277982179
359 3.73147181191
360 3.4269948666
361 3.747308312
362 3.48178065316
363 3.87152607914
364 3.66143559221
365 3.45215639294
366 3.74122405701
367 4.11181726362
368 4.26638171024
369 4.65919261334
370 4.13717437498
371 3.96339147885
372 4.2157263669
373 4.27196735743
374 4.13378540915
375 4.24686956223
376 4.41026085533
377 4.57713647841
378 3.77766096721
379 3.62582656571
380 4.07969505131
381 4.24558642375
382 4.4891297183
383 4.25756947348
384 4.37301062547
385 4.35619624579
386 4.69793554477
387 5.38255597641
388 4.86840668076
389 5.21302558287
390 5.15510800196
391 5.62886808799
392 5.114400337
393 5.80169957587
394 6.03878782788
395 6.23361541182
396 6.35640557732
397 6.14280307478
398 6.23886097651
399 5.96726200568
400 5.39052103283
401 5.65067677131
402 5.87310131466
403 5.91752756035
404 5.71574768901
405 7.02654817199
406 6.70847264505
407 6.34576011779
408 7.18163916703
409 7.65258881814
410 7.76195081113
411 7.57241536753
412 7.97256554029
413 7.79574698084
414 7.70944912135
415 7.70407679091
416 7.96645562561
417 8.07901668939
418 7.25558448561
419 7.42595654567
420 7.38051652199
421 6.84074260112
422 7.23785424401
423 7.51316109313
424 7.41701582348
425 7.72825575158
426 7.56899165263
427 7.67834872432
428 8.03279836127
429 7.73986895176
430 8.27829800492
431 8.15250706639
432 7.47359717328
433 7.9584657048
434 8.03221019971
435 7.59891101119
436 8.08213585794
437 8.51447839527
438 8.6648685735
439 8.52447575926
440 8.48916247436
441 8.72867957643
442 8.15604946176
443 8.45335690453
444 8.3134167972
445 7.94527786276
446 8.17580260324
447 7.91676795656
448 7.66626509332
449 7.95205171798
450 7.58935128286
451 7.25026093749
452 7.01708408261
453 7.09563063537
454 7.24803883693
455 7.2349789328
456 6.99351914631
457 7.24428184622
458 6.87033062505
459 6.53107755654
460 6.79469623526
461 7.22268519378
462 7.05864475021
463 6.26809968562
464 6.64489382326
465 6.54547095165
466 6.84697383891
467 6.99504435042
468 6.75235020192
469 6.69166787628
470 6.76289429182
471 6.87630201236
472 7.58731638757
473 7.44750805222
474 7.88509471415
475 7.97820887061
476 8.08027720606
477 7.8085137018
478 7.74325288237
479 7.78015989282
480 7.74854268602
481 7.4560351359
482 7.67734914252
483 7.82036500779
484 8.47446098051
485 8.66059310993
486 8.62787310836
487 8.45261955197
488 8.57614507961
489 8.10112551726
490 8.88785790302
491 8.95377675301
492 8.97780359004
493 9.11499322173
494 9.23751861714
495 9.18906010177
496 9.21246808159
497 9.29356348861
498 8.96357086827
499 9.0334850098
500 9.21341571703
501 9.2180524382
502 9.3937409711
503 9.5176586447
504 9.17447189644
505 9.08552719079
506 9.36643981491
507 9.46135051087
508 10.1656882157
509 9.88385118945
510 9.22377419875
511 9.40834132759
512 9.77460565001
513 9.38745138831
514 9.56666498373
515 9.52345397814
516 9.7871675297
517 9.84341835881
518 10.136063769
519 9.4674488948
520 9.87861636854
521 9.57457248238
522 9.38934600376
523 8.99237665331
524 8.97639420396
525 8.4258183052
526 8.14620805798
527 8.16446500746
528 8.37179083035
529 8.21852628659
530 8.04673307956
531 7.9053243107
532 7.93240933774
533 8.03742308421
534 7.91512523162
535 8.07293216853
536 7.92181574559
537 7.41446047749
538 7.28333684268
539 7.21560884266
540 7.27138195473
541 6.96458264533
542 6.92535603325
543 6.99844123387
544 6.92002958505
545 6.81000306131
546 6.60648228273
547 7.07274619343
548 6.52399899093
549 6.56063081097
550 6.39057393653
551 6.28968170495
552 6.42624021387
553 7.13058450098
554 6.95392002703
555 7.26335223918
556 6.55171121604
557 6.93296140533
558 6.42223912541
559 6.22024853992
560 6.61527347346
561 6.38826809204
562 6.71335803715
563 6.86780860561
564 7.21145899592
565 7.29926770347
566 7.23779554645
567 6.80035399985
568 6.93553993762
569 6.90175462192
570 7.03340281406
571 7.02590830849
572 7.11384793584
573 7.37519727181
574 7.75428393091
575 8.01986646497
576 7.50494905904
577 7.16936391625
578 7.52415740911
579 6.74727958882
580 7.22296969397
581 7.3030352977
582 7.23549273669
583 6.95994056401
584 7.39962120074
585 7.10394405208
586 7.19478155423
587 7.087097437
588 7.23688572381
589 8.17313159415
590 7.46506220203
591 7.8888164262
592 7.96050549666
593 8.33511534933
594 8.43063272735
595 7.93677934926
596 8.20038874199
597 8.46476004269
598 8.25319310982
599 7.97768664466
600 7.92538628607
601 7.7061688737
602 8.11582534972
603 7.87468331236
604 7.57053540341
605 8.19036897226
606 8.20730711412
607 8.33285811612
608 8.47779557396
609 8.26734094188
610 7.78238632199
611 8.49481951257
612 8.37239251302
613 8.58446647769
614 8.26370168047
615 8.23845022941
616 8.71551019749
617 8.41392055426
618 8.44635664839
619 8.68333407658
620 8.37008632025
621 8.06897414324
622 8.41182220085
623 8.8429305007
624 8.52730196869
625 8.65415230139
626 8.32777505491
627 8.26320351583
628 8.34808484784
629 8.48902065243
630 8.65049217921
631 8.69669949878
632 8.59912660353
633 8.84277088203
634 8.67118075452
635 8.56366063701
636 8.44707445725
637 8.2879547061
638 8.56103533339
639 8.32802486208
640 8.7699883181
641 8.42651619527
642 8.35208392923
643 8.69020463229
644 8.68964182999
645 9.24863284835
646 8.83155980144
647 9.28368743128
648 9.23965673142
649 9.12589704604
650 8.69385442441
651 8.9924623419
652 8.83639686454
653 8.66728664871
654 8.44755545435
655 8.60331068157
656 8.89025847177
657 8.96595865561
658 8.8838314462
659 8.82011029444
660 8.87791766173
661 8.77677734913
662 9.03524836198
663 8.69968738447
664 8.7050941469
665 9.2149828542
666 8.72469938122
667 8.40370565849
668 8.78713644706
669 8.40887819195
670 8.27212446026
671 8.7435517898
672 8.806734791
673 8.13663080694
674 8.10681017167
675 8.29398156676
676 8.39164195344
677 8.12087795077
678 8.09667656455
679 8.63613681829
680 8.59700283193
681 8.35285833754
682 8.18936844082
683 8.44348133908
684 8.9500875723
685 8.3130243076
686 8.24222623726
687 8.46359650818
688 8.78042946668
689 8.90641053471
690 8.48658435512
691 8.352927396
692 8.28498874889
693 8.65434718033
694 8.53185014359
695 8.64845966683
696 8.80898965042
697 8.67004863075
698 8.58179336525
699 8.53471679268
700 8.72416143593
701 8.66209720758
702 8.59743655824
703 8.84796065541
704 8.43089759303
705 8.57578213823
706 8.69227163425
707 8.84172661736
708 8.84776119406
709 8.21491272666
710 8.68467598783
711 8.32603187502
712 8.46035898518
713 8.60379783543
714 8.68149475249
715 8.62582867103
716 8.54412598975
717 8.24366383732
718 8.53562370022
719 8.22348703656
720 8.64383447486
721 8.4977758334
722 9.19621125851
723 9.04130647393
724 8.72903962292
725 8.7929468335
726 8.81867571455
727 8.594575898
728 8.61554596887
729 9.10190232706
730 9.03232807485
731 9.06314271505
732 9.01757401832
733 8.8778465707
734 9.55162748654
735 9.43594884476
736 9.25430434161
737 9.15701446325
738 9.41836371165
739 9.72954180242
740 9.72775570943
741 9.55019188056
742 9.68848429123
743 9.79630871127
744 9.47312388005
745 9.68117383813
746 9.55629891501
747 9.44676270237
748 9.24455329957
749 9.80176642719
750 9.84851047817
751 9.90040811669
752 9.54863297503
753 9.74397526821
754 9.84639110133
755 9.91127296996
756 10.0728173948
757 9.71252704963
758 9.93142428388
759 9.82785825476
760 9.81805052056
761 10.15293558
762 10.1841101179
763 9.60183866604
764 10.0230545477
765 10.0044155551
766 9.73632207987
767 9.61664500054
768 10.2834036761
769 9.9198846941
770 10.1927360557
771 10.2283670361
772 9.90328315671
773 10.350528653
774 10.5261053503
775 10.3942942078
776 10.6222441085
777 10.290647726
778 10.2196665509
779 10.1162821453
780 10.1577742835
781 10.1730805522
782 10.2533785167
783 10.3712220688
784 9.6576187682
785 9.86219647977
786 9.80501379653
787 9.88732953151
788 9.90367741846
789 9.81841518666
790 9.94564348109
791 10.2994609342
792 10.0830788693
793 10.2659325199
794 10.1194064413
795 10.4600236482
796 10.3514853173
797 10.2908485228
798 9.96040363951
799 10.5398261078
800 10.1720303797
801 10.2407855415
802 10.1705205051
803 9.51958540301
804 9.8336116925
805 9.52351508009
806 9.11295781423
807 9.36440593449
808 10.0423340152
809 9.6146060101
810 9.77057636257
811 9.80761360635
812 9.90776864986
813 9.79851027303
814 9.86620059925
815 10.4867562822
816 10.0335924876
817 9.98468194412
818 9.22856258372
819 9.31785288939
820 9.6020596743
821 9.52713262184
822 9.17298189906
823 9.36502529298
824 9.31849148784
825 8.82400620193
826 8.46704245839
827 8.67885784663
828 9.30273083759
829 9.09801468808
830 9.05861600695
831 9.14913851507
832 9.06771669832
833 9.43868763046
834 9.38148093682
835 9.75785889223
836 10.0904479115
837 10.2951276573
838 10.1306601106
839 9.93396190701
840 10.0635559563
841 9.91144891898
842 9.98773720027
843 10.2749446163
844 10.4369010196
845 10.1379223326
846 9.9076319401
847 10.1279007382
848 10.1253615846
849 9.75977275855
850 9.56129879193
851 9.79509427331
852 9.83455634715
853 9.70449006741
854 9.87059773774
855 10.1256411294
856 10.1567282262
857 10.2909328432
858 10.0425816053
859 10.3855222357
860 9.87103977371
861 9.69298391759
862 9.94772014225
863 10.1357442176
864 9.65512719479
865 9.44667559773
866 9.5706263342
867 9.98405135845
868 9.81838145943
869 9.53570860653
870 9.61784592861
871 9.79485636867
872 9.85552913812
873 9.6032809375
874 9.5223238363
875 9.82761990389
876 10.3370858176
877 9.75207934532
878 9.96659618441
879 10.2008206465
880 10.093068385
881 10.0032693289
882 10.2565044537
883 10.4513619087
884 10.3432893765
885 10.4280590575
886 10.1709013882
887 9.98262475114
888 9.99568626079
889 10.3120341536
890 10.0122514439
891 10.3852516004
892 10.0369539137
893 10.22978871
894 10.2197465934
895 10.0049715233
896 10.1098179072
897 9.81539343712
898 9.8528075638
899 9.95357278878
900 10.0881295304
901 10.2029188554
902 10.0037306731
903 9.91365497989
904 9.97046112376
905 9.84442482857
906 9.80820824724
907 9.95158285868
908 9.87969449524
909 9.63153764274
910 9.97664700964
911 9.6817432353
912 9.52813386836
913 9.66714892697
914 10.069142002
915 10.2463808024
916 10.4311655359
917 10.2117615123
918 9.76159155886
919 10.1666777681
920 10.0863988557
921 9.95791786314
922 10.7935081465
923 10.7729363229
924 10.9037780097
925 11.0856127857
926 10.8247494918
927 10.694120048
928 10.773569049
929 10.637516289
930 10.4749021314
931 10.415818314
932 10.7310108459
933 11.1871264178
934 11.1694292573
935 11.201167023
936 11.1695234586
937 11.3404756045
938 11.190114679
939 11.2275222988
940 11.0717650146
941 11.3332319499
942 11.66528511
943 11.4736733375
944 11.161711474
945 11.4818680526
946 11.689209561
947 11.5611887875
948 11.5101173811
949 11.336436716
950 11.4773966729
951 11.6463832552
952 11.6203554759
953 11.7991389185
954 11.5540966128
955 11.5270454003
956 11.7808920272
957 11.5751755712
958 11.4428658233
959 11.5816568984
960 11.7604225162
961 11.8422217967
962 11.908103559
963 11.8771110917
964 12.0948150225
965 11.8670079149
966 11.7080105865
967 11.5321912194
968 11.7456582945
969 11.7394892734
970 11.9201277613
971 11.8704455823
972 11.9052945307
973 11.7599915912
974 11.9059418305
975 11.8863911273
976 12.0519735936
977 11.8516471047
978 12.0195666595
979 11.9958928703
980 12.4342770137
981 12.5644170213
982 12.1721000751
983 12.3221428153
984 12.7907851175
985 13.0352165484
986 12.8724012533
987 12.5016721679
988 12.226246758
989 12.7363726702
990 12.0208951691
991 12.2989101132
992 12.2489051379
993 12.3583611075
994 12.6820516038
995 12.9153089932
996 12.7461797095
997 12.8407399029
998 12.6508681431
999 12.7580097283
