0 0.0
1 0.0305457702719
2 -0.210227757672
3 -0.37650069595
4 -0.364053561399
5 -0.364109575192
6 -0.334028302671
7 -0.447830561599
8 -0.435126329696
9 -0.454645733029
10 -0.469746471457
11 -0.151945538506
12 -0.310355512553
13 -0.481784729161
14 -0.176491834206
15 -0.0586486534946
16 0.0250221441994
17 -0.0478247029252
18 0.0695750396642
19 0.17276285389
20 -0.0328271018053
21 -0.245413411016
22 -0.425557436357
23 -0.330583746337
24 -0.357932831853
25 -0.213464536265
26 -0.0588292765953
27 -0.105758694979
28 -0.035333250108
29 -0.056038137989
30 -0.0517575760778
31 0.0234548230611
32 -0.0490536850064
33 0.0645363112067
34 0.0213548723571
35 -0.0255228927869
36 -0.0228100254631
37 0.054138188038
38 -0.140564370483
39 0.00986496249569
40 0.0262203507154
41 -0.149586895081
42 0.197487853724
43 0.0929058686985
44 0.141653076516
45 -0.114019593291
46 -0.128005078771
47 -0.0522071040575
48 -0.17812471718
49 -0.0546975364799
50 -0.0229240096319
51 -0.102647049996
52 -0.219934787206
53 -0.000864096431812
54 0.132423185146
55 -0.266784299937
56 -0.0634545085918
57 -0.13828427046
58 -0.213451014684
59 0.0270090486131
60 0.0041263393997
61 -0.107505636733
62 -0.31969691097
63 -0.184993319138
64 -0.252549887093
65 -0.029877240682
66 -0.32291015709
67 -0.0363902135219
68 -0.109536366134
69 -0.226583342885
70 0.0813163525971
71 -0.239359540596
72 -0.473353989741
73 -0.265692599345
74 -0.287718254997
75 -0.313292440291
76 -0.342587767747
77 -0.273412989735
78 -0.295790694885
79 -0.546652763531
80 -0.305176234466
81 -0.30185954816
82 -0.213236554528
83 -0.224554843003
84 -0.316232263433
85 -0.278130638363
86 0.00495244806472
87 -0.505284864357
88 -0.344159177725
89 -0.0584623631306
90 -0.231367504426
91 -0.273215906928
92 -0.130961854117
93 0.0299896022173
94 0.0637777711153
95 -0.444183853434
96 -0.115303358497
97 -0.263817510445
98 -0.0887624726175
99 0.0620090323901
100 0.0687334089859
101 0.0558920456052
102 -0.0526296126983
103 -0.237991352461
104 0.0657690718756
105 0.211384419292
106 -0.0803478669313
107 0.0650570739899
108 0.0680975902917
109 -0.0172227453299
110 -0.0111962546411
111 0.0987186390047
112 -0.131757022595
113 0.273322184723
114 0.0658994041205
115 0.140501723248
116 -0.154389181844
117 -0.100607692805
118 0.1364707734
119 -0.181747302507
120 0.075955895535
121 -0.0503059687609
122 -0.113296012023
123 -0.0632394393636
124 0.0398234443949
125 -0.0333230483004
126 -0.213016444539
127 -0.0932035652002
128 -0.259027670864
129 -0.192697412626
130 -0.00800822009024
131 0.0673604806255
132 0.104524609783
133 -0.255606752853
134 0.0986139781188
135 0.338015953333
136 0.314970668688
137 0.228252387681
138 0.127122957221
139 0.240297828809
140 -0.134827511347
141 -0.154756926819
142 0.252629399028
143 0.0546196218177
144 0.0688725902474
145 -0.152670584536
146 0.0458659484421
147 -0.0602300173998
148 -0.157258926745
149 0.186875990284
150 -0.0975343359958
151 -0.0887387412985
152 -0.102284333211
153 0.0564411967308
154 0.153578989062
155 -0.0667718776001
156 -0.0782155357741
157 0.248297733132
158 -0.031850452573
159 -0.0243673966406
160 -0.220353856813
161 -0.289764014593
162 0.115691961494
163 0.128236714645
164 -0.103145491527
165 0.0284217672213
166 0.103249245113
167 0.221688752816
168 0.151922604255
169 -0.0731397599708
170 0.164533185503
171 0.253329668167
172 0.277619036909
173 0.185319356993
174 -0.130048709729
175 0.228205456082
176 0.152600871633
177 0.358015921043
178 0.482354734364
179 0.51114885597
180 0.366040965559
181 0.499009696569
182 0.536993054402
183 0.6498230113
184 0.809381543399
185 0.688365069419
186 0.558914077452
187 0.511955956722
188 0.743666881411
189 0.603368538018
190 0.352782822651
191 0.347275815005
192 0.351234425367
193 0.351822674843
194 0.420700051118
195 0.543739743023
196 0.45264866216
197 0.520944898862
198 0.361972991879
199 0.897204768975
200 0.167391431604
201 0.300456157689
202 0.275906664657
203 0.132385819341
204 0.530853478101
205 0.371661202273
206 0.681237781751
207 1.02483023261
208 0.798266193531
209 0.702713347071
210 0.722704505099
211 0.826647849142
212 0.811994820523
213 0.625794343661
214 0.664599087301
215 0.679544311498
216 0.740687191006
217 1.13449696598
218 0.980885147637
219 0.927377764403
220 1.13075222228
221 1.21145318255
222 1.33293947182
223 1.1491384765
224 1.05585044599
225 0.820123268552
226 0.945275103003
227 1.03762322705
228 1.05812147803
229 0.930245303229
230 0.733795772042
231 1.11747636939
232 0.816583549577
233 0.881346844613
234 0.510122217526
235 0.557357931051
236 0.332086033285
237 0.830466245866
238 0.850890386604
239 0.882941488641
240 0.615816219591
241 0.825667383736
242 0.721266940685
243 1.01642294061
244 0.671007823379
245 0.67200367121
246 0.735785387011
247 0.78648924479
248 0.780143841656
249 1.00115161375
250 0.877946248176
251 0.756755456227
252 0.859168032894
253 0.539629583076
254 0.92625953239
255 0.561571825371
256 0.55109439101
257 0.790654575888
258 0.88148424365
259 0.774416356775
260 0.65756204807
261 0.527923823707
262 0.69889782951
263 0.518066799419
264 0.469358233272
265 0.60868564153
266 0.67215786328
267 0.815041625732
268 0.359944343037
269 0.418255580266
270 0.447281027783
271 0.789647932356
272 0.63833990678
273 0.745447663235
274 1.03913015281
275 0.501999037876
276 0.680197947372
277 0.595734212458
278 0.657509267817
279 0.691596074579
280 0.662470560103
281 0.719185321302
282 0.635104251713
283 0.633916894107
284 0.498963079417
285 0.538107975449
286 0.402489471439
287 0.465664404524
288 0.404711640416
289 0.652457483672
290 0.312955534157
291 0.13992292487
292 0.343591009776
293 0.265183196807
294 0.023874841111
295 0.231060570492
296 0.378320968292
297 0.238470610323
298 0.488266487591
299 0.24098890536
300 0.444561117224
301 0.287123723521
302 0.691194046543
303 0.540303830517
304 0.410472196809
305 0.834711801226
306 0.589243159886
307 0.704867758698
308 0.32967877727
309 0.47035773141
310 0.407087724547
311 0.523189615444
312 0.79747629952
313 0.747958253979
314 0.662178708054
315 0.530117492909
316 0.228394848414
317 0.389698044139
318 0.376964021815
319 0.652420908634
320 0.667963321746
321 0.646167730586
322 0.482519627254
323 0.316339104632
324 0.494133413012
325 0.397675755345
326 0.826210161113
327 0.923761881365
328 0.686638892469
329 0.693835614479
330 1.15461756545
331 0.762166373436
332 0.792855742702
333 0.732576419515
334 1.16875665891
335 0.94792810313
336 0.986946512308
337 0.832360562545
338 0.443370379598
339 0.39352135501
340 0.570012492359
341 0.35427664769
342 0.38298518761
343 0.068273028874
344 0.353020155745
345 0.258150821865
346 0.623092716995
347 0.551131388293
348 0.269190976955
349 0.751986100677
350 0.726546996995
351 0.509012014504
352 0.707925605807
353 0.658652665062
354 0.630403282224
355 0.969051456382
356 0.833860061094
357 0.802540388276
358 0.787947594684
359 0.732942692084
360 0.667841872319
361 1.08726559118
362 1.38452510941
363 1.13200440041
364 1.21825801818
365 1.18769627063
366 1.48956690184
367 1.09893607716
368 1.29590216766
369 1.38423238029
370 1.43649091823
371 1.36272523093
372 1.32448807115
373 1.34698676219
374 1.17836452654
375 1.65994565642
376 1.50182735667
377 1.9388602017
378 2.19827532325
379 2.44935305304
380 2.27260540202
381 2.28899558528
382 2.4154025407
383 2.54724027023
384 2.40054877148
385 1.90544478117
386 2.56802340383
387 2.5570918575
388 2.68096626719
389 2.45035930744
390 2.5971524555
391 2.86522890522
392 3.04061962211
393 2.32420142674
394 2.8321183512
395 2.63058685913
396 2.95670896196
397 2.7583450385
398 2.89927900142
399 3.24142350015
400 2.8456196724
401 2.76868992356
402 2.60665686452
403 2.16191928496
404 2.38636769752
405 2.13190635258
406 2.0509774855
407 2.68605410717
408 2.92236612247
409 2.26596707327
410 2.65734318456
411 2.44525135086
412 2.19011303708
413 2.63142046534
414 2.76435712311
415 2.93842305213
416 2.37310978685
417 2.86514591239
418 2.90402197559
419 3.18810591798
420 2.75928880801
421 2.43872589437
422 2.6377513387
423 2.87478686438
424 2.87658648592
425 2.84559713414
426 2.67792211365
427 2.79748450744
428 2.95250404489
429 3.08518900826
430 3.40036653698
431 2.84566511971
432 3.3389129296
433 3.49290025104
434 3.80522179334
435 3.69321536999
436 2.9277751166
437 2.90643649739
438 2.72580401401
439 2.95969734543
440 3.38866771236
441 3.35079966422
442 3.43850796005
443 3.03669563844
444 2.90645476254
445 2.59529823774
446 1.82116062322
447 2.24701118107
448 2.25889914328
449 1.83250220641
450 2.14851397292
451 1.97555605384
452 2.28520801096
453 1.68408664026
454 1.99251011879
455 2.00785459999
456 2.09811678395
457 1.88299038817
458 2.03829756229
459 2.3024300667
460 1.5315024599
461 1.5264699855
462 2.23551956724
463 2.23072023125
464 2.05687742703
465 2.62791335414
466 2.20141750791
467 2.02345813946
468 2.74314848051
469 2.53137923656
470 2.27228936397
471 1.80482161948
472 2.23928755288
473 1.76071966502
474 1.70548983816
475 1.96096320469
476 2.13678113577
477 2.19661558754
478 2.4774625358
479 2.17416444469
480 2.01873588658
481 1.42828443334
482 0.984304172812
483 1.04517631508
484 1.56419516561
485 1.09322942873
486 1.00513191632
487 1.49166056612
488 0.998988676052
489 1.75694152646
490 1.36474894217
491 1.53863983117
492 1.38072552412
493 1.52628490332
494 1.55171154052
495 1.21626517887
496 0.956511206136
497 0.838634461294
498 0.993958097361
499 0.818857054031
500 0.880327339163
501 0.867092908866
502 0.302087399956
503 0.0999063186921
504 0.275977612087
505 0.064001970594
506 0.463280598961
507 0.398137467267
508 0.60757162494
509 0.912335183178
510 0.481820359527
511 0.900612447228
512 0.700932143226
513 0.879538354172
514 0.790291633699
515 0.633544530284
516 0.671842034451
517 0.790897615766
518 0.921399559994
519 1.14117001403
520 1.30041682696
521 1.52475792698
522 1.64178193169
523 1.49574041081
524 1.22239437055
525 1.54012982005
526 1.16756226406
527 1.08481000655
528 1.05212824062
529 1.3616257733
530 1.58853033049
531 1.38333012036
532 1.90459821505
533 2.18714503762
534 1.89135862083
535 1.55281962791
536 1.62197922538
537 1.68193685922
538 1.67048710353
539 1.89050745762
540 1.54557090334
541 1.35925619643
542 1.44692384119
543 1.6383077457
544 1.40547683257
545 2.06578461343
546 1.59966995101
547 1.12963426755
548 1.12881939817
549 1.59046252449
550 1.58941963919
551 1.73844070635
552 1.89846277777
553 2.06031168889
554 1.59820187735
555 2.0650396339
556 2.26122161142
557 2.15303569032
558 1.96161883735
559 2.06884380123
560 1.81044558509
561 1.43386649192
562 2.33064294532
563 2.11102768132
564 2.30394125822
565 2.7132038131
566 2.39303813936
567 2.4931781568
568 2.5599366409
569 2.21778975679
570 2.0418284346
571 1.74662375396
572 1.74280755096
573 1.30770593355
574 1.51116299284
575 1.41625118321
576 1.37744688675
577 1.87423362951
578 1.8486901364
579 1.87423839705
580 2.28304245439
581 2.10555046496
582 1.46650074783
583 1.69722969524
584 1.6843939223
585 1.55643768294
586 1.61646377753
587 1.94875190906
588 1.89970164546
589 2.02821826721
590 1.70318534444
591 2.47900732733
592 1.98021356287
593 1.5987556462
594 1.56953039306
595 1.62059876829
596 1.61806771786
597 1.43948535301
598 1.33485592961
599 1.01422181774
600 1.64451534488
601 1.6040748018
602 1.67402815387
603 1.53849159702
604 1.63260434578
605 1.55035754491
606 1.49101705821
607 2.14350298943
608 1.74915286105
609 1.93055225845
610 1.40364419873
611 1.24909625428
612 1.82498612489
613 1.40237718466
614 1.06214384242
615 1.52183887223
616 1.47769459046
617 1.7221736285
618 1.28107657612
619 1.12685269176
620 1.72416641571
621 1.84117076509
622 1.37259907751
623 1.61631294019
624 1.32154814078
625 1.691735277
626 1.98120535111
627 1.98122583237
628 1.99581059679
629 1.94267041914
630 1.85124362475
631 2.03681183143
632 1.34714046247
633 1.25185101267
634 1.2627499988
635 1.66535290202
636 1.48472642663
637 1.73986411637
638 1.73047453398
639 1.83410271803
640 2.29178458577
641 2.19775762198
642 2.4436054386
643 2.49666439394
644 2.35915596274
645 2.42214390455
646 2.47255099151
647 2.35551333534
648 2.37061091573
649 3.00746154667
650 2.70055721405
651 2.73127033404
652 3.02115452291
653 2.73670860497
654 2.54374307237
655 2.54083054077
656 2.39776478268
657 2.14720724847
658 2.36302848459
659 2.78871441201
660 2.75037826885
661 2.03936552344
662 2.33880710697
663 2.04898050304
664 2.04668508371
665 2.19377190527
666 1.77975798507
667 2.24647357671
668 1.70391211913
669 1.42007990644
670 1.74150063199
671 1.73505567643
672 2.22903339628
673 2.51252316374
674 2.3536415443
675 1.81120228676
676 1.94497815896
677 2.05570877879
678 1.89031890127
679 1.68491054045
680 1.44417820854
681 1.46312366295
682 1.66673972678
683 1.88731683712
684 1.93222523153
685 2.1451601385
686 1.82611029047
687 2.21470410088
688 1.85725734549
689 2.00117031642
690 1.84964971508
691 2.06125455992
692 1.79209009392
693 2.18435908632
694 2.1205012995
695 2.51260209278
696 2.19406434033
697 2.01292113286
698 2.25214947554
699 2.65934541815
700 1.94161054558
701 2.10786844597
702 2.76436495842
703 2.94809098367
704 2.51007566533
705 2.12148137518
706 2.99674796862
707 3.08747776358
708 3.19523332149
709 3.49274096618
710 3.32861529961
711 2.88859231555
712 3.08021492435
713 3.27972115625
714 3.43989502913
715 3.2150658242
716 2.86182995437
717 3.11163722934
718 3.03416956197
719 3.10121875031
720 2.62349965631
721 2.43260014107
722 2.83603467597
723 2.4578306542
724 2.3888323172
725 2.33505099475
726 2.20781268838
727 2.32639921041
728 1.94336816314
729 1.98172932011
730 1.86851987683
731 1.90579068919
732 1.74098080625
733 2.18404032842
734 2.28299528677
735 2.31617944476
736 2.11079086675
737 2.03017840036
738 1.95601098298
739 2.02931191128
740 2.29433099134
741 2.13175837222
742 2.44096056608
743 2.29254056583
744 1.98307622786
745 2.18373588484
746 1.92855055242
747 1.60652529784
748 1.64633720284
749 1.83994776631
750 1.9887048758
751 1.91683686778
752 1.91158708993
753 1.56842825074
754 1.52288714926
755 1.97327864288
756 1.87744040404
757 2.13224848349
758 1.72459699548
759 2.05049261653
760 2.46250797652
761 2.43686608405
762 2.81895789832
763 2.02757014921
764 2.22765672307
765 2.07884477972
766 1.83942996905
767 2.09322426873
768 2.31420844434
769 2.63268920553
770 2.22664884468
771 2.46639198312
772 2.26611936187
773 1.87857474873
774 2.24614927242
775 2.24804325246
776 1.64322649201
777 2.24036062403
778 2.66619239119
779 2.6792561802
780 2.55911901137
781 2.18016704785
782 2.10320495861
783 2.29547623476
784 2.56930625271
785 1.96347971226
786 2.33886186762
787 1.9685542387
788 1.57179547514
789 1.89605994249
790 1.93241007457
791 2.36794644507
792 2.51357769589
793 1.91072360495
794 2.11819248287
795 2.27208575213
796 1.99517846754
797 2.45513836054
798 2.41258069023
799 2.51825700733
800 2.757521817
801 2.45057336219
802 1.95635523013
803 2.53059742192
804 2.18005126791
805 2.98075323326
806 3.09273707376
807 3.25655686324
808 3.17437167557
809 3.30848160494
810 3.33283198613
811 3.27737880147
812 3.355529753
813 3.0930364755
814 3.06463586251
815 3.0600413603
816 2.95145171118
817 3.00547270675
818 2.99258588077
819 3.23279245739
820 3.1067205749
821 3.10787055495
822 2.89148207671
823 2.9282305816
824 2.8912984956
825 2.95169622677
826 2.07634852595
827 2.51480913572
828 2.40272772248
829 2.52369128189
830 2.59626420091
831 2.45952069254
832 2.96152130914
833 3.31139578171
834 3.19952500799
835 2.90442926695
836 3.01385714542
837 2.79640744433
838 2.73974822993
839 2.74496437707
840 2.89092569556
841 3.13683480308
842 2.53813908926
843 2.57805581611
844 2.39888584099
845 2.32266265501
846 2.93016433683
847 2.69485568967
848 2.89381302012
849 2.8366684495
850 2.58505747718
851 2.74996237336
852 2.39735953897
853 2.62102901586
854 2.44413166889
855 2.71124440735
856 2.82028032193
857 2.70823893607
858 2.78488515693
859 2.8045589078
860 2.99170579273
861 3.30064965875
862 3.37673391687
863 3.41520381561
864 3.42576296737
865 3.73577022366
866 3.68851030449
867 3.70405160651
868 3.96473236503
869 4.22844681472
870 3.50741231528
871 3.53261594912
872 3.50317498188
873 3.25457454083
874 3.66278393091
875 3.43742751666
876 3.42182684356
877 3.67872609342
878 3.67708627534
879 3.01325913524
880 3.31909919733
881 3.07202966635
882 2.69487456651
883 3.01777165726
884 2.75881393444
885 2.81342899182
886 2.82407565564
887 2.73738829712
888 2.91359723024
889 2.61786570875
890 2.71540781205
891 3.21406562807
892 2.87725012955
893 3.1720102093
894 3.37963155553
895 3.44672022578
896 4.19731020135
897 3.85917702176
898 3.73860955153
899 3.90955076699
900 3.5506580431
901 3.15462252715
902 3.44359069299
903 3.25084140971
904 3.37597243045
905 3.18261597522
906 2.96049711861
907 2.93106609495
908 2.92157889319
909 2.81668995668
910 3.13996310065
911 2.91635632011
912 3.48241588384
913 3.76315307747
914 4.10618464556
915 3.92473735653
916 3.6988586064
917 3.5000289075
918 3.24648817464
919 3.49585384213
920 3.1741609544
921 3.59654313007
922 3.0570654241
923 3.15421989999
924 3.45953743544
925 3.57411321024
926 3.67247935422
927 3.05805619994
928 2.96265741611
929 3.00872655954
930 3.15212256619
931 2.59976097818
932 3.00300399048
933 3.03663285552
934 3.083000273
935 3.11421820899
936 3.34625066666
937 3.79103756849
938 3.61464411451
939 3.14685907319
940 3.39815540415
941 3.24949776367
942 3.4824619127
943 3.19908609784
944 3.02916147142
945 2.87019289127
946 3.17409542416
947 3.48463525652
948 2.80760334842
949 2.7394718524
950 2.85340770746
951 3.04883842135
952 3.25775497133
953 3.55292216227
954 3.67517282396
955 3.58151244039
956 3.87183224307
957 3.60002791448
958 3.46208789797
959 3.41919470381
960 3.80694550681
961 4.47629531098
962 4.24820287803
963 3.72345670399
964 3.80523458983
965 3.60326724849
966 3.32836937664
967 3.86533477605
968 3.81156271239
969 3.88987204148
970 3.63225274643
971 3.84135198823
972 4.17416108758
973 4.17488018247
974 4.34655449796
975 4.78349741427
976 4.9630794354
977 5.53683847408
978 5.52405095759
979 5.17113573144
980 4.56084184146
981 5.09863255423
982 5.42905457951
983 5.47578736028
984 6.0632846625
985 5.57759404448
986 5.39373264585
987 5.89734587037
988 6.29440842874
989 6.11481773734
990 6.26247928606
991 6.48174480776
992 6.745919489
993 6.20776502416
994 6.34239946067
995 5.56706436112
996 6.00074789878
997 6.36197862969
998 6.25806500642
999 6.97133433656
