0 0.0
1 0.00540176015038
2 0.050360546446
3 -0.229753781954
4 -0.154279401611
5 -0.153878589034
6 -0.315151691732
7 -0.287600569226
8 -0.194791540694
9 -0.0585086519675
10 -0.186669042856
11 -0.0785841896399
12 -0.170019715577
13 -0.12394269912
14 0.118229598838
15 0.204287441721
16 0.0823490884915
17 -0.0842116356685
18 0.346155180569
19 0.111725501184
20 0.0893892603957
21 -0.0717242553025
22 -0.0816129414946
23 -0.0256052400466
24 0.0385308399671
25 0.0109976880565
26 0.153477296977
27 0.0385161615262
28 -0.226693097518
29 0.162858805062
30 0.234424328722
31 0.308193166005
32 -0.132071654079
33 0.0201445944277
34 0.014428267224
35 -0.122660723022
36 0.21759401341
37 0.22788802641
38 0.111144238559
39 0.229333695934
40 0.152987014122
41 0.300076380394
42 -0.05902755785
43 -0.0422236421672
44 0.131509717696
45 0.0677851374113
46 0.240754589284
47 0.222434552116
48 0.105876787196
49 0.359481092218
50 0.00148826309276
51 0.257153762693
52 0.468224455248
53 0.113060835268
54 0.248710102636
55 0.195582896116
56 0.170928578135
57 0.0961510720754
58 0.125359646357
59 0.30688383678
60 0.239381204921
61 0.512954069093
62 0.515264757502
63 0.209631135456
64 0.263661989706
65 0.0932444398667
66 0.0803119060842
67 0.125557563025
68 0.355163305163
69 0.190495983687
70 0.0874943479742
71 -0.188061855467
72 -0.0156231171034
73 0.0352057451779
74 -0.0296552500561
75 -0.0983717729073
76 -0.000222236048927
77 0.0134934727396
78 -0.0481564104604
79 0.2127341693
80 -0.268801589246
81 -0.0768617077124
82 -0.184021850005
83 0.132809381689
84 0.177920378778
85 0.0855380566595
86 0.241592033274
87 0.131892458123
88 0.153260710479
89 0.0310736310897
90 0.193158487449
91 0.0897268837846
92 0.0754906515699
93 -0.111531674917
94 0.201527140651
95 0.283657823772
96 0.0620218841617
97 0.3410278553
98 0.0413227447866
99 0.28302297476
100 0.0379188870806
101 0.191351471217
102 0.084427213045
103 0.400158941064
104 0.0269378704462
105 0.185948390354
106 0.262507796715
107 0.192518158916
108 0.11653552238
109 0.0343975695856
110 -0.0756144556865
111 0.00224638156977
112 0.134159728177
113 -0.220315386176
114 0.0430422224209
115 -0.0768630064489
116 0.115268158972
117 -0.058178711474
118 -0.194816134588
119 0.144446090755
120 0.0636659261848
121 -0.208096260907
122 0.0530835191918
123 0.259006737309
124 -0.065869535208
125 0.1503233055
126 0.052473271885
127 0.135615940815
128 -0.0921948597649
129 0.087896782639
130 -0.117247459564
131 0.138850505455
132 0.221302988633
133 0.169386450371
134 -0.130863567577
135 0.161246010091
136 0.060320994102
137 0.0229692439242
138 0.334703511828
139 -0.0419357026753
140 0.164923901289
141 0.0247474857396
142 -0.166814642484
143 -0.0334241794872
144 0.0421735431276
145 0.109226975672
146 -0.133073621878
147 -0.103239151927
148 -0.38699464736
149 -0.195891112473
150 0.0512136012164
151 -0.199696805362
152 -0.181657396485
153 0.0135067988915
154 -0.0418611588059
155 -0.0710762116071
156 -0.204653161974
157 -0.0977944669052
158 0.0045586736315
159 -0.0258845133607
160 -0.0806769721619
161 -0.037110232393
162 -0.126941852176
163 0.181025796854
164 -0.274659012778
165 -0.0680239334122
166 -0.404738138091
167 0.0715818838485
168 -0.0322946483166
169 -0.207960431048
170 -0.29244138786
171 -0.299370293981
172 -0.404145674762
173 -0.278742530656
174 -0.0557706601658
175 0.0159600843956
176 -0.272174354102
177 -0.0997051782759
178 -0.270891215148
179 -0.00155873679592
180 -0.290518742976
181 -0.358849180183
182 -0.140183994769
183 -0.190182681907
184 -0.330060501293
185 0.11547425628
186 0.280694116877
187 0.131727573567
188 0.285721281577
189 0.454573504418
190 0.0982899409142
191 0.0315638195937
192 -0.104013062617
193 0.195678675545
194 0.235720951545
195 0.0262608278192
196 0.021739716399
197 -0.0418746409546
198 -0.00523070748672
199 -0.00264818771872
200 -0.172101617748
201 -0.179431363482
202 0.216082539878
203 0.458754459109
204 0.320115334683
205 0.409875806214
206 0.529720250792
207 0.837882166336
208 0.607075619746
209 0.483652595869
210 0.576851557546
211 0.498321111524
212 0.590639168071
213 1.05244240463
214 0.941407664146
215 1.11035354633
216 0.856031548304
217 0.944019463086
218 1.00036585594
219 1.02998506232
220 1.10452235005
221 0.953133390322
222 1.36850928756
223 1.11069191685
224 1.06312256632
225 1.05453868472
226 1.00895575785
227 1.08158014279
228 1.18437944315
229 1.42500196146
230 1.07084420341
231 1.46603667122
232 1.27314829256
233 0.842139057376
234 0.736901759655
235 1.12097770504
236 1.28819064198
237 1.22365428377
238 1.18247581
239 1.12731147547
240 0.965590434214
241 0.922750303575
242 0.931370907276
243 0.895034818828
244 0.680297078405
245 0.317152918314
246 0.857236382006
247 0.972679679269
248 0.84798283015
249 1.2036720223
250 1.12969295418
251 0.957095655366
252 1.23316200106
253 0.99389436445
254 1.33726738749
255 1.32225139766
256 1.38677596324
257 1.1612366372
258 0.96522606212
259 1.28586280905
260 1.16810573273
261 1.19085809965
262 1.22637327349
263 1.40525437075
264 1.31994851301
265 1.25065106099
266 1.47669639123
267 1.29172007662
268 1.31359419218
269 1.47677088069
270 1.38235355444
271 1.60333541253
272 1.70506843604
273 1.78065472222
274 1.58918396265
275 1.57023281886
276 1.50955743368
277 1.63344331859
278 1.78718718734
279 1.34086118215
280 1.48575042995
281 1.51203084899
282 1.74543934905
283 1.59998304488
284 1.32718459394
285 1.36278850556
286 1.53734573379
287 1.40069087335
288 1.33801085258
289 1.16900609489
290 0.931402247019
291 1.07284070646
292 1.02068534921
293 1.34178245731
294 1.24968957062
295 1.18806690472
296 1.28086020254
297 1.73109910651
298 2.00142179312
299 2.15466358857
300 1.8623072796
301 1.36620285347
302 1.64086630344
303 1.34973656379
304 1.58543904582
305 1.53971381418
306 1.76136629289
307 1.72696549285
308 2.1512126149
309 1.77396778121
310 1.95034233616
311 1.63873496824
312 1.35402385957
313 1.38366206246
314 1.67285438136
315 1.57681023061
316 1.31158918137
317 1.42979864705
318 1.97102454668
319 2.26270341688
320 1.59901120848
321 1.52313869878
322 1.5196092729
323 1.8902567967
324 1.57330661227
325 1.99962434763
326 2.17853744175
327 2.1886216108
328 2.03158864805
329 1.98619847369
330 2.0970501348
331 2.10207662933
332 2.20411859034
333 2.01733890108
334 2.27951821099
335 2.34496673843
336 2.43465553904
337 2.4224599697
338 2.08070111875
339 2.21169034001
340 2.06216080527
341 2.22568195468
342 1.88323229946
343 2.24824441589
344 1.7141419029
345 2.10504086388
346 2.2382904143
347 2.23659650051
348 2.20133907718
349 2.29612869648
350 1.76725961764
351 1.86457084486
352 2.33274723148
353 2.76426602123
354 2.29371776604
355 2.26152682072
356 1.91671462653
357 2.09017706273
358 1.99749191303
359 2.24430550008
360 2.34028825564
361 2.39039042255
362 2.19689125279
363 2.22323898296
364 2.100581928
365 2.08431726025
366 2.47468729344
367 2.51023631567
368 2.58359946495
369 2.80364225802
370 2.79908004852
371 2.78083319294
372 3.06420305985
373 2.81114389877
374 2.68808246194
375 2.43946525895
376 2.43024085522
377 2.06039755781
378 2.22842633198
379 2.54522227209
380 2.24756462848
381 2.21941689582
382 2.01753171529
383 2.56267652581
384 2.64587268989
385 2.36083833273
386 2.90290418308
387 2.52287304058
388 3.03259382181
389 2.52532430738
390 2.75041817214
391 2.59597191171
392 2.43613014953
393 2.7540052087
394 2.59251294034
395 2.38293985198
396 2.7599301882
397 3.04461184851
398 3.07982236987
399 2.8591163062
400 2.83992729001
401 3.03668145715
402 2.84944442168
403 2.59026374118
404 2.69802476945
405 2.61837405358
406 2.68540351662
407 2.64788149036
408 2.38112213109
409 2.11115366756
410 2.30694059429
411 2.60001297998
412 2.56199946321
413 2.28869892403
414 2.57943639842
415 2.2235544367
416 2.14133583149
417 1.93631218361
418 2.10277124798
419 1.78285319716
420 1.97801616286
421 2.39293367376
422 2.66781000577
423 2.13075381512
424 2.00556675964
425 2.28271458067
426 2.2884262941
427 2.44607815345
428 2.93133074096
429 2.81846784295
430 2.7077588204
431 2.45631692379
432 2.68443337839
433 2.73063418913
434 2.73578300529
435 2.58209025335
436 1.99332954973
437 1.65198780643
438 2.12198718947
439 2.23593086521
440 2.38527384732
441 2.74598706706
442 3.2201201958
443 2.60974163201
444 2.80551487256
445 2.83217336485
446 2.78620721363
447 2.85685332028
448 2.7972449748
449 3.26645716461
450 3.12069139267
451 2.833068458
452 3.13461851642
453 3.26426469102
454 3.13374616889
455 3.34007736254
456 2.97649205171
457 2.89762754296
458 2.7446158378
459 2.62610926035
460 2.60014347958
461 2.63389002505
462 3.13069917268
463 2.71301817859
464 2.8342594024
465 2.30183095259
466 2.58737874443
467 2.62688195445
468 2.6627502527
469 2.42995788927
470 2.77851803563
471 2.63358088675
472 2.56635779629
473 2.64418941485
474 2.65661452442
475 2.20674624119
476 2.62020385389
477 2.95505497414
478 2.93726516728
479 3.42311099325
480 2.92430839497
481 2.76015534431
482 2.58191178487
483 2.59090056109
484 2.73352958156
485 3.18373417358
486 2.92972057929
487 3.61091300107
488 2.78347753803
489 3.43225051049
490 3.53727093155
491 3.40109409761
492 2.80708069261
493 3.19979496136
494 3.77695724424
495 3.42022589238
496 3.04539207254
497 3.29962018005
498 3.23618428026
499 3.30816426181
500 3.03459201149
501 2.67562046591
502 2.76708487769
503 2.82238189303
504 3.32243800318
505 3.32697421147
506 2.89425994323
507 2.98257825064
508 2.85064467858
509 2.95661557074
510 3.08464438189
511 2.71956759089
512 2.70341491498
513 3.19522065912
514 3.20723337454
515 2.97099115593
516 2.81628984516
517 2.85522674012
518 2.91852745575
519 3.01879236913
520 2.68782437871
521 2.73415285966
522 2.79620467544
523 2.75273879036
524 3.04175880647
525 3.26293371891
526 3.21915917683
527 3.01980132923
528 3.09122018652
529 2.98971384238
530 3.37287049145
531 3.61719674961
532 4.13934275864
533 3.88295748293
534 4.03193339568
535 3.82082233489
536 3.8798814211
537 3.71970851035
538 4.09284003676
539 3.77689703299
540 3.96958034202
541 4.09181601666
542 4.21432356345
543 4.42621030763
544 4.38186051329
545 3.82400993264
546 3.60536986305
547 3.50778869236
548 3.65754344689
549 3.9715030806
550 3.53376862618
551 3.62940811964
552 3.70803057957
553 3.36565916975
554 3.43445026289
555 4.0333397814
556 3.71687003006
557 3.79847273545
558 3.58677951393
559 3.62888837118
560 3.7674158567
561 3.81301450935
562 3.5658109153
563 3.9105056029
564 3.56548832552
565 3.6214347414
566 3.71114050236
567 3.82664382226
568 3.9536421964
569 3.69407898976
570 4.18976020821
571 4.14889804853
572 4.06371930352
573 4.25795194998
574 4.2617945115
575 4.19281885844
576 4.13415784822
577 4.72150818872
578 4.82490214468
579 4.80372958176
580 4.44667891974
581 4.44072761701
582 4.70407895986
583 4.24509690184
584 4.4251390421
585 4.66091807766
586 4.49741196561
587 4.58686933818
588 4.56050300837
589 4.356011995
590 4.52601361813
591 4.85707259417
592 4.56190499006
593 4.36389403347
594 4.10770432161
595 4.4152913576
596 4.58755687056
597 4.73342671861
598 4.50924284492
599 4.19972346885
600 4.18133118079
601 4.00312021801
602 4.33980477516
603 4.41895602684
604 3.99160653239
605 4.54948037481
606 4.29501223611
607 4.53898451336
608 4.7015955062
609 4.49871576083
610 4.90006504129
611 4.66487449737
612 4.43252284833
613 4.53447195674
614 4.43981517227
615 4.79655364479
616 4.8745258345
617 4.77153473134
618 4.5702674086
619 4.88877097703
620 4.60612555525
621 4.50617238612
622 4.39626990782
623 4.36230721025
624 4.62886603834
625 4.40503098427
626 4.08126731233
627 4.57065147385
628 3.99884448249
629 4.60748936713
630 4.86736573777
631 4.64880650214
632 4.12112665492
633 4.52172139525
634 4.57436128786
635 4.80340516171
636 4.67371765661
637 4.89141122338
638 4.79049912379
639 4.67626207441
640 4.88549091679
641 4.5541300916
642 4.28429609659
643 4.07847176774
644 3.95619987548
645 4.03802443513
646 3.75724342303
647 3.40765677521
648 3.67003087089
649 4.10770693123
650 4.47789275674
651 4.84645293558
652 4.45376812625
653 5.01932479666
654 5.35580984566
655 4.94281249794
656 5.30555856183
657 5.2295671022
658 5.26139745329
659 5.19477924346
660 5.46274348467
661 4.96988399606
662 5.34057511126
663 5.51116453182
664 5.1221860287
665 5.52068811315
666 5.46285053651
667 5.63971912615
668 5.17554634271
669 5.35754083486
670 5.2014906688
671 5.79349756381
672 5.02363229116
673 5.69390922941
674 5.31794540201
675 5.36082901822
676 5.67120316317
677 5.3172445592
678 5.10194202857
679 5.29700357713
680 5.4996857706
681 5.22978971521
682 5.59769314645
683 5.83480923286
684 5.74772885583
685 5.67012250282
686 5.96789308682
687 5.89797803347
688 5.73575465749
689 6.24363736739
690 6.10386565185
691 6.14340091812
692 5.80168495028
693 5.39024697368
694 4.80724468536
695 5.25454225587
696 5.33620134462
697 5.94927305359
698 6.05018321791
699 6.055327857
700 5.59079436675
701 6.26445570758
702 6.34079227536
703 6.19212789424
704 5.69652464613
705 5.92109156611
706 5.82868052825
707 5.64305354763
708 5.44923070584
709 5.95260560887
710 6.07091301463
711 5.51895693841
712 5.90459111687
713 5.82481484765
714 5.90495830633
715 5.71948399888
716 5.85393542873
717 5.61022002097
718 5.8135571076
719 5.77524443542
720 5.8356671208
721 5.55329325399
722 5.42911456061
723 5.996259478
724 5.9391021816
725 5.4848477116
726 6.04323555224
727 6.35376197396
728 6.52729777863
729 6.05740281268
730 6.41353956388
731 5.97043774508
732 6.17349413167
733 6.75727850939
734 6.28312120901
735 6.56542811126
736 6.33475416488
737 6.13633263666
738 6.42732216454
739 5.99615167329
740 6.21719024402
741 6.70278983415
742 6.16718236584
743 6.29637155425
744 6.55754467658
745 7.24543319141
746 7.38839260102
747 7.20153343703
748 7.0797283681
749 7.46641819852
750 7.42680669809
751 7.14296576643
752 6.71109563588
753 6.65450087954
754 7.02438823649
755 6.55943454403
756 6.34375322782
757 6.65984263841
758 6.7992027325
759 6.77270705002
760 6.86501017696
761 7.18939367397
762 6.6400634446
763 7.27311966162
764 6.93834926681
765 7.5274383459
766 7.63081089226
767 7.27400510914
768 7.26510424743
769 7.54961264066
770 7.24152137823
771 7.20173976464
772 7.3417392455
773 7.63860816223
774 8.20165804592
775 7.92337817398
776 7.25981729023
777 6.92019571371
778 7.00505152015
779 6.78000685238
780 7.54134915407
781 7.46897656527
782 7.39174803452
783 6.94201455598
784 6.97426386633
785 6.80533745065
786 7.06921666637
787 7.46462246694
788 7.43440518852
789 7.04370628196
790 7.25216445025
791 7.92754243683
792 7.92152095362
793 8.28138129926
794 8.15400466443
795 8.11850664465
796 8.15686640289
797 8.55887760867
798 8.58960584943
799 8.53235401687
800 8.31619134466
801 8.29148116784
802 8.30487926986
803 8.00786014799
804 8.22152534021
805 7.98988199837
806 8.23959500881
807 8.62172651917
808 8.77622940969
809 9.28083883101
810 9.55492974349
811 9.22821427046
812 9.22063743854
813 9.11538657375
814 9.03943561411
815 9.25724821521
816 9.11679912375
817 9.20452915478
818 8.72919240898
819 8.42595144449
820 8.49186764158
821 8.46925709462
822 8.27907965267
823 8.44874820222
824 9.10859751624
825 8.69812392292
826 9.19837575038
827 9.24475681782
828 8.74161779576
829 8.82620314506
830 8.99959655427
831 9.25002904158
832 9.22202872747
833 9.72953680656
834 9.20356026004
835 9.71430505869
836 14.5971937844
837 9.10829493759
838 9.45270276884
839 9.52020590534
840 9.06647118078
841 14.6215867531
842 14.4739919997
843 8.86706083902
844 9.70754726514
845 9.3600251241
846 9.63646213216
847 9.63380533102
848 9.40654013003
849 9.78146703554
850 15.302038024
851 14.7805769541
852 9.05162186122
853 14.6308850543
854 14.7421068432
855 9.10021148515
856 8.65978837424
857 8.89700898997
858 8.65140525696
859 8.85143874078
860 9.5565596965
861 9.52101399072
862 9.36669897687
863 9.65545464109
864 9.03024797257
865 9.47477345987
866 9.20647922634
867 15.0130282501
868 14.8034325167
869 14.3000160131
870 14.3124281019
871 14.6738816549
872 14.8946969325
873 9.66697626396
874 9.53253098349
875 9.33534648569
876 8.84123219159
877 9.35082401859
878 9.02120645435
879 9.3997899788
880 9.25046764603
881 9.15449186046
882 9.18621932992
883 9.20472902515
884 9.431958804
885 9.71379738935
886 9.55580160945
887 9.93360481027
888 9.92098755809
889 10.3432223946
890 9.79345623585
891 10.2102971361
892 10.5709195474
893 10.6965898975
894 10.4569055799
895 9.75393365492
896 9.59757691583
897 9.48820046714
898 9.68093883317
899 9.66983619203
900 9.45145680853
901 9.74528385466
902 9.30075578767
903 9.51876387057
904 9.78963717183
905 9.34435655776
906 9.19777570185
907 8.88703214221
908 8.3904613349
909 7.98545283279
910 7.78987450472
911 8.02509845383
912 8.4772650082
913 8.41113641027
914 8.67334210555
915 8.18383184126
916 8.83181884638
917 9.25683058787
918 8.91111633258
919 9.06375402012
920 9.07528112149
921 9.11992369633
922 8.44879822944
923 8.34799111105
924 8.81679340618
925 8.50556903807
926 8.84932869762
927 8.3704233035
928 8.27427826261
929 8.36282550408
930 8.27068108501
931 7.88027342819
932 8.26643902
933 8.06854051459
934 7.98266937755
935 7.74223041659
936 8.14097062215
937 8.20629618463
938 9.08133422834
939 9.23063281772
940 9.38395914698
941 8.74656832375
942 9.34890759399
943 9.6802730161
944 9.35547182578
945 9.28624182862
946 9.03447979895
947 8.98904249317
948 9.25920798043
949 8.74127515284
950 8.24253193402
951 8.39756311272
952 8.65141594166
953 8.98350963361
954 8.76671930445
955 9.25791815627
956 8.89705742228
957 9.20955389763
958 8.96912023638
959 9.18892806223
960 9.52857881257
961 8.94232716123
962 9.06519649662
963 8.8138578703
964 8.40478560889
965 8.71109699024
966 8.37969715679
967 8.14016433812
968 8.13935090107
969 8.14503765678
970 8.0562422469
971 8.02890297654
972 8.53249804755
973 8.29745777953
974 7.99798929686
975 7.77880160093
976 7.98960212331
977 8.24091541283
978 8.72939430668
979 8.71568226878
980 8.68301377429
981 8.64439360339
982 8.70112851508
983 8.64555466776
984 8.7931963448
985 8.77544669211
986 8.9046058167
987 9.50818037422
988 10.2722471011
989 9.91191821218
990 10.2785751292
991 10.3809214805
992 10.0675417669
993 9.52535545845
994 9.15404973928
995 9.66103385641
996 9.62014247961
997 9.68639691816
998 9.63153234677
999 10.3255946961
