0 0.0
1 -0.0966578039101
2 -0.0531624638061
3 -0.0292785752757
4 -0.11353733601
5 0.189367182032
6 0.0154996586433
7 -0.187653450086
8 0.0683398832834
9 0.208304314893
10 0.250596175148
11 -0.00528896962926
12 0.0312599725112
13 -0.135716110226
14 0.151252698516
15 0.393157609901
16 0.312253056609
17 0.108183281488
18 -0.0152265754297
19 0.0287905106551
20 0.255694473349
21 -0.0950586710432
22 0.0432176733836
23 0.279183206706
24 0.383138694
25 0.0663151877255
26 0.305331710568
27 0.251648404309
28 0.718311758035
29 0.620212531055
30 0.188154623686
31 0.320212108045
32 0.44467460659
33 0.373950674942
34 0.555745058031
35 0.419509935021
36 0.42762118245
37 0.357153761748
38 0.471416182033
39 0.260542491116
40 0.348147143201
41 0.491849758938
42 0.393232438083
43 0.288350808814
44 0.40304902593
45 0.218183318898
46 0.137847195495
47 0.305246061413
48 0.147264850314
49 0.0690468549654
50 0.310341873233
51 0.20733613225
52 0.370683155246
53 0.267561867827
54 0.470014800029
55 0.0506445121162
56 0.303181607019
57 0.30231718511
58 0.145415293892
59 0.0411976750644
60 0.0863846074178
61 -0.153698725829
62 0.0279052559815
63 0.14697575971
64 0.226588209662
65 0.0922856976107
66 0.407953279246
67 0.24287230604
68 0.203284817842
69 0.113972510417
70 0.434971199605
71 0.296267284813
72 0.342182032819
73 0.412266006296
74 0.381990208367
75 0.332534078081
76 0.209513878008
77 0.137533119954
78 0.147116820681
79 0.0658065815611
80 0.199482806789
81 0.236902799854
82 0.0388537787663
83 0.00563684377483
84 -0.230066173242
85 0.0585892206593
86 0.0201341323638
87 0.148991680977
88 0.208782466957
89 -0.182249347584
90 0.0563512484282
91 0.0333002656925
92 -0.0863981654275
93 -0.00665121126888
94 0.260529000606
95 0.105201900045
96 0.0171635618326
97 0.189395913975
98 0.289473351491
99 0.401291262021
100 0.45237942881
101 0.534647333672
102 0.660089349452
103 0.272611713757
104 0.467813848806
105 0.651959128723
106 0.448821733312
107 0.34930144494
108 0.414228638727
109 0.498443257826
110 0.33900670726
111 0.0515304185826
112 0.253750050837
113 0.433238044425
114 0.413948965835
115 0.226994333202
116 0.496320411032
117 0.0987266579476
118 0.24910998739
119 0.256908453112
120 0.334832617995
121 0.502176470148
122 0.589505131604
123 0.150259022577
124 0.482570493833
125 0.270528548399
126 0.322103965163
127 0.27839269087
128 0.42167333213
129 0.209583942784
130 0.581204770656
131 0.564337904314
132 0.283661660672
133 0.177091620772
134 0.557307968872
135 0.693693480058
136 0.570783671237
137 0.81458307901
138 0.473813375587
139 0.515971007303
140 0.859812049856
141 0.510095368134
142 0.652513306914
143 0.458868788582
144 0.723773129887
145 0.300759310476
146 0.529292285928
147 0.521382177271
148 0.18093749836
149 0.635619080915
150 0.245923736682
151 0.764875329901
152 0.681936756472
153 0.619630153881
154 0.551465802481
155 0.641828151166
156 0.722017120974
157 0.60838198296
158 0.556597965883
159 0.323572164631
160 0.477792338707
161 0.297815105139
162 0.339039624738
163 0.285400030769
164 0.504494969332
165 0.417798244494
166 0.324583061439
167 0.489850968125
168 0.264393437489
169 0.121977928663
170 0.425920161892
171 0.114252836449
172 0.406169454726
173 0.0234592935432
174 0.865138669349
175 0.0793192984047
176 0.248131883182
177 0.297668727602
178 0.445458389574
179 0.221116252966
180 0.288282702934
181 0.30067456076
182 0.350869925067
183 0.199231637103
184 0.459924214862
185 0.435250593381
186 0.205177997252
187 0.477952827824
188 0.536372663078
189 0.444477769796
190 0.393670263314
191 0.235136002062
192 0.130984545885
193 0.223944197473
194 0.34488204634
195 -0.054903111219
196 0.0700769692611
197 0.32825996695
198 0.155909552567
199 0.522310459539
200 0.330174968388
201 0.300613686236
202 0.172075705255
203 0.280466183531
204 0.632757918019
205 0.528674895892
206 0.563719661923
207 0.565083011412
208 0.523412268296
209 0.420290864086
210 0.294445368687
211 0.783236036875
212 0.716035419699
213 0.539880878785
214 0.504741863706
215 0.566172858198
216 0.628336237929
217 0.889860520957
218 0.603455107761
219 0.603225497267
220 0.79460294109
221 0.754163988489
222 0.588748955657
223 0.774454162589
224 0.973252439653
225 1.30583893207
226 1.1093265631
227 1.04451850661
228 1.22888785869
229 1.25585320212
230 1.29532742659
231 1.2929082618
232 1.15503167147
233 1.17078949696
234 1.43731355563
235 1.23258585666
236 1.16873349765
237 1.28443934677
238 1.433872146
239 1.18429663412
240 1.4959830605
241 1.3405936614
242 1.47281700662
243 1.98919849492
244 1.50727615584
245 1.54406585167
246 1.38428204527
247 1.45456926366
248 1.33709411725
249 1.48892895161
250 1.52702347179
251 1.96878836408
252 1.82384749396
253 1.37698085289
254 1.98354437633
255 1.97693298168
256 2.06817874219
257 1.79458270875
258 1.78385534831
259 1.64275778762
260 1.65636303646
261 1.75360818013
262 1.64839873715
263 1.89681568939
264 1.94007640474
265 1.9289735369
266 1.94425644251
267 1.75059640489
268 2.02544533289
269 1.76449778292
270 2.10069267643
271 1.72732167084
272 1.86152674969
273 1.96224069926
274 2.37190458345
275 2.03665237513
276 2.14788826664
277 2.30589194598
278 2.51363607574
279 2.60483252316
280 2.51179547441
281 2.84400531586
282 2.58109896136
283 2.20497268645
284 2.46269159985
285 2.09202363672
286 2.08912852032
287 2.17256977906
288 2.0737478022
289 2.22206213441
290 2.22333617371
291 1.93782399919
292 2.20637346346
293 2.00541435113
294 2.4767856548
295 2.01666407752
296 2.53909192865
297 2.24014654612
298 2.63151833542
299 2.97693574505
300 3.34582393299
301 3.46356928813
302 3.30545297061
303 3.91876159262
304 3.84392109326
305 3.95038533269
306 4.14033447422
307 4.57698140632
308 4.54800194863
309 4.57587882575
310 4.99556470075
311 5.24806570703
312 5.26242704841
313 5.42297295309
314 5.35238282976
315 4.96782307722
316 4.87821975904
317 5.21014744914
318 5.5136372037
319 5.64431331083
320 5.32214763369
321 5.51102383446
322 5.37319121396
323 5.26542579935
324 5.57370586263
325 5.20104574453
326 4.62599887974
327 4.6164404357
328 5.06318365248
329 5.39390690159
330 5.35029593452
331 5.79255012897
332 5.55121404145
333 5.93862239174
334 6.24141018239
335 6.45500839985
336 6.52706443397
337 6.2226605574
338 6.25435793442
339 6.59126657754
340 6.53183084991
341 6.26956031671
342 6.76164259456
343 6.52357942581
344 6.82478167802
345 6.3770869381
346 6.45502016036
347 6.17544221418
348 5.9405828063
349 6.62017695468
350 6.73125233246
351 6.19063811849
352 6.16472306193
353 6.47522353286
354 6.15513689455
355 5.75440436562
356 5.26701365076
357 5.37106257189
358 5.60242310931
359 5.13595361274
360 5.2122045857
361 5.13740208008
362 5.01217790178
363 4.93830063746
364 5.14855288351
365 5.17090004407
366 5.7332882253
367 5.93728520182
368 5.64749555782
369 5.33861433066
370 5.71114633698
371 6.0175646303
372 6.23293928663
373 6.56450854537
374 7.16136764345
375 7.38530081275
376 7.67173040387
377 7.45970236957
378 7.62514593257
379 7.45797388775
380 7.40751317947
381 7.41368756889
382 7.50340036133
383 7.18094816957
384 7.49651899972
385 7.63767585677
386 7.52636250787
387 7.37758288626
388 7.39020681123
389 8.02595793051
390 7.76708567713
391 7.94918397373
392 8.02807310878
393 8.6534705295
394 8.52172119644
395 8.37975872732
396 8.25554366142
397 8.16574288845
398 8.54513577171
399 8.05969257723
400 7.56485634898
401 7.79702802774
402 7.59623051594
403 7.21145916326
404 6.7901302317
405 6.6992826644
406 6.80305407037
407 6.5213401557
408 6.35947065703
409 5.99576280095
410 6.06368878706
411 5.99013448179
412 6.27431762567
413 6.797920269
414 6.93124375796
415 6.83053981707
416 6.5361090042
417 6.03343485689
418 6.50198264666
419 6.24907393029
420 6.39144619665
421 6.6562227005
422 5.77535319954
423 5.35378712962
424 5.80082972169
425 5.56564329107
426 5.47928117609
427 5.79524979745
428 5.53939453702
429 4.83808024871
430 4.85556730021
431 4.89418733348
432 4.8803516971
433 4.88348319749
434 4.79173742099
435 5.08898079132
436 5.48761935043
437 5.31374806245
438 5.57681597978
439 5.6222801929
440 5.42410892342
441 5.20972958484
442 5.36225812155
443 5.16378387606
444 4.94991275155
445 5.4545456214
446 5.49848573442
447 5.57485832135
448 5.13819870147
449 5.23630537151
450 5.15499706865
451 5.75103735394
452 5.67530765895
453 5.57813983204
454 5.27915069198
455 5.16869809496
456 5.06021015108
457 5.30010309448
458 4.96458546767
459 5.38695187637
460 4.51200117638
461 4.75567385304
462 4.78569017128
463 5.04437446365
464 5.05141567541
465 4.67084943105
466 4.58652995741
467 5.52201071961
468 5.57046929895
469 5.43376524678
470 5.26014122164
471 5.17890953585
472 4.81685625105
473 4.38002593953
474 5.1390049776
475 4.61577557293
476 5.25811170133
477 5.19194517339
478 5.09665676289
479 5.17024956603
480 5.12475690902
481 5.1236779486
482 4.69174361238
483 4.91062166688
484 4.74841261988
485 4.72325885524
486 4.59936180835
487 4.32316874963
488 4.48508538917
489 4.53152490405
490 4.70532185966
491 4.52498147133
492 4.39977858365
493 5.10805550586
494 5.00952604393
495 4.97762143681
496 4.92538393195
497 4.75056079247
498 4.16138926482
499 4.44657990159
500 4.58317105429
501 4.48385472534
502 4.49100139268
503 4.35398506368
504 4.33711638741
505 3.92326269145
506 4.46118956438
507 4.19404840204
508 3.3351264295
509 3.49951539319
510 3.7320535747
511 3.89295747986
512 3.51308518695
513 4.07207171026
514 3.69152051291
515 3.5987277265
516 3.90565830686
517 3.76708869323
518 3.32039471377
519 3.82676925283
520 4.23334503728
521 3.67897286664
522 4.16713762984
523 3.80010935238
524 3.57688475885
525 3.22124142326
526 3.90721719647
527 4.17193035822
528 3.77946981066
529 3.04238133889
530 2.80534465576
531 3.31343393322
532 3.4256553238
533 2.86046260514
534 3.05140800366
535 2.86539668907
536 3.20793915299
537 3.61568388862
538 3.26582394085
539 3.43019846534
540 2.94779997266
541 2.82224262689
542 3.79463177995
543 3.34627356246
544 3.48542462967
545 3.60910012471
546 4.40846332023
547 4.19115495921
548 4.14715191425
549 4.12565927991
550 4.44011948516
551 4.81528871714
552 4.46092284834
553 4.25670682244
554 4.39639301071
555 4.51630289181
556 4.52553538331
557 4.76969388778
558 4.51168878996
559 4.18141513028
560 5.02815578804
561 5.28571826823
562 5.50273186777
563 5.4179142344
564 5.49725822261
565 5.01540651664
566 4.92059025939
567 5.39006926832
568 5.37360400461
569 5.04917527395
570 5.40920437288
571 5.04951129377
572 5.95236050092
573 6.15240258951
574 6.16074385358
575 6.00173278702
576 5.93010985974
577 6.32194219929
578 6.23186580468
579 5.78889219474
580 5.66507877953
581 5.8120770478
582 5.77456285474
583 5.92861790763
584 5.63413443402
585 6.73792596622
586 6.84070295192
587 6.83529362739
588 7.56698182682
589 7.52411769774
590 7.89667243849
591 7.61423844214
592 7.40456645855
593 7.42519639146
594 8.2533441732
595 7.89491411715
596 7.8520581889
597 7.90578270703
598 7.6814305128
599 7.83091695105
600 7.25603485871
601 7.26779611244
602 7.29303276185
603 7.31712562207
604 7.50890119142
605 7.32646686925
606 7.01032870115
607 6.81388390666
608 6.93713943852
609 7.07695576858
610 6.8018536232
611 6.9399065307
612 6.89458598595
613 7.47069816607
614 7.65029701212
615 7.94212838186
616 7.8508074394
617 8.1821685891
618 8.02899441409
619 8.10798821946
620 8.3994281775
621 8.66557470102
622 8.99652923761
623 9.02306802513
624 9.76374528444
625 9.25926470741
626 8.91768295644
627 9.2988437921
628 9.93399621241
629 9.52882251316
630 9.29891323234
631 9.04713690167
632 8.94351664983
633 9.08351813342
634 9.17077279695
635 8.49296576823
636 8.25853372533
637 8.03396531354
638 8.34242165545
639 8.11882345969
640 8.05902845066
641 7.78020221144
642 7.42528391579
643 7.64360101338
644 7.61528562923
645 7.66022335006
646 7.60673283864
647 7.62645533061
648 7.68066368871
649 8.08435863954
650 7.17372571469
651 6.96531565274
652 6.33409245113
653 5.97541869199
654 6.5029377854
655 5.75932925261
656 6.22950724717
657 6.66911106135
658 6.3955249537
659 6.68638708778
660 6.64138559923
661 6.22969467439
662 6.36162212078
663 6.08716912846
664 6.05675804182
665 7.00663480533
666 7.32215389013
667 8.0936566421
668 8.26299283042
669 8.40839483162
670 7.9832457307
671 8.49291973444
672 8.48056369903
673 7.95566038942
674 8.2336079705
675 7.84372068097
676 7.71416805472
677 8.11582929951
678 8.14627539847
679 8.78882994593
680 8.46581493952
681 8.73686880986
682 9.27905538437
683 7.48370808827
684 7.86984240335
685 8.4212243847
686 8.5768044863
687 8.67516333778
688 8.95534305514
689 9.53474603289
690 7.84638803191
691 7.50101635073
692 7.89511924014
693 9.15598651465
694 8.66859659447
695 8.5563470561
696 8.32617846287
697 7.82838049041
698 8.16814960949
699 7.73688248315
700 7.43744251686
701 7.08362695624
702 7.00176582542
703 7.11361294736
704 7.45720973088
705 7.65883185579
706 9.38575281185
707 9.16503741097
708 9.18966689238
709 8.69737844198
710 8.61546927228
711 9.00890882048
712 9.40934365588
713 9.37126606437
714 8.97435578394
715 9.35543828176
716 9.31583125001
717 9.74774271809
718 9.67095338355
719 9.69619055882
720 10.5780331504
721 9.89497680557
722 10.5689829956
723 10.6412923542
724 10.0146771634
725 9.17602538984
726 8.62289718284
727 8.6636959899
728 9.56670126478
729 9.69086145698
730 9.39936914633
731 9.56502626992
732 9.70027435059
733 10.1899583682
734 10.8195654508
735 11.2319265825
736 10.4345614445
737 9.74346403526
738 9.92637626587
739 10.3691875634
740 8.48437738777
741 8.17179330204
742 8.13719571324
743 8.39983227741
744 8.67567111494
745 8.80677429375
746 8.44475279642
747 8.0656133283
748 8.01333236032
749 8.08360900735
750 7.86653389333
751 7.61867944203
752 7.86543709465
753 7.35127966675
754 7.23693258229
755 7.51744079872
756 7.63908097469
757 7.4580509779
758 7.19286537694
759 7.30582394766
760 7.31256763743
761 7.51172951895
762 6.26287091025
763 6.74273631036
764 6.3884328156
765 6.42545813246
766 6.68093243494
767 6.47005793539
768 6.43373117215
769 6.48966457847
770 6.18210069153
771 7.2043058341
772 6.6764794127
773 7.11455590828
774 7.1168116099
775 7.02457397294
776 7.72103437339
777 6.97279901193
778 6.76475677468
779 7.11058992265
780 7.45465280106
781 7.36547604295
782 8.39023818273
783 8.57968602507
784 8.40767811441
785 7.77263590033
786 7.47080295648
787 7.15805528183
788 7.53988513535
789 7.44272797128
790 7.57525505436
791 7.74592525153
792 7.25205034072
793 7.14469537576
794 7.13291865864
795 7.15401556239
796 7.52202915448
797 7.91489738692
798 7.59379735294
799 7.72106249297
800 7.92840220326
801 7.16336069967
802 6.90493590696
803 6.95853922604
804 7.56097638017
805 8.33335204749
806 10.3269482791
807 10.6927080632
808 10.7849866534
809 8.0169094715
810 8.02734598013
811 6.98280228372
812 7.14568333841
813 7.2578754863
814 7.50815870255
815 7.87091024026
816 8.25300937024
817 8.34997788664
818 7.36674981494
819 7.32379853968
820 6.87207222855
821 7.02030237193
822 8.18813016479
823 8.53591295167
824 8.94243443112
825 8.57461025631
826 8.8765590307
827 9.36433381957
828 9.18730873068
829 9.39251816387
830 9.66396071469
831 9.41473482902
832 9.65673843373
833 10.0051972356
834 9.37221807107
835 9.16902600051
836 8.25124734851
837 8.17703051703
838 8.41106509829
839 7.90101326343
840 8.29048381136
841 8.30705313079
842 8.01145009639
843 8.01461979623
844 8.06096520135
845 7.48577685166
846 7.23563030043
847 7.51306498701
848 7.67465752534
849 7.33168143168
850 6.94780210443
851 6.93534863359
852 6.89908097391
853 6.8555571833
854 7.32641286122
855 7.01510241151
856 6.8012059587
857 6.39964543563
858 6.03510474333
859 7.25757179554
860 6.88886588484
861 7.92254062333
862 8.34569339959
863 8.64856929113
864 8.96314767183
865 8.90224903512
866 8.39568668863
867 7.9109900396
868 7.86478156596
869 7.63761887789
870 7.83458454168
871 7.84571843899
872 7.27874700795
873 7.22303345825
874 7.47698892946
875 7.39263620734
876 7.4747493747
877 6.97162688533
878 7.28900098455
879 7.04199570356
880 7.45051504038
881 7.993087923
882 8.13116466824
883 8.03507330256
884 13.3497537717
885 13.1969282648
886 13.6967854709
887 13.1056073219
888 12.8911599745
889 8.56917386246
890 8.71941616418
891 8.84459412546
892 8.24843181946
893 7.98641354648
894 8.59916337227
895 8.61663509802
896 8.1942257327
897 8.14066585755
898 8.52407749043
899 8.59856839339
900 8.67015244259
901 8.90492379717
902 8.67336732923
903 8.64358927959
904 8.5805830716
905 8.47856522326
906 8.69299618833
907 8.48826989701
908 7.95767748622
909 7.80661701407
910 7.12492559577
911 8.02522245958
912 7.89216067005
913 7.89928977148
914 10.4150698108
915 9.75587281152
916 9.66594799449
917 10.0562495971
918 9.70007772217
919 9.40027763074
920 10.0684516871
921 9.88746221629
922 9.75185835877
923 7.6551561279
924 10.1251973128
925 9.27706434811
926 9.14018204498
927 8.68545022376
928 9.17875985565
929 9.27132205258
930 9.62618297694
931 9.38641897415
932 9.72196670082
933 9.42127490969
934 9.88467042209
935 9.41949164833
936 9.1403063182
937 9.32380102925
938 9.31439245905
939 9.3818880436
940 8.98845989895
941 8.70159335797
942 9.5131377908
943 10.4063521113
944 10.040909517
945 10.3211400259
946 10.8671336106
947 10.7105505516
948 10.8509469811
949 11.9281284135
950 11.6470464328
951 11.7927092515
952 11.4631777556
953 7.97455292712
954 8.36317692728
955 11.1621984468
956 8.4295110143
957 8.1430109135
958 8.0852616421
959 8.84142000826
960 8.71184862912
961 11.7188182144
962 11.5526791146
963 12.1719419837
964 12.8975476865
965 11.9584162097
966 11.896279651
967 12.2963294272
968 12.3704931769
969 8.90353133511
970 8.80106484726
971 9.1535141619
972 9.39706329787
973 9.91805357169
974 13.1608771245
975 9.34709386711
976 9.25167659504
977 8.59002361373
978 9.15927172961
979 8.79636882463
980 8.68893489418
981 9.51882442892
982 9.36114337974
983 9.33957105548
984 9.55492895955
985 9.83858964489
986 10.1424157716
987 10.0952112081
988 10.2381283238
989 13.8942352359
990 13.7079447341
991 13.174251024
992 13.666205249
993 13.2358116562
994 13.5482448076
995 13.0744765041
996 13.4118560608
997 13.3703779904
998 12.5863225333
999 12.6291876971
