0 0.0
1 -0.0537355175881
2 0.0735142944944
3 -0.0760929678834
4 -0.498646773131
5 -0.226643303854
6 0.196680199117
7 -0.145275460965
8 -0.0389873624805
9 0.135117455068
10 0.0699707329335
11 -0.285329565846
12 -0.267140056142
13 -0.185857528307
14 -0.400374718031
15 -0.195752693777
16 -0.0777681690339
17 0.150659448144
18 -0.253961332593
19 -0.387286645663
20 -0.216690765817
21 -0.0710328069449
22 -0.105544539215
23 -0.0648557748261
24 0.0382242909853
25 -0.028879483834
26 0.147926781509
27 0.100240593867
28 0.0270664414185
29 0.102829744472
30 0.175430028779
31 0.0577884826859
32 0.0349787479002
33 -0.128970494937
34 -0.0437593698649
35 -0.105434930996
36 0.256675356769
37 -0.0866286442653
38 0.0984599486542
39 0.051818081372
40 0.0731963109098
41 0.190581023921
42 -0.0631576273018
43 0.087382183363
44 0.253236427139
45 -0.0733389312103
46 0.00591756986327
47 0.498042726956
48 0.246711503969
49 0.0178211353118
50 0.118967979156
51 -0.0498494425543
52 -0.0296559210959
53 -0.199003706031
54 0.000616970969407
55 -0.00920113743122
56 0.224478997467
57 -0.00395913805312
58 0.00841710005035
59 0.0767667592173
60 -0.0071995950153
61 -0.0361326766111
62 0.0354686902092
63 -0.0375984896955
64 0.0740532714726
65 0.118269751291
66 0.134362924006
67 0.315891690449
68 0.430175745571
69 0.232166092405
70 0.15515224043
71 0.364643297641
72 0.223835474899
73 0.568848693097
74 0.433037419253
75 0.412676704184
76 0.290837096706
77 0.443963256883
78 0.550945552098
79 0.257615690852
80 0.382922387129
81 0.529972946963
82 0.462902582707
83 0.368791377789
84 0.398513493968
85 0.263541623607
86 0.618203898177
87 0.486595004391
88 0.244661008807
89 0.436015642421
90 0.455037727513
91 0.374319596564
92 0.442465148107
93 0.39109309437
94 0.198427627397
95 0.453033087114
96 0.342439764847
97 0.232063667447
98 0.411367734871
99 0.228033331583
100 0.0112155427269
101 0.250135085028
102 0.536319950859
103 0.440361127154
104 0.543121854957
105 0.546793735193
106 0.599667107716
107 0.422319224617
108 0.642128778831
109 0.620828855701
110 0.626860074757
111 0.485818513645
112 0.679127824344
113 0.447173168516
114 0.777600600848
115 0.499774280587
116 0.77119403611
117 0.600146706704
118 0.81557602218
119 0.559456295546
120 0.499702472457
121 0.160258728058
122 0.709606809402
123 0.684733262906
124 0.409255436443
125 0.172196229043
126 0.450895058877
127 0.456737003859
128 0.397928244758
129 0.670428070765
130 0.477084636926
131 0.636585233922
132 0.393251205382
133 0.182327355721
134 0.509179368665
135 0.69321167113
136 0.399636096423
137 0.606138175154
138 0.250049152406
139 0.22370100226
140 0.401011060905
141 0.230480113139
142 0.650858473681
143 0.578291414382
144 0.629314345481
145 0.854030077717
146 0.686486865491
147 0.631509528732
148 0.406858578866
149 0.620810961247
150 0.906517930112
151 0.515534530536
152 0.5818013506
153 0.604110750254
154 0.455887971004
155 0.660843846867
156 0.337368311699
157 0.491381927871
158 0.465637535919
159 0.648650857693
160 0.65946225186
161 0.57884852233
162 0.600499699493
163 0.649930279713
164 0.555731325275
165 0.389833967364
166 0.711375469628
167 0.724909038036
168 0.855376261047
169 0.70913959058
170 0.543872855367
171 0.594291185131
172 0.587598712748
173 0.799543297554
174 0.75463774947
175 0.760753081899
176 0.536878581137
177 0.758533065312
178 0.654432880943
179 0.808948344157
180 0.277174623586
181 0.421697154443
182 0.544489440314
183 0.423639602517
184 0.30709474088
185 0.658538409428
186 0.656788116261
187 0.474669079566
188 0.314926897123
189 0.370722880499
190 0.507792989618
191 0.497243019996
192 0.578992352859
193 0.52717994367
194 0.816952454098
195 0.6499005383
196 0.648862957768
197 0.570652231901
198 0.554433706746
199 0.444882814201
200 0.58262724536
201 0.679411811071
202 0.604501959918
203 0.558025781979
204 0.518012459822
205 0.405764899432
206 0.652371574205
207 0.365018319557
208 0.597808933118
209 0.396722746368
210 0.684100993835
211 0.644743234409
212 0.651442377555
213 0.492147761863
214 0.785177263641
215 0.516852056238
216 0.57903840389
217 0.782594205075
218 0.444261292201
219 0.396781591486
220 0.497737489273
221 0.292670824877
222 0.329936298147
223 0.459463219818
224 0.572195642745
225 0.378126730598
226 0.665853658077
227 0.583067300038
228 0.469918609527
229 0.634820552779
230 0.785973251017
231 0.760285065415
232 0.671558872501
233 0.692661004303
234 0.174737778408
235 0.250183201601
236 0.317342108908
237 0.309369324128
238 0.313701976626
239 0.347703647198
240 0.21686281444
241 0.3823334942
242 0.315041695874
243 0.470334983063
244 0.530856519162
245 0.297670236621
246 0.396297740205
247 0.455886173861
248 0.100020540205
249 0.231014542749
250 0.0825988537729
251 0.185845318746
252 0.0557829098621
253 0.132110116464
254 0.219665794347
255 0.279664761402
256 0.121611097391
257 0.147073980357
258 -0.155638426437
259 0.447639963667
260 0.472135649253
261 0.365264867042
262 0.287047547519
263 0.11249163148
264 -0.173679691057
265 0.119817028155
266 0.179208928962
267 0.387818345709
268 0.334819202693
269 0.608277574847
270 0.530509475576
271 0.464389990749
272 0.431983800116
273 0.69324965564
274 0.240494952729
275 0.583330886121
276 0.501473086202
277 0.389448955083
278 0.635876126665
279 0.453194774502
280 0.447562055506
281 0.479401420498
282 0.255736015044
283 0.356986851124
284 0.418603814996
285 0.331415145276
286 0.381705919324
287 0.110505009183
288 0.174378487246
289 0.494975451733
290 0.419362052911
291 0.25981843689
292 0.321184580934
293 0.167493960941
294 0.247543104076
295 0.108777821559
296 0.0645485590328
297 0.0555722933724
298 0.0889860809672
299 0.0933086964616
300 0.151736729163
301 0.0907414972857
302 0.132845979853
303 -0.0849607753225
304 0.353649123425
305 0.29212130876
306 0.344152659548
307 0.269574608334
308 0.396973830606
309 0.301337192723
310 0.296433661996
311 0.472351298059
312 0.248246159921
313 0.306096596834
314 0.114135330296
315 0.412675913356
316 0.315859691612
317 0.352787186561
318 0.443020748224
319 0.465377645885
320 0.461649416707
321 0.349139822627
322 0.422330782506
323 0.536010060145
324 0.640794979807
325 0.394174994007
326 0.583909054733
327 0.346015778447
328 0.369324609475
329 0.334910983055
330 0.420779736754
331 0.18638822746
332 0.711056911607
333 0.544477701631
334 0.0647161479131
335 0.367728853262
336 0.345482973489
337 0.609713913411
338 0.770024131956
339 0.538928653681
340 0.481771466365
341 0.396746757254
342 0.336739897322
343 0.772719663685
344 0.904558409848
345 1.13832962173
346 1.28242180317
347 1.34718488046
348 1.49787321596
349 1.49993160429
350 1.38506043658
351 1.57692994327
352 2.02887010249
353 1.68856765269
354 1.87188447409
355 1.67522374683
356 1.37418169873
357 1.88990446475
358 1.96484112116
359 2.20558619457
360 2.0268774992
361 2.22013909583
362 2.46800056646
363 2.33841179716
364 2.05060028128
365 2.37172811926
366 2.37750596832
367 2.3629609641
368 2.61254611819
369 2.58140462948
370 2.79559104035
371 3.15743468335
372 3.05090078002
373 2.64980570095
374 3.33248882459
375 3.2221365856
376 2.96085595397
377 3.01534307631
378 2.95020339735
379 2.63313225443
380 2.04679492662
381 2.64767592674
382 2.73640386425
383 2.87196483226
384 3.19289886344
385 2.99790175388
386 2.9262790384
387 2.53368295426
388 2.37879930701
389 2.55172314885
390 2.70827994331
391 2.27740032151
392 2.17314003475
393 2.40617798296
394 2.60165869768
395 2.35619856432
396 2.38092157111
397 2.52809696416
398 2.51144963319
399 2.32194514687
400 2.29294992886
401 2.18977124171
402 2.50828209727
403 2.5119403121
404 2.30068865783
405 2.65699717426
406 2.47751036144
407 2.66854817841
408 2.94562503475
409 2.40535110891
410 2.71460068723
411 2.52455551043
412 2.62762655114
413 3.02411461097
414 2.85350787549
415 2.75625242416
416 2.32035359371
417 2.06442327764
418 1.84660493128
419 1.70671770628
420 1.26484113588
421 1.41980832481
422 1.59668878507
423 1.94405381582
424 1.83588819695
425 2.02780247289
426 2.26111655071
427 2.15342835601
428 2.15129066382
429 1.88867604613
430 1.27625251572
431 1.36907086073
432 1.50345291465
433 1.6200600332
434 1.6769058648
435 1.59520232535
436 2.18206890039
437 2.0971018379
438 1.72854730205
439 1.74775186906
440 1.85693906107
441 1.94923393975
442 2.05971013145
443 1.81437411966
444 1.53761545724
445 1.75783126991
446 1.83311317899
447 2.21104718227
448 2.00966426893
449 2.39589245176
450 2.39253856087
451 2.46293279232
452 2.42210297986
453 2.33850467047
454 2.44815325395
455 2.57497808391
456 2.70654037999
457 2.55345773038
458 2.90747667344
459 3.15830984846
460 3.40245060107
461 3.18470736996
462 3.00499973116
463 2.84918571259
464 3.10751931005
465 2.89258818851
466 3.58455841267
467 3.27557254766
468 3.33852457317
469 3.41591030336
470 3.40458301436
471 3.10355075451
472 3.20472945167
473 3.62539290493
474 2.60699789568
475 2.72480482266
476 2.41330882961
477 2.21178956593
478 2.63273879155
479 2.68072848997
480 2.79097334029
481 2.86701397661
482 2.86792908884
483 2.50521483463
484 2.53283284292
485 2.45288338608
486 2.50379990232
487 2.44097648636
488 2.22603211427
489 2.07556071115
490 2.41428802184
491 2.47251431444
492 2.72814882294
493 3.18336511817
494 2.47083835317
495 2.48753517574
496 2.2618893567
497 2.34716896297
498 2.20189458245
499 2.33316138737
500 2.40901354403
501 2.52875988154
502 2.63511636195
503 2.46499395216
504 2.52362678463
505 2.38921041255
506 2.28668790463
507 2.78232078263
508 2.77069588302
509 2.93459681768
510 2.7256421094
511 2.59726494991
512 2.57060226494
513 2.62425476515
514 2.49442769494
515 2.77335722682
516 3.08046716514
517 2.70453222163
518 3.43900814426
519 3.33685890461
520 2.99731980435
521 2.91077972563
522 3.09653317001
523 3.01621017915
524 2.89592721575
525 2.92261839127
526 2.69558496334
527 2.67135008011
528 2.69295522411
529 2.90700065743
530 2.95994245119
531 3.01757529158
532 2.9979192859
533 3.03661796274
534 3.21070787048
535 3.31439376201
536 3.4182631919
537 3.09680641781
538 3.16859414913
539 2.97026940728
540 3.53370783486
541 3.09152700388
542 3.04861824582
543 2.86036414218
544 2.94351466475
545 2.41322763254
546 2.83834382381
547 2.83191775271
548 2.53762613419
549 2.49577474553
550 2.37865851047
551 3.09443728271
552 3.03429878165
553 3.36809994943
554 3.34499688154
555 3.23700786281
556 3.23531540489
557 3.02188507092
558 3.04594703365
559 3.47400952246
560 2.87350467908
561 3.10651543305
562 2.98044493128
563 2.98169884836
564 3.13771878106
565 2.94371250164
566 2.99011682356
567 2.76250043117
568 2.63004763028
569 3.23783409005
570 3.24918444453
571 2.82265404367
572 2.45490939357
573 2.37932085712
574 2.71258010423
575 2.88101553051
576 2.76161305353
577 3.14719518432
578 3.28624883935
579 3.37188283047
580 3.1902898896
581 3.3384494444
582 2.91419954694
583 2.9746622734
584 2.75763065261
585 2.82273463287
586 3.26139939671
587 3.29601915531
588 3.42839857554
589 3.22224468917
590 3.09977825389
591 3.12063297525
592 3.1811704699
593 3.25984978007
594 3.49033304678
595 3.27893428343
596 3.41725839796
597 3.33551780395
598 3.52814836896
599 3.64278274071
600 3.31568656023
601 3.00896764905
602 3.5820855982
603 3.56113533375
604 3.62226675908
605 3.83070740687
606 3.365077211
607 3.47741590775
608 3.29197471824
609 3.29741002623
610 3.16913046696
611 3.23028258017
612 3.6415069418
613 3.59648029714
614 3.42820170373
615 3.6186240944
616 3.18983532821
617 3.30946086213
618 3.70009152325
619 3.42398831536
620 3.81927243565
621 3.64629574532
622 3.72138986134
623 3.62854547561
624 3.48320342494
625 3.54634659146
626 3.64990038265
627 3.62100411618
628 3.21014934989
629 3.41620713449
630 4.43024421647
631 4.21934905719
632 3.75946218202
633 3.62639074133
634 3.44783202233
635 3.55667987742
636 3.2522977673
637 3.20048887934
638 3.22015555856
639 3.50266336202
640 3.49852534234
641 3.81665695957
642 3.67041595496
643 3.38561991549
644 3.42592540219
645 3.44364443122
646 3.44312225137
647 3.25188793681
648 3.10656868124
649 3.50178187303
650 3.16634520138
651 3.24355677333
652 3.19657918517
653 2.97821439583
654 3.01535397607
655 3.15585900862
656 3.03783809701
657 3.09083839416
658 3.10594229217
659 3.35063206027
660 3.36925908904
661 3.36767397419
662 3.4906011355
663 3.39765329313
664 2.81033850704
665 2.70654157823
666 2.51818818849
667 3.13425483489
668 2.84636700428
669 2.80846164883
670 2.62582168512
671 2.47536533559
672 2.72330005911
673 2.94014265133
674 3.27064150082
675 3.09452580586
676 3.09400577192
677 3.33635553204
678 3.11472335452
679 3.60017077984
680 3.27752450989
681 3.1173935558
682 3.15139207796
683 3.52173725235
684 3.67237022661
685 3.65526408822
686 3.61382721722
687 3.99619481924
688 3.70581723509
689 3.9750471661
690 3.72692338324
691 3.89772944968
692 3.95213223561
693 3.93225780338
694 3.84878992089
695 4.0271324832
696 3.67193349102
697 4.01475016145
698 3.8843143862
699 4.17503539412
700 4.35886776706
701 4.25904653888
702 4.27648014297
703 4.24683292937
704 3.82319660563
705 3.34702033283
706 4.19579523578
707 4.47137771458
708 4.20716552507
709 4.45649998553
710 4.43647891655
711 4.49930431779
712 4.41782030975
713 4.40052609506
714 4.42618116721
715 4.14047834456
716 4.07718701797
717 4.04980387404
718 4.02126719102
719 4.39247045065
720 3.91595173356
721 4.2547796162
722 4.13592960004
723 4.06396453315
724 3.92138768876
725 3.85941410241
726 4.51196542098
727 4.49865394165
728 4.35910493799
729 4.19383117425
730 4.1785865125
731 4.4000053745
732 3.74553053491
733 4.09004245263
734 3.92002415524
735 4.02140830579
736 3.96565835933
737 4.08250348899
738 4.13197222592
739 3.65283446568
740 3.90301533638
741 4.19476128259
742 4.05909475577
743 4.1427398325
744 4.45087688286
745 3.88139959573
746 4.47614463706
747 4.16088103206
748 4.24349896752
749 4.38241877716
750 3.81174982617
751 3.7892464993
752 3.98296058915
753 4.20507098639
754 4.36324760296
755 4.2930127456
756 4.04892728192
757 3.94486002424
758 3.99264205879
759 4.06914406634
760 3.95565665146
761 4.27358702942
762 4.33777423794
763 4.55968335369
764 3.8730142149
765 3.6464013161
766 4.06925486745
767 3.99986174274
768 4.14124473257
769 3.55192901903
770 3.74343984036
771 3.79293398064
772 4.10843689514
773 3.36672159543
774 4.21924441629
775 4.21759524738
776 3.79165141215
777 4.02549674735
778 4.12879206705
779 3.98305908334
780 3.99772949498
781 4.1847245172
782 4.25828348168
783 4.23377916598
784 4.12317496219
785 4.13253057078
786 4.01698182716
787 4.24913230749
788 4.22119236413
789 4.2218542846
790 4.3537313226
791 4.35748241836
792 4.3812293256
793 4.08957362975
794 3.99943512558
795 4.04777586321
796 4.01491307621
797 4.46813309923
798 3.64585840924
799 3.70561150712
800 3.82806185785
801 4.09303904306
802 4.11684840043
803 4.48711148304
804 4.28864226395
805 4.5968455988
806 4.65965914271
807 4.31407884457
808 4.74359193216
809 4.34281813094
810 4.38634020123
811 4.51291258838
812 4.19510530961
813 4.41183946515
814 4.72960256402
815 4.48848527704
816 4.81928893163
817 4.41239406469
818 4.47745162073
819 4.28232486719
820 4.53056315541
821 4.56521421802
822 4.64694930182
823 4.52130331688
824 4.53116619745
825 4.47586015544
826 4.76713445569
827 4.66487327806
828 4.41583129985
829 4.58725758999
830 4.32478825215
831 3.76829429025
832 3.9494475075
833 4.03131035984
834 3.95894923708
835 3.79242556429
836 4.24438782863
837 4.16803744177
838 4.34209723213
839 4.67686782681
840 4.7962941479
841 4.79313432656
842 4.80244799493
843 4.57082653984
844 4.13291783212
845 4.22585010772
846 4.38992981841
847 4.53767519635
848 4.46410910066
849 4.41674393412
850 4.11857612547
851 4.5962057738
852 4.17089879324
853 4.2491393631
854 4.16646665287
855 3.92477328659
856 3.967997248
857 4.55236369504
858 4.69468501814
859 4.80973009875
860 4.40591668077
861 4.57706715284
862 4.32714757088
863 4.62143969211
864 4.57520023546
865 4.82741310589
866 4.64471159785
867 4.86907693079
868 4.93895373485
869 4.8397634627
870 4.98827712431
871 4.83913986291
872 5.03152337421
873 5.338318935
874 5.16572445269
875 5.30395737715
876 5.12541065125
877 4.55568939865
878 5.28722113728
879 4.94407070574
880 5.14699397872
881 4.84087374611
882 4.69942971387
883 4.47700513753
884 4.83031945643
885 4.63771662853
886 4.25991774089
887 3.96266782449
888 4.37979245397
889 4.29619028241
890 4.46544243748
891 4.90986425055
892 4.85760346918
893 4.41936128336
894 4.95132558181
895 5.07329090845
896 4.93487325662
897 4.97919603445
898 5.12892583751
899 5.0009699814
900 4.57286058646
901 4.49402016091
902 4.5945674915
903 4.39471470344
904 4.71925085195
905 4.36813227906
906 4.52886764045
907 4.31511559839
908 4.20493829226
909 4.43447155309
910 4.56961434928
911 4.51356783918
912 4.62074822586
913 4.87525226594
914 4.77885736498
915 4.5903615603
916 4.20985639999
917 4.17412765533
918 4.63439329981
919 4.11700228916
920 4.18641341956
921 4.7595327262
922 4.50801865846
923 4.10227235169
924 4.40049414738
925 4.03531647139
926 4.89139878299
927 4.65094333303
928 4.57469345733
929 4.62908514288
930 4.8484836223
931 5.01544514927
932 4.77295116302
933 4.8825529363
934 5.05480069952
935 4.72055478423
936 4.81877901671
937 4.84537882821
938 5.11586916784
939 4.92450863799
940 4.4693112533
941 4.48533276681
942 4.65526613329
943 4.73961462242
944 4.54004339199
945 4.64955515176
946 4.61260292345
947 4.57882993816
948 4.57294082395
949 4.6550812379
950 4.52766153836
951 4.67431281538
952 4.77858363987
953 4.57983791861
954 4.46852765414
955 4.63040590345
956 4.71146131668
957 4.71235820346
958 4.54838605393
959 4.44475190469
960 4.50665597603
961 4.6258427747
962 4.32391569784
963 4.87865026136
964 4.97075932069
965 5.19477506926
966 4.85342446946
967 5.05329811377
968 5.05719075406
969 4.49722794281
970 4.84678236808
971 4.60150319501
972 4.75578816554
973 4.92658156328
974 4.99488147159
975 4.93949692009
976 4.92843787809
977 4.88965911517
978 4.71050238062
979 4.5750823644
980 4.6147971871
981 4.70658111611
982 4.79652208679
983 4.54593609731
984 4.05353420732
985 4.27002388982
986 4.40186708904
987 4.18362566312
988 4.52452544298
989 4.31856965503
990 4.29988976319
991 4.39959284936
992 4.27927183238
993 4.46762861811
994 3.96215130084
995 4.52196307649
996 4.27535919627
997 4.11140528372
998 4.18555750601
999 4.42504445463
