0 0.0
1 -0.455471974543
2 0.0967774802964
3 0.0102683047395
4 -0.164311964752
5 -0.220227357613
6 -0.279759112943
7 0.118962416276
8 0.00901078918393
9 0.0732761987724
10 -0.152114609497
11 -0.236336942824
12 -0.055731764586
13 -0.193112252661
14 -0.188520930782
15 -0.280446756623
16 -0.316323908882
17 0.145576774797
18 0.353815268314
19 0.289961200106
20 0.459375116897
21 0.233455456627
22 0.488540765495
23 0.512514255444
24 0.493288815152
25 0.491997287253
26 0.325765253391
27 0.550616950102
28 0.525580972937
29 0.30895466451
30 0.397445848504
31 0.562182113482
32 0.381631459937
33 0.478693042619
34 0.489579552474
35 0.463333984427
36 0.819920053212
37 0.550344266384
38 0.439867573656
39 0.160154479419
40 0.260185482061
41 0.162017723687
42 0.376743377647
43 0.250499627991
44 0.441817572778
45 0.431318498973
46 0.329108443804
47 0.109492491477
48 0.369665256429
49 0.201421568738
50 0.389619118248
51 0.566309099271
52 0.534849669301
53 0.543823381443
54 0.52782326616
55 0.69852665001
56 0.669488796231
57 0.608303010393
58 0.590972003441
59 0.757168617884
60 0.634487487185
61 0.81622280461
62 0.617885374223
63 0.841442335513
64 0.59661990169
65 0.733433452497
66 0.507619233977
67 0.516546055551
68 0.526525668363
69 0.725470555243
70 0.648020985382
71 0.562029411308
72 0.978778038615
73 0.886014297136
74 0.980384199977
75 0.714471905406
76 0.72331457664
77 0.927156938797
78 0.606772934641
79 0.46038261188
80 0.441511574887
81 0.505884645378
82 0.635962967933
83 0.360388410126
84 0.333886988649
85 0.357273737299
86 0.355609490684
87 0.343923753049
88 0.703790606541
89 0.575598853239
90 0.563145646507
91 0.523136366168
92 0.773551475424
93 0.621644219753
94 0.626637270573
95 0.633915153203
96 0.763449040232
97 0.698448786226
98 0.786201072526
99 0.42628783188
100 0.568239282624
101 0.271560594828
102 0.579321884271
103 0.706195286761
104 0.840779118219
105 0.837928553278
106 0.967754960379
107 0.937189883588
108 0.927335053298
109 0.624872116068
110 0.515431297394
111 0.881137391155
112 0.597044580372
113 0.914180309966
114 0.878274041501
115 0.640141111238
116 0.619644381163
117 0.610365340066
118 0.409071891998
119 0.623461996933
120 0.798326028622
121 0.876657688487
122 0.755627647172
123 0.618266684813
124 0.709650192298
125 0.789556511023
126 0.686526256864
127 0.706217356894
128 0.721833622045
129 0.49529904068
130 0.622475778241
131 0.653928940517
132 0.71083972648
133 0.793819717937
134 0.621223602693
135 0.769562309161
136 0.9319518535
137 0.80822088925
138 1.05706531497
139 0.888998798779
140 0.935047509594
141 0.773257345464
142 0.924140476001
143 0.790309619572
144 0.582952009601
145 0.742789583916
146 0.904651581968
147 0.66130980221
148 1.13074584355
149 0.532474305986
150 0.759040417658
151 0.992004040081
152 1.02588018175
153 0.943604067893
154 1.1023275873
155 1.19039719466
156 1.13661799522
157 1.15811711685
158 1.02705393544
159 1.03054948105
160 1.16778875517
161 1.26835381803
162 1.21970114904
163 1.26456593671
164 1.2047967907
165 1.28252456617
166 1.495149656
167 1.27631802731
168 1.22065942424
169 1.24547025349
170 1.11846265599
171 1.23194131955
172 1.14739490659
173 1.17265350071
174 1.10533475227
175 1.04328476947
176 0.784181841609
177 0.957608636044
178 1.02621963285
179 1.17487455504
180 1.11616608328
181 0.972034797254
182 0.959381271939
183 1.09602293166
184 1.32979483514
185 1.30886932664
186 1.15211013055
187 1.15798313695
188 1.05256417975
189 1.1383480476
190 1.12987891834
191 1.08731353813
192 0.89153697017
193 0.916724623411
194 1.05521060554
195 1.00549466561
196 1.12000154512
197 1.13977123339
198 1.19359965443
199 1.21223904303
200 1.30956546179
201 1.18462464447
202 1.33252645676
203 1.05598535657
204 1.16326664142
205 1.12169545932
206 1.13319521631
207 1.48244101772
208 1.12845043564
209 1.05438656994
210 1.13973715682
211 0.772224006008
212 0.943715687435
213 1.06155437537
214 1.14469343247
215 1.04576102371
216 0.889923669584
217 0.928782216231
218 0.980904597535
219 0.903162079754
220 0.720558907955
221 1.06468772648
222 1.13748977177
223 0.777479090234
224 1.13691710053
225 1.46214420887
226 1.19628634037
227 1.04247034217
228 1.25976606616
229 1.317477481
230 1.12049571719
231 1.18930292451
232 1.4322679058
233 1.39530625213
234 1.38933413037
235 1.21221644398
236 1.02072920577
237 1.25412098357
238 1.76563589587
239 1.3482676813
240 1.68970519126
241 1.79741768875
242 2.00890364097
243 2.15082139741
244 2.10133699621
245 1.82048520271
246 1.85735842961
247 1.65145029346
248 1.84499820326
249 2.14430630864
250 1.5418265017
251 1.88818220295
252 2.041909991
253 1.87313560771
254 1.8460555771
255 1.72724466909
256 2.0969196566
257 2.42500985872
258 2.35647135227
259 2.48930415617
260 2.57946553204
261 2.55305786022
262 2.45906335569
263 2.66779190029
264 3.05684728487
265 2.95253559673
266 2.78624258631
267 2.71951688472
268 2.43650210052
269 2.12928587889
270 2.54704309372
271 2.86729960864
272 2.65406327985
273 2.28884398502
274 2.53719214845
275 2.69857539529
276 2.55716995567
277 2.4161525404
278 2.63803454074
279 2.88494790476
280 2.89424716246
281 3.0906961788
282 2.74942210169
283 2.47050656537
284 2.61484905071
285 2.64758275958
286 2.98855883896
287 3.5727771905
288 3.40747505549
289 3.65112477112
290 3.12953653141
291 3.41598029997
292 3.01263738162
293 3.55323830714
294 3.21088697806
295 3.35116374337
296 3.32665851118
297 4.11934304443
298 4.12548417382
299 3.65137585043
300 3.36966627794
301 3.08844154245
302 2.66890380876
303 3.01463043689
304 2.98513804184
305 3.23835454701
306 2.96218495688
307 2.85850431294
308 3.40687910973
309 3.0141906788
310 2.58742129463
311 2.78288327992
312 2.62749079938
313 2.44217003145
314 2.52806515997
315 2.63061682599
316 3.0530551571
317 2.78811006366
318 2.82119999424
319 2.70258654977
320 2.62261364233
321 2.77563879626
322 2.91892336533
323 2.8420211545
324 3.00200091085
325 2.88282720509
326 2.76347927488
327 2.93729969499
328 2.98683441193
329 3.07028345907
330 2.88367233449
331 2.9802981422
332 3.44339539598
333 3.23316198378
334 3.244408442
335 2.99297336305
336 3.12755323251
337 3.60463084953
338 4.0495179288
339 3.03009913016
340 2.98962482311
341 3.30760191373
342 3.50517569096
343 3.40289261729
344 3.53448573438
345 3.52812585256
346 3.38336265843
347 3.83879802242
348 3.40250119002
349 3.6937432561
350 3.53841333095
351 3.47286566062
352 3.49752217254
353 2.91445076691
354 2.94345649139
355 2.80489751376
356 2.67194130346
357 2.54691897509
358 2.65214488818
359 2.89218858666
360 2.54025557028
361 3.29964206379
362 3.27101865815
363 3.32367214919
364 3.28156757399
365 2.94530505946
366 3.01769905435
367 2.89993985773
368 2.65936975942
369 2.99300099344
370 2.87588284959
371 2.38048551341
372 2.37889564553
373 2.0252496813
374 2.43757601796
375 2.62960518775
376 2.98074426147
377 3.05392357897
378 3.29812924821
379 3.09025270044
380 2.94173997458
381 2.80762825837
382 2.25342088956
383 2.53925049353
384 2.62786860287
385 3.0265306402
386 2.77922573297
387 2.68055346716
388 3.21595547105
389 3.00847460573
390 3.09373476434
391 3.62594045873
392 3.27300255006
393 2.72956613032
394 2.36781654445
395 2.65166839153
396 3.4448171919
397 3.39325193362
398 3.13401277566
399 3.04646419335
400 3.10858182535
401 2.81772614181
402 3.40770546091
403 3.15653987272
404 3.1477013894
405 2.78259861611
406 2.57151930021
407 2.61537478744
408 2.7811884655
409 3.09793866569
410 2.85474835849
411 2.81399243985
412 3.33327552399
413 3.27782425143
414 2.8482169103
415 2.35951886117
416 2.92912139893
417 2.69199389219
418 3.17039894328
419 3.08182953853
420 3.05195072535
421 3.33606362656
422 3.15763612981
423 3.0397288798
424 3.23196817902
425 3.21608412667
426 3.50160463537
427 3.30509883366
428 3.15161510179
429 3.49648741667
430 3.33968724769
431 3.04630697504
432 3.22970413746
433 2.98341994983
434 2.99895881353
435 2.989223334
436 2.76182024632
437 3.02268742835
438 3.07073851525
439 2.74931712246
440 2.59888493622
441 3.28078722245
442 3.02062109464
443 3.03179824919
444 3.13282908162
445 3.56442729557
446 3.46556513359
447 3.67495638634
448 4.02307411959
449 3.96997961737
450 3.65400928143
451 3.66832313447
452 2.78639629756
453 2.88438496971
454 2.98618500208
455 3.2805460763
456 3.37898497617
457 3.4743153195
458 3.17522742976
459 3.14581479137
460 3.60720827632
461 3.43403522802
462 4.07894057173
463 4.07174710727
464 3.83696549267
465 3.52730991488
466 4.12451268652
467 4.08590275908
468 3.73676095097
469 3.8029302311
470 3.74278028292
471 3.74583713153
472 3.77843600004
473 3.84588917945
474 4.11621456484
475 3.63828089647
476 3.73604778308
477 3.77246407386
478 4.2825081361
479 4.50097309825
480 4.87344412205
481 4.73451181183
482 4.57681373908
483 4.01985803247
484 3.80645471181
485 3.67387100354
486 3.72043685069
487 4.35877372115
488 4.276567263
489 4.32986651212
490 4.21064244255
491 3.86504489843
492 3.54305294925
493 3.54698361996
494 3.69064897885
495 3.67030144476
496 3.57446503812
497 3.43648016456
498 3.34916400602
499 3.74127824695
500 3.43240314512
501 3.40357569743
502 3.68279116059
503 3.66320898605
504 4.12203349672
505 4.17427022284
506 4.20370546945
507 4.50942283226
508 4.20689554744
509 4.68899099007
510 4.87577770471
511 4.08894973711
512 4.08076418111
513 4.14729809997
514 4.14956839222
515 3.77306021145
516 4.16065057974
517 4.44361688688
518 4.74940408566
519 4.9828949815
520 4.24273506307
521 3.90585906714
522 4.35586551923
523 4.61632742801
524 4.08540636805
525 4.0922118211
526 4.43419313543
527 4.29924820631
528 4.01291390331
529 3.61012629148
530 4.02503894126
531 4.33953890441
532 4.21034549634
533 3.84275823017
534 4.28995548456
535 3.80133075189
536 4.03809595679
537 4.34703213409
538 4.30272469405
539 4.64109057062
540 4.49174009778
541 4.75432218891
542 4.09962606816
543 4.24005677743
544 4.20840182748
545 4.51649220192
546 4.43885009663
547 4.34817516549
548 4.28415149807
549 4.5495067056
550 4.20540340111
551 4.37598170184
552 4.38921114474
553 4.75653133544
554 4.75192066809
555 4.65510598697
556 4.28424269605
557 4.52876773446
558 4.85168739492
559 4.80013982617
560 5.01938485324
561 5.07142741167
562 4.62056144595
563 5.11806136176
564 4.89886404871
565 4.90472412608
566 4.89869512729
567 4.82664507594
568 4.6308952689
569 4.6706377592
570 4.43436950789
571 5.0376214273
572 4.35484149279
573 4.80086341597
574 4.60669777007
575 4.55339659399
576 4.5793369033
577 4.59879634961
578 4.22391975915
579 4.07310081903
580 4.28565010107
581 4.12961527657
582 4.31618821778
583 4.54388697918
584 4.63957615332
585 4.70094427474
586 4.5575726236
587 4.34817019805
588 4.24462882051
589 4.49697146783
590 4.76255849226
591 4.23681574088
592 4.41827725813
593 4.68937597994
594 4.74570121718
595 4.70772354367
596 4.7931476734
597 5.02106712485
598 5.01655563317
599 5.19386847802
600 5.2604480533
601 5.69414331142
602 5.59323932439
603 5.28514351631
604 5.03879445042
605 5.17499519606
606 4.89870062515
607 5.47921085334
608 5.14922667042
609 5.54133253003
610 5.92350710114
611 5.58356686732
612 5.36174408198
613 5.45067566269
614 5.3280741518
615 5.53699593276
616 5.77366561784
617 5.8736902151
618 6.09411207842
619 5.96128742894
620 5.50667149441
621 5.73691628979
622 5.78124801921
623 5.67216929018
624 5.5333630903
625 5.32668593683
626 5.33297680702
627 5.40418529937
628 5.4761188062
629 5.08466568649
630 5.36490236956
631 5.14260946596
632 5.52976943958
633 5.84990303244
634 6.06665907184
635 5.99709429773
636 6.75261220132
637 6.8364555833
638 6.61022396304
639 6.54432442134
640 6.68910182566
641 6.68006200587
642 6.72672064082
643 7.0492911734
644 6.88323071801
645 7.19934279033
646 6.87960614845
647 6.87246663358
648 7.49566250062
649 7.14789000117
650 7.60645978555
651 7.11476486746
652 7.30759428308
653 7.76543018307
654 7.31427091109
655 7.07808079891
656 7.2087335277
657 6.8107821095
658 6.74874233917
659 7.12078511857
660 7.43613479354
661 7.14828130413
662 6.64525857422
663 6.74380332543
664 7.15547104173
665 7.00196564771
666 7.47137493741
667 7.56554045144
668 7.45023035716
669 7.46980699837
670 7.40913171537
671 7.51348356659
672 7.44919250754
673 7.40619300284
674 7.67249566148
675 7.2534227016
676 7.62338094231
677 7.71537080488
678 8.05651106136
679 8.01822286
680 8.01991586269
681 7.95818338573
682 7.70403134093
683 7.94335147378
684 7.99650653938
685 7.70971494749
686 7.80914288172
687 7.79596616953
688 8.01415008847
689 8.42268161462
690 8.17465358366
691 8.27272129218
692 8.0151816815
693 8.17562049366
694 7.8254101558
695 7.92992061631
696 7.63932046686
697 7.62326417971
698 7.56739464611
699 7.81241577964
700 7.71968441083
701 7.4740763459
702 7.8511904367
703 8.17164050254
704 8.14806802296
705 8.04215651752
706 8.03951706254
707 8.48358407449
708 8.528769539
709 8.16695003627
710 8.1926999793
711 7.91220021825
712 8.08469451067
713 7.90197134534
714 7.96388226588
715 7.671935404
716 7.84315317648
717 8.0370155799
718 7.63371987594
719 8.05372501203
720 7.98280811396
721 8.48867615315
722 7.94960733859
723 8.10583175454
724 8.39735736323
725 8.27612838509
726 8.70306596892
727 8.95321050203
728 9.11428410781
729 9.22836958746
730 8.7959019035
731 8.7693403088
732 8.80884961542
733 8.73088351437
734 8.51160711811
735 8.4417988031
736 8.69015401764
737 8.92986381422
738 8.93581962636
739 8.67907239467
740 8.91968403749
741 9.00077854657
742 8.45126002891
743 8.71434994384
744 8.86387026951
745 9.04992267156
746 8.60507986717
747 8.55796809989
748 8.73452831166
749 8.54914231168
750 8.11865932381
751 8.05657721006
752 8.29307428974
753 8.27994608035
754 8.73138338111
755 8.83596459082
756 8.97432289215
757 8.64843275219
758 8.75244906006
759 8.80225224711
760 8.83046694279
761 9.02873289196
762 9.46370148645
763 9.28033501554
764 9.38303377238
765 9.40070784594
766 9.59707915437
767 9.43713640026
768 9.60749807293
769 9.54214473727
770 9.46452555345
771 9.77722323241
772 10.1560388019
773 9.87711867443
774 10.2367632007
775 10.0908509667
776 10.3515123371
777 10.4354158046
778 10.1991957907
779 10.2654046586
780 10.3970309469
781 10.6850927644
782 10.750359685
783 10.7154689992
784 11.0060643089
785 10.7566155484
786 10.4752674135
787 10.6370201537
788 10.8749978198
789 10.807302378
790 10.9901274906
791 10.8745524337
792 11.1689292851
793 10.5647683525
794 10.5695893045
795 10.9718102547
796 10.721250241
797 10.7283144202
798 10.996972634
799 11.0068181176
800 10.8011815833
801 11.001227074
802 10.9403688185
803 10.9489787507
804 10.6977686854
805 10.8359132268
806 11.0097904314
807 11.1118007069
808 11.0838630522
809 11.2223200284
810 10.9602045756
811 11.148849691
812 10.8723516658
813 10.8856142624
814 10.7850052684
815 11.1210039523
816 10.6435331596
817 10.5973182308
818 10.8772781683
819 10.8284468417
820 11.0603771149
821 10.8655043951
822 11.035505842
823 11.2022226931
824 11.5577178156
825 11.4947806046
826 11.5266409366
827 11.3054964523
828 11.6014540004
829 11.8001116569
830 11.9606396398
831 11.7480911603
832 12.0136594872
833 11.8781379233
834 12.5364791206
835 12.4226372728
836 11.9257033833
837 11.8943049106
838 11.5361087349
839 11.5387050087
840 11.6178649295
841 11.7954324772
842 11.752938698
843 11.6865799638
844 11.8395651091
845 11.9621361592
846 12.0631963486
847 12.0365740797
848 11.7241845107
849 11.7273032461
850 11.7194883743
851 12.1267901787
852 11.9072988535
853 11.9776314616
854 11.7895544862
855 11.8438511934
856 11.7626009051
857 12.2294136706
858 12.208282874
859 11.8222379322
860 12.09285814
861 12.1053592454
862 12.3721148613
863 12.2744762977
864 12.3681525621
865 12.2775350788
866 12.6609276291
867 12.2111858973
868 12.3749370289
869 12.4515577747
870 12.0592204472
871 12.4123727553
872 12.5551412389
873 12.1285136557
874 12.5822657158
875 12.6594756684
876 12.2749659462
877 12.0929081783
878 12.2375556585
879 11.8181151091
880 11.9521069754
881 11.5597468806
882 11.6512713112
883 11.7343960331
884 11.6497824969
885 11.4460845305
886 11.4396773341
887 11.8567088383
888 12.0510223034
889 12.0116342423
890 12.3216784015
891 12.2910952201
892 12.1266109742
893 11.9965520449
894 11.868314471
895 11.710178072
896 11.5158956679
897 11.8198594362
898 11.84316846
899 11.9548039122
900 12.284714259
901 12.1475492625
902 11.788340293
903 11.9382761894
904 12.2927027281
905 12.3508732322
906 11.8433485515
907 12.1178159327
908 11.5326580726
909 12.0382820358
910 11.8359767142
911 11.887905662
912 11.6163274382
913 12.4430111019
914 11.9540804563
915 11.7785462658
916 11.8140803024
917 12.03305742
918 11.9774807139
919 11.8544791806
920 12.1719812954
921 12.5320555977
922 12.7641088571
923 12.4916783
924 12.3215318734
925 12.5092004544
926 12.3149845162
927 12.3852525247
928 12.6974061056
929 12.4234831729
930 12.253169585
931 12.7196205984
932 12.2487013496
933 12.8624736353
934 13.1641096664
935 12.6444569744
936 12.847105441
937 12.9452483915
938 12.7989870556
939 12.910740892
940 12.964785172
941 13.0054960807
942 13.1791475253
943 12.8784943983
944 12.6415627135
945 12.255313829
946 12.4430037153
947 12.447567523
948 12.4788564119
949 12.4097732169
950 11.8926196196
951 12.3984901996
952 12.6116120949
953 12.6463009088
954 12.378266779
955 12.1565741488
956 12.5107310959
957 13.1739982197
958 13.236148989
959 13.3552544578
960 13.5840354704
961 13.5906193262
962 12.973138491
963 13.0471300134
964 13.1059171367
965 12.9463391291
966 13.2522360862
967 13.2831296556
968 12.9560619935
969 13.7333846382
970 13.5917452362
971 13.747773138
972 14.1183117265
973 14.0715538049
974 13.8925888399
975 13.9397474035
976 14.0088579834
977 13.8777162647
978 13.68529498
979 13.897133665
980 14.1166739424
981 13.5390573504
982 13.3371599118
983 12.9753592186
984 13.3045006345
985 13.1903092676
986 13.487427894
987 13.7558854945
988 13.3445137145
989 13.4412469377
990 13.313990757
991 13.2581687379
992 13.261661366
993 13.5646696866
994 13.5067845519
995 13.7111886134
996 13.5304679312
997 14.4364006671
998 14.6526199735
999 14.3497416626
