0 0.0
1 -0.220974861148
2 -0.0133077893303
3 -0.170975537754
4 -0.133533712178
5 0.224123850501
6 -0.210809301659
7 -0.0781646685661
8 -0.0305129852106
9 0.216305744163
10 -0.0358178356636
11 -0.0958688901529
12 0.054274403083
13 -0.261596366761
14 0.0628253025155
15 -0.110054299502
16 0.0682214151787
17 0.29007696237
18 0.0244011837089
19 0.183799948303
20 -0.141539182291
21 -0.0631262764356
22 0.0172740933197
23 -0.251842318331
24 -0.0766519566828
25 -0.486987779621
26 -0.222169753643
27 -0.088301877166
28 -0.242466252023
29 -0.199243635574
30 -0.280272306387
31 -0.134479831182
32 -0.220190111337
33 -0.27507840518
34 -0.193482808155
35 -0.221875353422
36 -0.196166008526
37 -0.0870871052327
38 0.220733115284
39 -0.0394947083523
40 0.237172201717
41 -0.178892934007
42 -0.0775545813984
43 0.0163663772197
44 -0.111701260604
45 0.105595859976
46 0.0151431399644
47 0.100103179843
48 -0.160354280818
49 0.29281321602
50 0.464979479452
51 0.1805441778
52 0.233455870841
53 0.0472471517789
54 0.1664638737
55 -0.0705295689951
56 0.026998160215
57 0.106416307501
58 0.219809903733
59 -0.231670234909
60 -0.26666690484
61 0.0210985536088
62 -0.071215985989
63 -0.151120481427
64 0.0724444263121
65 -0.154302321041
66 -0.47139845031
67 -0.113204554561
68 -0.212738328094
69 -0.108841223274
70 -0.110173476879
71 0.0502452908862
72 -0.361467956511
73 -0.1217908265
74 -0.0749231311568
75 -0.0379259289715
76 -0.111076566093
77 -0.0362658439361
78 0.0464673748211
79 -0.0128447317511
80 0.11476602994
81 -0.0173402685699
82 -0.345455644785
83 -0.452319753269
84 -0.269920337631
85 -0.186293650644
86 -0.120448720819
87 -0.265270145487
88 0.0680033137517
89 -0.0247309511235
90 -0.116205111432
91 0.0464952382251
92 0.0792170444136
93 0.0441657731393
94 0.180826969011
95 0.152382095367
96 0.0836426028247
97 -0.137844968341
98 0.200919629073
99 0.0693437907341
100 -0.099115471178
101 0.0290891648235
102 0.172101645671
103 -0.000236848344453
104 0.016243910359
105 -0.0648668372434
106 0.168820534357
107 0.133724341737
108 0.220947545713
109 -0.125624225792
110 -0.0655746237499
111 0.209724212849
112 0.329061755664
113 -0.0344221664398
114 -0.0937028099147
115 -0.00694412463558
116 -0.216252786832
117 -0.172875727801
118 -0.300404451724
119 -0.270810609816
120 0.00778223884811
121 0.161708256361
122 0.130295715387
123 -0.0188201433596
124 0.000466052250161
125 -0.399980829994
126 0.00849672669916
127 0.148516419334
128 0.171035270507
129 0.105367196209
130 0.00975627087228
131 0.151344137339
132 0.273672348427
133 0.303282210683
134 0.37905379656
135 0.125391530423
136 0.202379331432
137 0.0770185309594
138 0.116302829
139 0.222515870036
140 0.154890792545
141 -0.0712700294796
142 -0.0599478047912
143 0.0885808706806
144 -0.0832378705079
145 -0.238919343291
146 -0.0468058878068
147 -0.241669816687
148 -0.0372972004799
149 -0.0152273627362
150 -0.0732336194507
151 0.227053126236
152 -0.0748142539173
153 0.296200369367
154 0.225080968665
155 0.271523705954
156 0.0205519211836
157 0.332188267684
158 0.199300784897
159 0.240836278518
160 0.471905342773
161 0.375349574203
162 0.459525456055
163 0.110741021443
164 0.418798717002
165 0.220846604023
166 0.223403299905
167 0.20363718445
168 0.167802628391
169 0.345994147075
170 0.575535523065
171 0.390181141135
172 0.250702696272
173 0.325278202477
174 0.53912145897
175 0.3705092492
176 0.75827124351
177 0.535290799725
178 0.157957210066
179 0.184923901793
180 0.32664221092
181 0.369483749688
182 0.259196614919
183 0.398455489027
184 0.0205039603744
185 0.358376536569
186 0.386561353018
187 0.261291393574
188 0.177316155322
189 0.263147647329
190 0.350319129596
191 0.291740033368
192 0.392810124378
193 0.0393304285907
194 -0.286301718316
195 0.134608613563
196 0.0525888459867
197 0.122824407856
198 0.0343898996243
199 -0.0150859781282
200 -0.0234491259208
201 0.274632678421
202 0.0593516318472
203 0.320230018156
204 0.26535187835
205 0.189535597158
206 0.243406279016
207 0.412935832194
208 0.528438847494
209 0.612097455749
210 0.260453152525
211 -0.0814190827221
212 0.470731170154
213 0.235975615614
214 0.381286742629
215 0.258715728009
216 0.372058657795
217 0.407814389217
218 0.346905460587
219 0.440481226646
220 0.239159347196
221 0.162399351545
222 0.202286630608
223 0.184473252154
224 0.295776344814
225 0.39961724063
226 0.469284489719
227 0.0828548663234
228 0.398366983415
229 0.29258795901
230 0.424515113731
231 0.266251880711
232 0.142645796011
233 0.26151810933
234 0.362954196619
235 0.295637699172
236 0.354929785086
237 0.424619916042
238 0.444842918253
239 0.425273787102
240 0.301702961579
241 0.49463782807
242 0.452328902852
243 0.243909129902
244 0.570958840201
245 0.79887272063
246 0.721300336733
247 0.417945788658
248 0.704909676083
249 0.785098769692
250 0.471438061983
251 0.446146663206
252 0.796592202534
253 0.596752224685
254 0.546457884641
255 0.438599940479
256 0.71496949711
257 0.701681326018
258 0.666567068282
259 0.864910347698
260 0.904290312014
261 0.73380374757
262 0.74849529987
263 0.588435024552
264 0.576190465142
265 0.777652974155
266 0.757206925768
267 0.605248206445
268 0.666251451173
269 0.646736949202
270 0.923994697851
271 0.810255188086
272 0.824132413855
273 0.774320573959
274 0.712066513876
275 0.958115299135
276 0.888936222477
277 0.891726055141
278 0.927352293503
279 0.429826009826
280 0.521060872243
281 0.500852659807
282 0.469443522698
283 0.135177180735
284 0.166996791669
285 0.186088026427
286 0.435483282815
287 0.635802282934
288 0.634332803552
289 0.531108745407
290 0.517711471136
291 0.595137471668
292 0.413225404818
293 0.645654240401
294 0.647073745367
295 0.275050638534
296 0.121526115049
297 0.0736716759505
298 0.610798286793
299 0.139921371342
300 0.22021557513
301 0.181210740701
302 0.522467554671
303 0.38029297019
304 0.388853713431
305 0.439308717458
306 0.357374794312
307 0.538554353935
308 0.729350488586
309 0.839486577132
310 0.728221064857
311 0.903696386919
312 0.808315269817
313 0.713900344457
314 0.921773871679
315 0.685320500147
316 0.973319937908
317 0.968293286132
318 1.0134930208
319 0.580962808031
320 0.621182729595
321 0.80338682218
322 1.56626847577
323 0.958011076529
324 0.783722816506
325 0.611302698527
326 0.414578864173
327 0.78885348745
328 0.959676058727
329 0.947369793763
330 1.05897393402
331 0.475580765169
332 0.872290953437
333 1.02643309985
334 0.99336007526
335 1.2373152513
336 1.04280441644
337 1.19658461089
338 1.00378949148
339 1.4324983399
340 1.59799106415
341 1.29235174254
342 1.10824066048
343 1.28174437125
344 1.43910557947
345 1.53316060189
346 1.53776539805
347 1.85807202165
348 1.87019181202
349 1.79202449605
350 1.48070337403
351 1.09119367325
352 1.26002510144
353 1.51363345709
354 1.40283828941
355 1.76750718073
356 1.29372868451
357 1.69348336383
358 2.25926440163
359 1.99429644514
360 1.61285093623
361 1.73951082641
362 2.07402531967
363 2.11434901296
364 1.86220160312
365 1.39192441814
366 1.61501729247
367 1.81225496248
368 1.73762827333
369 1.76916108588
370 1.76510098377
371 1.64581138403
372 1.97574975237
373 1.76104587348
374 2.30874132447
375 2.10962063076
376 2.36069321087
377 2.302732927
378 1.87415350692
379 1.84827262561
380 1.72120311101
381 1.46700364134
382 1.47600449251
383 1.74227809377
384 1.54649298113
385 1.61532837471
386 1.35032959569
387 1.48000017291
388 1.10471569666
389 1.32924854889
390 2.01123161775
391 1.62309455017
392 1.61717256341
393 1.53429352155
394 1.52843867044
395 1.76879847153
396 1.71967746365
397 1.67214448022
398 1.48432118349
399 1.43610635073
400 1.13547420861
401 1.27724339972
402 1.2929939186
403 1.68019402349
404 1.61166645493
405 1.63696217578
406 1.64399094895
407 1.90296088049
408 1.59335908803
409 1.23199555169
410 1.76318161146
411 1.67406983315
412 1.5065247466
413 1.15662423552
414 1.22574313282
415 0.851201788006
416 0.778966080249
417 1.00609889688
418 0.822874917286
419 0.838129281451
420 1.372248068
421 0.643990292434
422 0.899413577819
423 0.952342148739
424 1.34707830711
425 1.48145010037
426 1.87098611108
427 1.33854563815
428 1.18855249366
429 1.57235898417
430 1.23552547056
431 1.60191133228
432 1.13188162771
433 1.16557438317
434 1.52417396802
435 1.87097477701
436 1.89219127446
437 2.10928241917
438 1.9883601429
439 1.9379282836
440 2.23993062346
441 2.03052750197
442 2.08104146073
443 1.93697132812
444 1.64566001281
445 1.77126142542
446 2.00614323759
447 2.01075614338
448 1.75363402078
449 1.72745632735
450 1.54108898979
451 1.55774768279
452 1.86153162133
453 1.87824433598
454 1.83620430604
455 1.57771397378
456 1.39153075226
457 1.36743826433
458 1.69562384631
459 1.63452040471
460 1.82433574498
461 2.10762670252
462 2.15153409438
463 2.28624935243
464 2.19148228079
465 2.75732902957
466 2.47376370417
467 2.71887475083
468 2.76858644705
469 2.80987749203
470 2.61634413698
471 1.96264491464
472 2.2374907075
473 2.52417054446
474 2.81975073545
475 3.12816793518
476 3.05368774915
477 3.05372600134
478 3.50414946187
479 3.43969582748
480 2.58675021093
481 2.71099823768
482 2.98345245191
483 2.772670264
484 2.46877864124
485 2.29947017564
486 2.31054567515
487 2.5187152868
488 2.41625541319
489 2.58130579108
490 2.58793642407
491 2.25999497422
492 1.94389837014
493 1.97471113752
494 1.68247171183
495 1.78574602694
496 1.89992867882
497 2.22615876411
498 2.58774905262
499 2.46185328054
500 2.38842587494
501 2.14257669768
502 1.87140593865
503 1.64392172499
504 1.54234954887
505 1.00835868136
506 1.40329327398
507 0.904272011557
508 1.1469181542
509 1.06749968116
510 0.597067917664
511 0.795904147203
512 1.10989314129
513 1.10243694752
514 0.918774437075
515 1.25776416694
516 0.888364961099
517 0.477680012562
518 0.773108709496
519 1.05498946389
520 1.14305739129
521 1.2725472557
522 1.25569913466
523 1.28671538126
524 1.32029259934
525 1.32318470021
526 1.81599468123
527 1.6000199822
528 1.58264709514
529 1.2104804075
530 0.952121662027
531 1.85064603338
532 1.57562389946
533 1.5845486207
534 1.70822858409
535 1.6699003587
536 1.75085399024
537 1.0309099948
538 1.26458287519
539 1.443547847
540 1.29590142775
541 1.77300876499
542 1.24021731324
543 1.48871129094
544 1.801331789
545 1.79892874025
546 1.86297770847
547 1.39653519683
548 1.44850365671
549 1.40946674897
550 1.91345717916
551 1.78588573188
552 1.91348060611
553 1.75096986651
554 1.5825510387
555 1.69064174683
556 1.55769857332
557 1.79155706661
558 2.010028506
559 1.86018582743
560 1.75712965487
561 1.66574004856
562 1.53499006941
563 2.00959878685
564 2.22275589247
565 2.56307342225
566 1.79694978264
567 1.05825514613
568 0.782804088116
569 1.56925256298
570 1.24757699901
571 1.07169258471
572 0.419753165023
573 0.860348664903
574 1.01466502366
575 0.911122913069
576 1.03184135967
577 0.78803778286
578 0.363179164074
579 0.984551995502
580 0.834163788381
581 0.804112457247
582 1.10074593471
583 1.38409322207
584 1.19707652008
585 0.64859492453
586 0.88845314693
587 0.953399428299
588 0.739926015075
589 0.785078483231
590 1.19335701512
591 1.10111010819
592 1.13506332701
593 0.18448487834
594 0.545411992958
595 0.769328540239
596 0.64694744784
597 0.222430078975
598 0.524188237813
599 1.08923774772
600 1.24098110552
601 0.796393051387
602 0.593742932894
603 0.386397377887
604 1.48934250427
605 1.33485072168
606 1.43522533029
607 1.42955205274
608 1.33706326247
609 1.70321791434
610 1.27296457738
611 0.966234534582
612 0.701748001882
613 0.923507252253
614 0.759342436947
615 0.598823836852
616 0.522217836239
617 0.662583896766
618 0.052945873925
619 0.0767489804194
620 0.573494220478
621 0.239806179428
622 0.33602719225
623 0.609350122467
624 0.553362408781
625 0.79629757429
626 0.777985116538
627 0.719958114642
628 1.21115198428
629 1.2325350842
630 1.51885653809
631 1.30846759788
632 1.52864263082
633 1.23282103237
634 1.18676314235
635 1.46419996335
636 1.56499205255
637 2.20556202984
638 1.58430400927
639 1.29569308188
640 1.12616248848
641 1.52729455601
642 0.987983369953
643 1.22061603515
644 1.21400787384
645 0.844148932236
646 1.25466146698
647 1.01991511017
648 1.44493142557
649 1.09680410391
650 1.31185943181
651 0.992209605967
652 1.18311458091
653 0.667329430299
654 0.563463701721
655 0.448346394001
656 0.798796023054
657 1.12048192167
658 0.789416897322
659 1.01069514551
660 1.160030762
661 1.5572760008
662 1.70386876861
663 1.82851010637
664 2.27114668985
665 1.70312926072
666 1.7582840392
667 1.03197198422
668 0.898599401047
669 0.905591204617
670 0.980070220969
671 1.08718525013
672 1.7486458069
673 1.82719626051
674 1.85587926357
675 1.65473179176
676 1.34134725547
677 1.55019543434
678 1.53052566848
679 1.59774764733
680 1.86371450882
681 1.92727173779
682 2.29448278323
683 2.33489679402
684 2.58591898467
685 2.6668272512
686 2.50845687618
687 2.65983652238
688 2.45773631381
689 3.0464407511
690 3.71384932352
691 3.47500070759
692 3.38139683514
693 3.25017496832
694 3.25947909074
695 3.02010002421
696 2.95747261425
697 2.98275688819
698 2.92703244923
699 2.91315638692
700 3.22308464556
701 3.83034363905
702 3.32321372559
703 2.85938706538
704 2.72848855527
705 2.61682610066
706 2.31012305348
707 2.68725980747
708 2.40840253256
709 2.175967028
710 2.64857366146
711 3.07481390192
712 3.1917795419
713 3.10933369358
714 3.30238551702
715 3.22096312317
716 3.47028319328
717 2.87124145218
718 3.18921309754
719 3.32526054713
720 3.02076283724
721 3.14087605593
722 3.13953167488
723 3.60669074732
724 3.86700777567
725 3.8761544372
726 3.48678153049
727 3.24912905149
728 3.2651681488
729 3.08866465378
730 3.31816030648
731 3.93003814003
732 3.24001045515
733 3.24307687885
734 3.1036891157
735 3.21831302134
736 3.63992169272
737 3.43199738784
738 3.54099978633
739 3.52969677314
740 3.28118939516
741 3.39293159302
742 3.44489086299
743 3.19606945535
744 3.25329178739
745 3.28429931396
746 3.5799009596
747 3.52585482114
748 3.66831278998
749 3.92429202276
750 3.2585672534
751 3.10251055028
752 3.45178770558
753 3.30347031879
754 3.40292142004
755 3.72541733148
756 3.48619590954
757 3.64810269946
758 4.18409527693
759 3.59062526839
760 2.77800068667
761 2.99237567317
762 2.8853430277
763 2.81862310275
764 3.19414898339
765 3.83137611083
766 3.95507657334
767 3.91467479477
768 3.60933314536
769 3.38024797498
770 3.50317394453
771 3.1910334597
772 3.10291888575
773 2.80486210607
774 2.9706473723
775 3.0975680596
776 3.19205646212
777 2.41787465115
778 2.14182763312
779 1.66792075179
780 1.85519044995
781 1.21733012526
782 1.3052110018
783 1.37582028272
784 1.31976205069
785 0.934109390832
786 0.778957870369
787 1.24960895508
788 1.09864819967
789 1.1496653334
790 1.17658867605
791 1.06369786932
792 0.609268042903
793 1.16912519228
794 0.786191747046
795 1.07828208991
796 0.942183867444
797 1.15284504233
798 1.85019407971
799 1.3510608833
800 0.826702958876
801 0.868477013304
802 0.829059209779
803 1.56707970409
804 1.28564404555
805 1.07785292956
806 1.28258742208
807 0.756764817866
808 0.995583640803
809 0.241363634656
810 0.39171012664
811 0.64825584587
812 0.401409503951
813 0.663396069642
814 0.425783923937
815 0.864998485178
816 0.65977155468
817 0.809333264708
818 0.867112835957
819 0.549332080503
820 0.739931361901
821 0.128365396562
822 0.260450528237
823 0.197667663235
824 0.294840750524
825 0.561059339228
826 0.450789335342
827 -0.208769041607
828 0.414173589216
829 0.0111195890668
830 0.509860409946
831 0.0765253268845
832 0.0495646192072
833 0.753056157857
834 0.921613769529
835 0.821934109803
836 1.32468256616
837 1.32623492981
838 1.69925698091
839 1.9670982071
840 1.97836066468
841 1.44717815367
842 1.26513306556
843 1.36093042173
844 0.78021246311
845 0.890878254818
846 0.624854696216
847 1.1797399088
848 1.23654851872
849 1.00521865245
850 1.353552433
851 1.46468330767
852 2.17588536512
853 3.00527088173
854 3.04387723484
855 2.80149338477
856 2.8406886951
857 3.37564189843
858 2.85126356118
859 3.14983802413
860 2.66305914246
861 2.50999011866
862 2.65385212222
863 2.5193755635
864 2.93208994997
865 3.10756342013
866 3.46219255573
867 3.18885119296
868 3.42448586048
869 3.40926359261
870 4.29593829618
871 4.20976648232
872 4.29825742808
873 4.57937784228
874 4.90545026318
875 4.55419920422
876 4.56588492667
877 4.55744800074
878 4.89137915013
879 5.5116018384
880 5.36602528472
881 5.05013243312
882 5.55500548916
883 5.20099623708
884 5.0094086899
885 5.03405664574
886 5.87019512227
887 4.4416307791
888 4.72799204117
889 4.01679524886
890 4.6859706605
891 4.50923105278
892 4.85395559656
893 4.89972245266
894 4.57929849879
895 4.46741501239
896 4.42992598541
897 4.32136340922
898 4.78966609573
899 5.48644657998
900 5.84093426985
901 6.18638011061
902 6.17296238282
903 6.72891829497
904 6.73682731376
905 6.59720557425
906 6.36757377787
907 6.22404816269
908 6.66322375886
909 6.90783760369
910 7.38274821466
911 7.07517222901
912 6.92873931815
913 6.50346755439
914 6.71456177579
915 6.63463204713
916 6.06356039322
917 6.09487581968
918 6.37913100604
919 6.559705526
920 6.51213416855
921 6.12202939242
922 5.84157959384
923 5.79682382924
924 6.07166319466
925 6.33644466994
926 5.69724915059
927 5.19380793199
928 4.66564930774
929 4.36836547471
930 4.37486401583
931 4.07836253422
932 4.33479099928
933 4.5831124114
934 4.84677053055
935 4.81755854786
936 4.91905507034
937 3.70946461655
938 3.76396597526
939 3.69656668097
940 3.57145709373
941 3.73992580191
942 4.17966893357
943 4.47184605387
944 4.35167890237
945 3.57522646088
946 4.53200573507
947 4.28392922363
948 4.50195952791
949 4.6203974629
950 4.99104177461
951 4.38181120327
952 4.07527741742
953 3.90445068906
954 3.82914298019
955 4.15341426106
956 3.95658487266
957 4.36506241374
958 4.21742538338
959 4.29585456105
960 4.34988773563
961 3.9228930523
962 3.93096471391
963 3.7502248536
964 3.81930072997
965 3.20383718071
966 3.36402310541
967 3.50649143761
968 3.22964681873
969 3.16218986842
970 3.47504042771
971 3.53302148871
972 3.13492423132
973 2.94398861166
974 3.03164037442
975 2.91728412176
976 2.52699729214
977 1.8331840112
978 2.56919012971
979 2.36716797231
980 2.36106587939
981 1.97454055536
982 2.3742252772
983 2.35066298795
984 2.20410338261
985 2.38669570588
986 2.58801861291
987 2.64898628841
988 2.87296462405
989 2.77077357534
990 3.18481124771
991 2.75176962943
992 2.75084985374
993 3.00255894673
994 3.39331698863
995 3.76204128043
996 3.77938972964
997 3.58676065454
998 4.08324583413
999 3.95872920414
