0 0.0
1 0.0425943215097
2 -0.0212354717335
3 -0.104110733172
4 -0.0383825390405
5 -0.112712825907
6 -0.186320421249
7 -0.10042259554
8 -0.130010060776
9 -0.0551609270834
10 0.0336744942782
11 -0.170482509249
12 0.0419153285532
13 0.174092165748
14 -0.23504664822
15 -0.144582581186
16 0.143923228484
17 -0.0683567535348
18 -0.108045200045
19 0.120087069012
20 -0.233952479161
21 -0.0608312250079
22 0.0628742604484
23 0.108455273574
24 0.0653489285713
25 0.0831695351915
26 0.357482559029
27 0.134653311366
28 0.341619239343
29 0.321669603173
30 0.302222027706
31 0.0471086616105
32 0.367613881582
33 0.283726236609
34 0.0172545434288
35 0.114012649443
36 0.149790931573
37 0.196905403155
38 0.302107643702
39 0.228598148184
40 0.224045097136
41 0.320408828051
42 0.264112797871
43 0.253111239867
44 0.060872170563
45 0.103762481408
46 -0.0988473446027
47 0.108483115388
48 -0.161116427427
49 -0.0452911107537
50 0.00491202011908
51 -0.153731344076
52 0.121126001752
53 0.16456628338
54 0.187984481818
55 0.324973589898
56 0.379154227304
57 0.248476311219
58 0.458751333545
59 -0.0569278725193
60 0.037511887539
61 0.20111414772
62 -0.0452896178698
63 0.244567319144
64 -0.272085614622
65 -0.0247251875311
66 -0.353260602141
67 0.147972268207
68 -0.113274527802
69 -0.0169165273727
70 -0.147295976126
71 -0.282087938353
72 0.0261429572661
73 -0.306174731005
74 -0.0540186860701
75 0.0441204887275
76 -0.224923403119
77 0.153144613079
78 -0.161219867625
79 -0.0498095555585
80 -0.0816736868777
81 -0.0907791906302
82 -0.0388304849533
83 -0.168196678578
84 -0.306903915806
85 -0.280572644788
86 -0.475480882417
87 -0.180165141637
88 -0.31922818577
89 -0.152373041547
90 -0.220243403906
91 -0.335684402922
92 -0.18409897892
93 -0.418037844995
94 -0.236768512735
95 -0.612432822284
96 -0.457843717991
97 -0.201834498274
98 -0.571216273515
99 -0.542042272148
100 -0.276734730365
101 -0.10123269237
102 -0.298240184177
103 -0.571172281627
104 -0.222386554778
105 -0.0412120945778
106 -0.10110260459
107 0.0477408475635
108 0.0352964810366
109 -0.20390212157
110 0.0262750584315
111 -0.193416171585
112 -0.0401939553579
113 -0.0408093495808
114 -0.098599505381
115 -0.0511001257441
116 0.181139634695
117 -0.00976615459854
118 0.0225032668996
119 -0.0564060930572
120 -0.307180651166
121 -0.110359908657
122 0.15675992996
123 0.261234559241
124 0.048161971535
125 0.0984619472517
126 -0.0917363306771
127 0.222905162788
128 -0.0633237376207
129 0.00389857557457
130 -0.0307843695848
131 0.201767953795
132 0.0749050505799
133 0.0653817949335
134 -0.16448274556
135 -0.0306264159303
136 0.130352692662
137 0.285274571744
138 0.186776803902
139 0.0346589097513
140 0.0584078954634
141 -0.0517073731227
142 0.185652879973
143 0.23344056023
144 -0.17838597966
145 0.237133657247
146 0.185638968288
147 0.13003715288
148 0.101817736976
149 0.00883361049096
150 0.114363852631
151 -0.228245157705
152 0.152659582188
153 0.023422341917
154 -0.210603567864
155 0.034415694313
156 -0.321235927569
157 0.0694579181734
158 0.150370996925
159 0.00210178155668
160 -0.199641172311
161 0.098738469528
162 0.145995589373
163 0.0779694913649
164 -0.13653870303
165 0.0964477343762
166 0.273233516853
167 0.104638415306
168 -0.0293969258227
169 -0.218234217993
170 -0.111771018777
171 -0.0131100028434
172 -0.242544750027
173 -0.311387845838
174 -0.113697013132
175 -0.231251050795
176 0.0335039430435
177 0.118589276964
178 0.146147041187
179 0.181947835553
180 0.0889431963274
181 -0.0315105936234
182 0.357801714464
183 -0.0293878386652
184 0.0462643129476
185 -0.0618694872404
186 -0.0195612960812
187 0.133493666673
188 0.2822011962
189 0.162431460637
190 0.221564756386
191 0.219017720075
192 0.0344501704726
193 -0.136649280938
194 -0.228857466751
195 -0.0780318417167
196 0.154752751912
197 0.080865794416
198 -0.151748752487
199 0.0480111892668
200 -0.0744094544699
201 -0.0327322878068
202 -0.0458427713385
203 0.249605865447
204 -0.184871040474
205 -0.119841897743
206 -0.132427568229
207 -0.279374036928
208 -0.382886058085
209 -0.290894108822
210 -0.206434761172
211 0.0940130049919
212 -0.278224665412
213 0.100759459446
214 -0.195834055299
215 -0.0173604690278
216 0.132548296524
217 0.0611691766759
218 0.149328679026
219 0.192854147889
220 0.087230153802
221 0.0109179485983
222 -0.414433048306
223 -0.328721750905
224 0.0146252207943
225 -0.412894189023
226 -0.21638936462
227 -0.218852683065
228 -0.140408823788
229 0.275234020615
230 -0.229281042765
231 0.0929475668628
232 0.0969151731872
233 -0.151237063632
234 0.401148360653
235 0.0844237642086
236 -0.164695218171
237 -0.00532939998297
238 -0.145823413787
239 -0.0496357680711
240 0.0923696718884
241 0.155994332591
242 0.0929215732908
243 0.00320623700371
244 0.127977356456
245 0.110640918534
246 0.275606968513
247 -0.0391826839997
248 0.0911344452422
249 0.517312508457
250 0.411148573117
251 0.120149700812
252 0.0272403047393
253 0.125396741009
254 0.0794228337244
255 -0.0338493196655
256 0.0164685358286
257 0.0717493659339
258 0.235907257516
259 0.247695616981
260 0.350633204717
261 0.34756729637
262 0.294119700273
263 0.168174451941
264 0.0431827242518
265 0.195665530216
266 0.212448250237
267 0.11932041408
268 -0.0775427400883
269 0.319335671571
270 0.223638702751
271 0.201436496052
272 0.402683446675
273 0.127819850329
274 0.273573625046
275 0.161027738146
276 0.0119365280805
277 0.203139539141
278 0.441782337511
279 0.0480297460814
280 0.249346353835
281 0.39012937879
282 0.290397771892
283 0.282124625883
284 0.339583168727
285 0.636150531187
286 0.40013014063
287 0.419816803161
288 0.577621523739
289 0.428887235611
290 0.574728185514
291 0.677549520391
292 0.582332385872
293 0.877332645894
294 0.803152345447
295 0.564565131689
296 0.591573086421
297 0.759249761399
298 0.954311108062
299 0.873287682301
300 0.787373073208
301 0.799353486473
302 0.742845394912
303 0.686547268875
304 0.682036862372
305 0.777170383017
306 0.828311329994
307 0.62184138266
308 0.416933779024
309 0.672488363226
310 0.592691898308
311 0.627670372087
312 0.721160839113
313 0.48874124481
314 0.72833925705
315 0.757420766288
316 0.585744486618
317 0.585504516835
318 0.596670975446
319 0.535158707511
320 0.799209249621
321 0.43619383156
322 0.352204389373
323 0.620058174096
324 0.322398935505
325 0.469833160788
326 0.570562382356
327 0.556596208318
328 0.784515966712
329 0.607697178513
330 0.576059107229
331 0.499492159575
332 0.579869118419
333 0.463826380171
334 0.600855240056
335 0.508232876874
336 0.6036886336
337 0.903416019682
338 1.06129524016
339 1.39168723402
340 1.03701422993
341 1.2304204505
342 1.27744815765
343 1.32062074544
344 1.63222437297
345 1.24642205943
346 1.53218712335
347 1.45549505318
348 1.17073418593
349 1.52745355118
350 1.36989157727
351 1.23057243044
352 1.54393768041
353 1.53119129055
354 1.45908724502
355 1.34471598688
356 1.42297529537
357 1.43312142311
358 1.48501657135
359 1.47260515648
360 1.63321219299
361 1.79819760873
362 2.04600727015
363 1.5710342777
364 1.64538001062
365 1.73656235823
366 1.85617354594
367 1.77634145432
368 1.41468392604
369 1.61305320477
370 1.09610456976
371 1.27481874108
372 1.3506510354
373 1.36180637712
374 1.53445111211
375 1.11920071486
376 1.23341046612
377 1.0713530719
378 1.78688941057
379 1.54131598076
380 1.74454745741
381 1.61256751254
382 1.34402586876
383 1.36425186424
384 1.93887030527
385 1.45792496599
386 1.44721455116
387 1.40454173951
388 1.1630961096
389 0.892599809655
390 0.882595147599
391 1.17685081466
392 0.968095077198
393 1.50313137047
394 0.686113623556
395 1.14547478271
396 1.21047850738
397 1.3556936697
398 1.28847489874
399 1.36692040343
400 1.59377867554
401 1.71302794355
402 1.23098886977
403 1.64722615602
404 1.77374101639
405 1.23602116723
406 1.21673478108
407 1.71957989471
408 2.05463374261
409 1.88646728797
410 2.08452893028
411 2.05276542243
412 2.5445017173
413 2.7822220708
414 2.99566892004
415 2.76227811845
416 2.92905948861
417 2.94973476608
418 2.99644321892
419 3.22088515453
420 3.05244433884
421 3.2177050381
422 3.54545782063
423 3.02305856261
424 2.95648484231
425 2.41038720757
426 2.99150960722
427 2.96201885581
428 2.55219111442
429 2.71250365109
430 2.18407120418
431 2.05435875711
432 2.08844330753
433 2.30698575799
434 2.41063269463
435 1.9224597607
436 2.44756985937
437 2.48710804642
438 2.21679709928
439 2.27098370647
440 2.25358082787
441 1.93141570138
442 2.27984978416
443 2.47058711315
444 2.13162211838
445 2.1965637581
446 2.25432115468
447 2.72655058923
448 2.2406407678
449 2.26330661352
450 2.27045842346
451 2.58671877644
452 2.34167857603
453 2.33395982983
454 2.6031892058
455 2.73427701213
456 2.19665258298
457 2.23074749162
458 2.00921694034
459 1.87154839448
460 1.96182548233
461 2.08029959763
462 2.08355404676
463 2.96619120666
464 2.80013530204
465 2.88573223341
466 2.42726938753
467 2.76322560677
468 3.007338227
469 3.32563278633
470 2.99512192829
471 2.8367920711
472 2.85908424013
473 2.55100458597
474 3.04540874201
475 2.75696976263
476 2.58644652466
477 2.05946588694
478 2.94172598312
479 2.75445726265
480 2.96030301733
481 2.8984417041
482 2.10095781721
483 2.60152398593
484 2.29986695874
485 2.33420913984
486 2.39502658473
487 2.16016527
488 2.82423383544
489 2.49751074941
490 1.86264493603
491 1.99619683609
492 2.03838475662
493 2.23700432903
494 2.28055125767
495 1.75616811071
496 1.70784386618
497 1.54766557346
498 1.32781484421
499 1.44278060485
500 1.81882947951
501 1.84100647533
502 1.40896105625
503 2.07044393873
504 2.04895971951
505 1.98959710339
506 2.15583421729
507 2.40049939314
508 1.7932322236
509 2.32112889146
510 2.0407025795
511 2.0407386428
512 1.96112382307
513 2.09641501678
514 1.95300041157
515 1.72409606087
516 1.90531879038
517 2.08166246261
518 1.94327668983
519 2.71982652195
520 2.42070989604
521 2.85115766049
522 2.38487713381
523 2.25325505494
524 1.94088787664
525 1.74080122312
526 2.12933821958
527 2.27672428456
528 2.78289129177
529 2.80465976384
530 3.06156841063
531 2.3525952771
532 2.72876624097
533 3.08227615975
534 2.9611590985
535 3.46458726523
536 3.26000979662
537 2.95612701152
538 3.01239564061
539 2.45930390396
540 2.66382152302
541 2.72599837451
542 3.06250169456
543 2.82697879249
544 2.77844602344
545 3.05631343598
546 3.10174543528
547 3.47139737864
548 2.79024457069
549 2.94146125524
550 2.58589988554
551 2.54550457232
552 2.36248465373
553 2.46496157624
554 2.7625336363
555 2.28225603254
556 2.77531534928
557 2.86861690958
558 2.71218258765
559 2.52831698609
560 3.40324679043
561 3.26243256356
562 2.73159428321
563 3.15488847249
564 2.70609466383
565 3.12926239448
566 3.19019483144
567 3.08245719794
568 2.60295026632
569 2.32238417744
570 2.92285441896
571 3.65687272373
572 3.87597254462
573 3.67402000717
574 3.16254135651
575 3.64903977234
576 3.67061443661
577 3.87767236997
578 3.22126265815
579 3.16014869973
580 3.11688971655
581 3.33250404966
582 3.32342143725
583 3.43080926643
584 3.04751418212
585 3.27931843657
586 3.12042964718
587 3.43236674706
588 3.54770395707
589 3.21378048854
590 3.47636623797
591 3.1976969408
592 3.46757485366
593 3.45824012663
594 3.62479410529
595 2.88513719446
596 2.59765284281
597 2.47572743491
598 2.38640231458
599 2.39544041342
600 2.28554459001
601 2.14723533628
602 2.61700851805
603 2.57982822893
604 2.55303318568
605 2.57987454961
606 2.57300521946
607 2.65765486992
608 2.91634522449
609 3.13352896618
610 2.9270267279
611 2.97744302043
612 2.65103996266
613 3.13164656799
614 2.51996590938
615 3.06984128437
616 2.91399640016
617 3.02153304452
618 2.81377275483
619 2.48151145833
620 2.71963705185
621 3.13255859339
622 3.2599227146
623 3.06198794657
624 2.82483824038
625 3.00387336811
626 2.81899643792
627 3.33561556067
628 2.99125245906
629 2.98558643283
630 2.72041971965
631 2.56648451839
632 2.5022631508
633 2.47639473554
634 2.98278417535
635 2.37870432234
636 2.26944392618
637 2.18138412022
638 2.23988245884
639 1.92506392149
640 2.35387473352
641 2.48639604276
642 2.90778792007
643 2.65197478243
644 2.15449332229
645 1.68433258357
646 2.2281248451
647 2.19878058698
648 2.06261493273
649 2.30103034916
650 1.87956370942
651 1.3876441667
652 0.916205259389
653 0.590086797257
654 0.675321642662
655 0.99715805863
656 1.38158617895
657 0.919554896943
658 0.695122094981
659 0.37959487837
660 0.225098541372
661 0.208839750568
662 0.345457455559
663 0.932173666914
664 0.570044665068
665 0.877758841274
666 0.794080330547
667 1.00519515934
668 0.887625086501
669 0.799218013244
670 1.16944871326
671 0.676911128471
672 1.01359181099
673 0.877503351564
674 0.772301221211
675 1.13406175779
676 0.925681263748
677 0.713297147883
678 0.434220025249
679 0.729333016017
680 0.514532843766
681 0.374115647788
682 0.00248907757873
683 -0.24750610745
684 0.0552151593208
685 -0.338485734984
686 -0.332422857925
687 -0.286124276133
688 -0.0328248311254
689 -0.0575625873989
690 0.216819719484
691 0.368377373527
692 0.945703498709
693 1.28096778059
694 1.62332196862
695 1.42244238276
696 1.89887512947
697 1.53467742733
698 1.23257955916
699 1.36919344327
700 1.48156825523
701 1.59688759971
702 1.56278955855
703 1.48593798267
704 1.46058080316
705 0.966152962646
706 0.999494528363
707 0.588121439445
708 1.12737764776
709 1.54244422176
710 1.49603556844
711 1.08787308731
712 1.13878294802
713 1.43480429072
714 0.767439400656
715 0.803781400379
716 0.578249964864
717 0.930995538537
718 0.51234895299
719 0.25766110993
720 0.614934827479
721 0.606907700227
722 0.271064198541
723 0.156638126017
724 0.360871449881
725 0.132711805861
726 0.44032340469
727 0.409654587007
728 0.495979501406
729 0.838378783727
730 0.978413506516
731 0.983977952912
732 1.049184967
733 1.9451427937
734 1.4799368374
735 1.48816310113
736 1.9532613106
737 1.48639887768
738 1.07742335992
739 1.01156623948
740 0.753782414161
741 0.767705241784
742 0.461590097493
743 0.897109478838
744 0.957508198081
745 1.20892666425
746 1.22454771321
747 1.35551289355
748 1.89729260506
749 1.79216974625
750 1.89932174794
751 1.64718426445
752 1.22935127556
753 1.29038670856
754 1.21322471375
755 1.76401233242
756 1.81451889402
757 1.84895451662
758 1.33813099467
759 2.48997258951
760 2.53097945906
761 2.56285142602
762 2.99989318692
763 2.89324486197
764 2.48770864705
765 2.54112975281
766 2.67820163003
767 3.07145903213
768 3.43158165154
769 3.46104415817
770 3.0509990289
771 2.20717606191
772 2.80722551449
773 3.26227386046
774 3.52941953714
775 3.45621184984
776 3.5661784827
777 3.61505807172
778 3.92548885353
779 3.49508262601
780 3.26434739609
781 3.72048929429
782 3.4918698238
783 3.31933849906
784 3.82651914081
785 3.91035540603
786 4.6260238131
787 4.14761482542
788 3.43292925282
789 3.98699129953
790 4.10026601119
791 3.65815198626
792 3.9359566984
793 3.97629582855
794 4.83799081609
795 4.76541935151
796 4.62686798863
797 4.76893540049
798 4.47010294259
799 4.47581215899
800 4.45718141643
801 4.62301113964
802 4.29788940707
803 3.95118477945
804 4.16248248988
805 4.52119160965
806 3.88166928735
807 4.31199295491
808 4.12269526229
809 4.00856871549
810 4.07463281015
811 3.76399422204
812 4.15979519934
813 4.45563327893
814 4.80945446987
815 4.87539266598
816 5.18061611728
817 5.27443452844
818 5.60429363277
819 5.9717823693
820 6.16983323419
821 6.53888986015
822 6.73390109378
823 5.970012259
824 5.40923980681
825 5.13859645872
826 4.64183079552
827 3.96379487286
828 4.39343059601
829 3.89877508692
830 3.95347282139
831 3.61293860855
832 3.36373580149
833 3.24075219459
834 3.62462480417
835 3.33936602547
836 3.77218935626
837 4.13695612424
838 4.18658784408
839 4.05505243493
840 3.78563177801
841 3.62027891463
842 3.83057811701
843 3.75764404138
844 4.06291239278
845 3.90347129942
846 4.54370308061
847 5.15479963311
848 5.14097845125
849 5.18338043066
850 5.04813020737
851 4.8613727209
852 4.65930118868
853 4.74044715674
854 4.30849000133
855 3.92082386424
856 3.90974575175
857 3.84869728154
858 3.82954181213
859 3.5809306189
860 3.72741779098
861 3.77244622121
862 3.5046431514
863 4.43531929267
864 4.30219571786
865 4.40473854101
866 4.19443613505
867 3.71466025221
868 3.48249368504
869 3.2360780291
870 3.10714420363
871 3.51509716622
872 3.19207786273
873 3.86941285111
874 3.52102440529
875 3.61310533722
876 3.78541820593
877 3.79604115228
878 4.25328347574
879 4.3539987298
880 4.01538902796
881 4.24590267625
882 4.60906405879
883 4.24850691994
884 4.16944632065
885 4.31730355408
886 4.38332506009
887 4.229883633
888 4.11323315316
889 4.38946687523
890 4.59829003746
891 4.32226428982
892 4.31490530878
893 4.47592366332
894 4.55230932587
895 4.93816954309
896 4.91118474623
897 4.75914653726
898 4.58502000538
899 4.43445898199
900 4.14720745415
901 4.46076627022
902 4.55782766506
903 3.87760452281
904 3.92103562021
905 3.97296369144
906 4.47140691108
907 5.068238442
908 5.54762929445
909 5.28468726608
910 5.42572883663
911 5.61339173779
912 5.40895785995
913 5.19105275713
914 5.16690290638
915 5.15080030644
916 5.0296550181
917 4.88529344716
918 5.2442955406
919 4.67270262432
920 4.6523724612
921 4.85599976827
922 5.18191769273
923 5.4416388104
924 5.20163172003
925 4.93078178315
926 4.89660717985
927 4.42862005456
928 4.68385550257
929 4.68824949454
930 4.58379073874
931 4.50394313453
932 4.03134412079
933 3.96308628878
934 4.13903021139
935 4.3237353155
936 4.23712675325
937 4.10463087796
938 4.09245592148
939 4.27021194761
940 3.84388640861
941 3.86796631539
942 3.49211378108
943 3.96319787606
944 3.48357332999
945 3.43797888907
946 3.19620113977
947 3.74540564676
948 3.73720438618
949 3.44287480752
950 3.28567669334
951 3.41218448063
952 3.58640255404
953 3.89511196136
954 3.47234161928
955 3.90539952025
956 3.64905737706
957 2.87966340034
958 3.39455189241
959 3.70512351675
960 3.58754003634
961 3.51169953885
962 3.53966546158
963 3.45044330823
964 3.18427620297
965 3.1120671311
966 3.13555160404
967 3.32342415252
968 3.16899848803
969 3.85119327603
970 3.62144806632
971 3.64249198583
972 3.83388890177
973 3.3912643328
974 3.64455417375
975 3.67453414448
976 2.84434638071
977 3.13178803978
978 2.88700207733
979 2.92167226412
980 2.61740053243
981 2.69903586822
982 2.69031746981
983 2.69831947158
984 2.98743606317
985 3.44674735321
986 3.78772875959
987 4.29416761745
988 3.71038167592
989 3.78018784904
990 4.17391218686
991 4.19057674053
992 4.2417639779
993 3.83063819131
994 3.43726119842
995 3.9247887323
996 3.93174207028
997 3.91698031322
998 3.84868761203
999 3.66947202872
