0 0.0
1 -0.0638272578742
2 0.104074100922
3 0.197856992726
4 0.0880265934469
5 0.179497829553
6 0.354580909588
7 0.146209104952
8 -0.0115760520447
9 0.204943548267
10 0.176145987471
11 -0.13259777095
12 -0.195026707889
13 -0.203423936103
14 0.220759141555
15 -0.209102416242
16 0.0156020555415
17 -0.0184548985573
18 0.227519741897
19 0.26317458617
20 0.150768648522
21 0.130039736559
22 0.0862808633476
23 0.191643783119
24 0.0493204144808
25 0.178257109608
26 0.310944667156
27 0.183206243126
28 0.219267518419
29 0.540646371931
30 0.472917230596
31 0.2122699636
32 0.261483702015
33 0.241337468756
34 0.197497860008
35 -0.0159468028387
36 0.145316951446
37 0.361427979979
38 0.0614963919124
39 0.239546181905
40 0.481364008462
41 0.407004637861
42 0.304735417033
43 0.223300498957
44 0.464201352382
45 0.304856376479
46 0.135465918144
47 0.131235067383
48 0.299153054597
49 0.212935942453
50 0.259413977267
51 0.327420507833
52 0.380070400382
53 0.185710483855
54 0.329212791197
55 0.145835978534
56 0.252406685428
57 0.261152636304
58 0.37255404857
59 0.0929893508241
60 0.45009984493
61 0.108846791894
62 0.120300722172
63 0.344515400852
64 0.340637266874
65 0.244824477948
66 0.145805542845
67 0.449732085987
68 0.302422427892
69 0.356691051547
70 0.103549021781
71 0.158397996785
72 0.353134075559
73 0.148949744185
74 0.234052691967
75 0.339089783637
76 0.405606320151
77 0.337752473965
78 0.0554859855424
79 0.366114837904
80 0.276841708667
81 0.339553569346
82 0.45993787973
83 0.366548504342
84 0.586927580214
85 0.48299249028
86 0.359419315045
87 0.231796655028
88 0.220577742732
89 0.206263536947
90 0.00738618346922
91 0.197448223732
92 0.407064887814
93 0.191930734526
94 0.28321368656
95 0.467879387329
96 0.322662264541
97 0.101424597498
98 0.173897592085
99 0.37077819686
100 0.511569641418
101 0.558004175725
102 0.268344917187
103 0.176321729169
104 0.416558098796
105 0.294962686319
106 0.406651246428
107 0.272473344765
108 0.651501640898
109 0.397543863747
110 0.519263123251
111 0.591021596715
112 0.609435150257
113 0.284876866432
114 0.533403228457
115 0.570526824479
116 0.571551063478
117 0.411931193265
118 0.439760736994
119 0.503522478712
120 0.75440996533
121 0.252241687487
122 0.541335979126
123 0.334884335404
124 0.409159459734
125 0.546170431698
126 0.436810422011
127 0.536619938009
128 0.702646207171
129 0.513072988885
130 0.314119375257
131 0.31065181171
132 0.228674123266
133 0.247771597841
134 0.121820957096
135 0.117338783431
136 0.318794780413
137 0.0815170965707
138 0.341768046025
139 0.391546287427
140 0.339102294308
141 0.471571339453
142 -0.00618244372038
143 0.210704832185
144 0.350186100607
145 0.295689879439
146 0.0782033940644
147 0.178126498072
148 0.0750998102424
149 0.355566531547
150 -0.0261858810405
151 0.242256912224
152 -0.00848385017082
153 0.00879814150984
154 0.0785483956106
155 -0.0219438730325
156 0.152957730361
157 0.195744760884
158 0.075494510907
159 0.279207888426
160 0.128051954736
161 -0.118384245397
162 0.359405210934
163 0.0891994614851
164 0.220370462991
165 -0.0748040165894
166 0.0712044745711
167 -0.0504681840759
168 0.402956504905
169 0.351734694817
170 0.367894799825
171 0.2982815417
172 0.26871787255
173 0.513946773691
174 0.483219116518
175 0.371539763118
176 0.509624391984
177 0.406127763661
178 0.567016334277
179 0.314707695361
180 0.597056669258
181 0.58269746071
182 0.563682538348
183 0.524179320813
184 0.662033569498
185 0.843798154132
186 0.444719114305
187 0.679464987265
188 0.567573787047
189 0.407059061266
190 0.647236050997
191 0.434265359299
192 0.571626637919
193 0.581436690026
194 0.700069847031
195 0.797049481077
196 0.51717984051
197 0.561414899248
198 0.734586532267
199 1.09200708606
200 0.661761905796
201 0.816142427012
202 1.0739896788
203 1.0241561564
204 0.792452969314
205 0.940662079622
206 0.672756568666
207 1.03604193101
208 0.624129034369
209 0.872699081266
210 1.0696116096
211 0.978728750676
212 1.18591900674
213 0.953573649737
214 1.10784499954
215 0.506959929856
216 0.885171599753
217 0.958769247087
218 0.776191516258
219 0.754280632529
220 0.900267527397
221 0.955888102699
222 1.06873001156
223 1.01317618081
224 0.985382204417
225 0.665091523562
226 0.864914685592
227 0.813773256586
228 0.922775075507
229 0.837392255103
230 0.812191099203
231 0.679939283838
232 1.18291947052
233 1.1769081381
234 1.09318620955
235 0.759327832005
236 1.09743211885
237 0.84492701437
238 0.735875083406
239 0.72786695143
240 1.03579019522
241 0.81776937589
242 0.992327808443
243 0.919053926722
244 1.20996304132
245 1.18402374047
246 1.232397507
247 1.25867993859
248 1.06206648817
249 1.33465013257
250 1.26892536916
251 1.40614460452
252 1.20586792785
253 1.51511713239
254 1.59873434189
255 1.64653583511
256 1.61924430153
257 1.7672889686
258 1.37203393065
259 1.46565625363
260 1.46444993167
261 1.77016165414
262 1.91075278779
263 1.33524802747
264 1.67710425415
265 1.87869551812
266 1.9769593452
267 1.6174791807
268 1.5833503675
269 1.86438986345
270 1.72439591553
271 2.10543086149
272 1.97555961188
273 2.180362184
274 1.40852306533
275 1.43047996809
276 1.76165811241
277 1.43146801766
278 1.94864226294
279 1.88780537367
280 1.80425945549
281 1.81675150757
282 1.51485650871
283 1.67179532191
284 1.66481518619
285 1.70504280889
286 1.79700978507
287 1.88931766987
288 1.99476956956
289 2.41086670889
290 2.55903744179
291 2.52412736506
292 2.77009594863
293 2.65772226559
294 2.70401682637
295 2.8954876266
296 2.665882844
297 2.8098140127
298 2.45225666125
299 2.6937787058
300 2.40923474761
301 2.35921644
302 2.59613443561
303 2.25996443334
304 2.55384918853
305 2.17655797293
306 2.34708107015
307 2.36212064964
308 2.3776293761
309 2.35203517442
310 2.54621540126
311 2.66918192308
312 2.80674374038
313 2.9341003811
314 3.31400196357
315 2.9868480184
316 2.64894283385
317 2.5830525325
318 2.55899731342
319 2.34534846686
320 2.47610843108
321 2.25410159836
322 2.77706072427
323 2.61576141168
324 2.57345720051
325 2.13014841824
326 2.53376207899
327 2.44483747467
328 2.6241985367
329 2.42453101376
330 2.41990991318
331 2.21057620629
332 2.30430641209
333 2.36782827339
334 2.30438849825
335 2.62197600657
336 2.60217406572
337 2.4697472387
338 2.44954413803
339 2.59340564094
340 2.56813543485
341 2.30098491157
342 2.62929816475
343 2.42458296403
344 2.37735206366
345 2.05001177819
346 2.81734774727
347 2.43408793762
348 2.95104722507
349 2.47493396865
350 2.42004330399
351 2.5332137263
352 2.20388556086
353 2.28140445708
354 2.12516362046
355 1.95526692516
356 2.37681432775
357 1.78489545563
358 1.8250406837
359 1.60582368357
360 1.91495957206
361 1.84662854153
362 1.80459285839
363 1.73148450959
364 2.27851841122
365 2.02874104556
366 2.55823081712
367 2.52709119422
368 2.41258555498
369 2.38823178608
370 2.58329334798
371 2.4938969764
372 2.59865632366
373 2.53600334646
374 2.70382096213
375 2.65712178685
376 2.71092547348
377 2.81079756438
378 2.48979043578
379 2.3583779895
380 2.4623077508
381 2.48697157722
382 2.33696513906
383 2.67878246247
384 2.48222407202
385 2.3318150394
386 2.59825685299
387 2.19646200654
388 2.41330633473
389 2.4412053891
390 2.51166428871
391 2.37876038408
392 2.35972389773
393 2.44681957854
394 2.85515536331
395 2.58513297247
396 2.58619755828
397 2.73844491413
398 2.96236801549
399 3.1493753506
400 2.89310505186
401 3.24448034036
402 3.0747065801
403 3.04913134704
404 2.98293156037
405 3.2824241633
406 3.42921216629
407 2.85290182223
408 3.34766202996
409 3.24212574793
410 3.20615762445
411 3.44299709208
412 3.33299372616
413 3.26070111862
414 3.17466104613
415 2.91110342595
416 3.04179368112
417 3.13233182343
418 2.64526397597
419 2.41533677414
420 2.63129399935
421 2.7140815001
422 2.65211602513
423 3.03057414142
424 3.08010120026
425 2.97535229313
426 2.75812493187
427 3.11462402831
428 2.86614853834
429 2.72859063625
430 2.93981834704
431 2.92602396571
432 3.12162383459
433 2.8009933427
434 2.97855958017
435 2.89387965061
436 3.34540122044
437 3.29631535388
438 2.95684965714
439 3.36106587135
440 3.20396920788
441 2.65330030097
442 2.54478517462
443 2.37607016611
444 2.35933891494
445 2.43729742222
446 2.61773904468
447 2.83630505599
448 2.84614824447
449 2.93554379537
450 3.01578924076
451 2.91160868171
452 3.4718060746
453 2.83778434747
454 2.8981226315
455 2.86924995032
456 3.01082106011
457 3.0510894857
458 3.25452943134
459 3.34789353263
460 3.4825999386
461 3.25317779629
462 4.02559271371
463 4.15629013487
464 3.67005094408
465 3.27798689767
466 3.64962509884
467 3.90126299723
468 4.22277855952
469 4.45200592574
470 4.67771580065
471 5.03413713423
472 4.85215146688
473 4.45381681863
474 4.70606870759
475 3.86913920177
476 4.16563427668
477 4.01018194595
478 3.5265520418
479 3.32598256204
480 3.91290659651
481 4.12499674101
482 3.81970343946
483 3.84076920413
484 4.05491923516
485 4.28945619777
486 4.28906752494
487 4.98669799431
488 4.27054596473
489 4.49224969171
490 5.00078856525
491 4.86687493068
492 4.27718394957
493 4.1671880594
494 3.71091985015
495 3.37329167721
496 3.18792114537
497 3.44465831723
498 3.37310261795
499 3.38316282433
500 3.55948838317
501 3.87831429686
502 3.8535925789
503 4.04658972876
504 3.62592063103
505 3.60271425884
506 3.60533405912
507 3.45262158428
508 3.73127282853
509 3.66022507306
510 4.47728601855
511 4.23123686436
512 4.00649533666
513 3.50683762593
514 3.93765517179
515 4.20035630835
516 3.89396019813
517 3.8603771285
518 4.36966232823
519 3.64530870476
520 4.23142722377
521 3.77707320966
522 3.36832031287
523 3.3306912445
524 2.93460454195
525 3.35373733949
526 3.0692697414
527 2.68200768096
528 2.93673747247
529 3.07763289441
530 3.00707765355
531 3.45663973638
532 3.3523967963
533 3.38660880444
534 3.2299499017
535 2.97932584165
536 2.71139200709
537 3.00131260882
538 3.35547290904
539 3.86418332199
540 4.26614940802
541 4.50525825472
542 4.58423400247
543 4.36925845322
544 4.76334974539
545 4.71485527918
546 4.55186516769
547 4.56571233683
548 4.53285587291
549 4.25228920351
550 4.54932413915
551 4.2574030085
552 3.47105088291
553 3.58643866643
554 3.96197247621
555 3.54916810459
556 4.38965861727
557 3.29816007166
558 2.68954462838
559 2.82752520318
560 3.2878429862
561 3.012635138
562 3.23437249615
563 3.90058877576
564 4.07307247136
565 3.8435362562
566 4.09732330361
567 3.75858965482
568 3.54001475402
569 4.14097956154
570 3.98622426293
571 4.35502041582
572 4.37724675549
573 3.83941546344
574 3.69860010056
575 3.73486605643
576 3.83490057262
577 3.68196731255
578 3.4915793913
579 3.0809678463
580 2.82427987426
581 3.02622018793
582 3.64914752613
583 3.69294163205
584 3.70538678567
585 4.00553243483
586 3.63940570297
587 4.02160625589
588 3.58945839799
589 3.75913076049
590 3.25201110118
591 3.76044725597
592 3.97513038738
593 3.88575723586
594 4.55343993356
595 5.38909963937
596 5.80171472159
597 5.8511130004
598 5.52597432581
599 5.7577984634
600 6.34746448116
601 6.03841343125
602 6.12750419524
603 5.49427468296
604 6.98839007553
605 6.67064748124
606 6.82109028279
607 7.38068294731
608 7.34657751498
609 7.56319351138
610 7.55149195746
611 7.26299653664
612 7.16972445935
613 6.70021430854
614 6.94599568598
615 7.2569831178
616 7.58451190324
617 7.11590644761
618 6.94631743519
619 6.95846670265
620 7.619723597
621 7.67815190285
622 7.27064993792
623 6.95102502368
624 7.69239108361
625 7.8640792817
626 7.98417543848
627 7.72019358235
628 7.99409558608
629 8.01994595707
630 8.38504263392
631 8.46190584159
632 8.71763515311
633 8.3265309205
634 8.12269834979
635 8.12092910204
636 8.3154290892
637 8.04001826603
638 8.34091057141
639 8.64338476195
640 8.41351731118
641 8.28229794218
642 8.49042973315
643 9.18597704055
644 8.87160805125
645 8.52986089784
646 8.20611483783
647 7.62325384326
648 7.97140040977
649 8.21313206548
650 8.41361721659
651 8.22368057884
652 8.5021263999
653 8.21490490576
654 8.35301336278
655 7.94912299205
656 8.01268598743
657 7.89628681733
658 7.7416692643
659 7.72536013198
660 8.05570914829
661 7.68911161312
662 7.43466260357
663 6.73033365666
664 7.21083928971
665 7.23868727138
666 7.31515574107
667 6.33425567436
668 6.81785300352
669 6.28661726225
670 6.03684265758
671 5.86243981346
672 6.5225292061
673 6.40411408282
674 6.65262910365
675 6.63972042008
676 7.18747362668
677 7.93308099975
678 7.689320183
679 8.06182400636
680 8.76456936116
681 9.17269078997
682 9.28465954628
683 9.00849279265
684 9.10563768163
685 8.84717051539
686 8.07301280789
687 7.9933157898
688 7.97907433935
689 8.07410005036
690 7.85086037675
691 8.13979557141
692 7.67461988768
693 7.56490531938
694 7.41923464418
695 7.32706913905
696 7.69883868444
697 7.73924561961
698 7.39108863172
699 7.31013910287
700 6.96038029242
701 7.61035237218
702 8.00628198042
703 8.13870048364
704 7.99145983334
705 7.8043874632
706 8.19440765062
707 8.52306722289
708 8.92379396897
709 8.87364261656
710 8.54839921781
711 7.76926002714
712 7.74364312938
713 7.94133100872
714 7.78437794471
715 7.85920558189
716 7.40153575283
717 7.22216328823
718 7.43095541564
719 7.96762604572
720 7.91344786371
721 7.3795322511
722 7.3387127861
723 6.97629602242
724 6.26635444667
725 5.80244153291
726 6.49140595686
727 6.83883739782
728 6.28158744483
729 6.21821708276
730 6.343756143
731 6.35223299647
732 6.83882083024
733 6.17812675853
734 6.64633403071
735 7.17163594149
736 7.38858570062
737 7.38240760801
738 7.29630613311
739 7.04077211058
740 6.96727742112
741 7.10311322856
742 7.10066729669
743 7.24996029248
744 6.99344873677
745 7.09702728518
746 7.02847103604
747 6.71794524499
748 6.59764398775
749 6.55321452551
750 6.18913763448
751 6.70102174494
752 6.79979246703
753 7.43662016194
754 7.31212091894
755 7.31857838371
756 7.77904999783
757 7.30267334923
758 6.78396969001
759 7.21244414048
760 7.00741815718
761 7.12026519056
762 7.59666794717
763 7.2947331434
764 7.00621709954
765 7.05173421005
766 7.2715645511
767 6.76236606746
768 6.97733647395
769 7.18175178727
770 7.4430275253
771 7.69886376674
772 7.68143217854
773 7.06847666
774 7.65717184816
775 7.8287327024
776 7.52864044894
777 8.00024031255
778 7.99010708625
779 8.24790859334
780 8.3978528563
781 8.23307236786
782 8.88108390466
783 9.0709923477
784 9.66514521165
785 10.2005361988
786 9.92035224704
787 9.88870731502
788 10.0188000272
789 10.2422941517
790 10.7881530909
791 10.9953019311
792 10.506754172
793 10.061087634
794 10.022449462
795 10.2004652817
796 10.4870149668
797 10.2465615617
798 10.0162888879
799 9.85849466349
800 10.1479243196
801 9.81666712858
802 10.0563561522
803 9.86605125886
804 10.5495317036
805 10.9871571145
806 11.5586680358
807 11.7058824175
808 11.2931027192
809 11.8496423672
810 11.6759090589
811 12.6176861525
812 12.6975211346
813 12.8270286974
814 12.7192786273
815 12.3450338466
816 12.6116728354
817 12.6753830065
818 12.0657655858
819 11.8215865034
820 11.4938073001
821 11.0561540714
822 11.4905364388
823 11.3813979017
824 10.8554591009
825 11.4084833655
826 10.3872250275
827 10.2729561004
828 9.63934435769
829 9.8139256702
830 9.78186997178
831 9.92668558716
832 9.45873082958
833 9.71846057952
834 9.2292802758
835 9.69078297073
836 9.73100410992
837 9.46776761385
838 9.12429386532
839 8.91239521781
840 9.01336238093
841 9.11207414912
842 9.07834298566
843 9.00087322525
844 8.84209866497
845 8.71460250068
846 9.12038460546
847 8.41904156221
848 9.08753591734
849 9.28711710433
850 9.64659156084
851 10.7296889206
852 10.8303813631
853 11.2277376863
854 11.8519113958
855 12.5023947786
856 12.3001823416
857 12.2308356417
858 12.6489759789
859 11.4376711624
860 12.3453354843
861 12.4133253469
862 13.0132070292
863 12.6954063177
864 9.36420989434
865 9.28399381327
866 12.4171039617
867 13.2116223618
868 8.99086725082
869 9.03375457024
870 9.13346362023
871 9.36358654496
872 9.01736664631
873 8.99002369103
874 9.5670297673
875 9.37674901981
876 9.71322460636
877 9.81625741446
878 9.29846234775
879 9.38935280339
880 10.0183755568
881 9.87195440841
882 9.81909759361
883 9.79021553045
884 9.90284143511
885 9.99081752561
886 9.75537909765
887 9.8351757565
888 9.85623951271
889 10.0055441244
890 9.86082507673
891 10.3682693814
892 10.3054735576
893 10.6492097074
894 13.9408208287
895 9.45039914145
896 8.93667665887
897 9.0752662079
898 8.69958507859
899 8.4618488074
900 9.18360340694
901 8.90404617592
902 9.82407615161
903 10.2058153955
904 10.4088412386
905 13.2266047125
906 13.9534429705
907 10.4503856524
908 9.69477017059
909 10.2289959792
910 10.2268878546
911 13.0380010363
912 17.8096991942
913 15.3926536859
914 17.2419182838
915 17.3423655794
916 17.323241769
917 17.4668277692
918 17.5411664156
919 17.970806929
920 17.8184363015
921 17.1076489565
922 16.4313592748
923 16.3436705112
924 16.5904583586
925 17.4861840823
926 12.8210776658
927 13.0323728224
928 12.7645068188
929 8.99593677151
930 8.53326309945
931 8.68394081097
932 8.73107834946
933 8.40244063106
934 8.83067201898
935 8.81302784202
936 9.29119530707
937 9.37038781325
938 8.60161957744
939 8.76267155627
940 9.4720495922
941 9.43633335033
942 9.00407204645
943 8.9090298233
944 8.99187720157
945 8.4390734946
946 8.13183088249
947 8.37335188432
948 8.40556768531
949 8.47473758218
950 8.61489108863
951 7.95148124985
952 7.69299223134
953 8.01341055396
954 7.80219495236
955 8.41764739272
956 8.78876308137
957 8.70731039209
958 8.75354468228
959 8.04739365626
960 7.81832710668
961 8.07824009671
962 8.73466764581
963 9.22289639043
964 9.26313249946
965 9.41358341043
966 9.38737185008
967 9.10210110826
968 9.41036778237
969 9.18459085148
970 8.33829422859
971 7.98013475475
972 7.28060951836
973 7.05267164042
974 7.41576907955
975 7.71281598274
976 7.24214383112
977 7.27196467742
978 6.58176936822
979 6.53472012336
980 6.76207254243
981 7.44747951957
982 7.09378291368
983 6.69330524285
984 6.57699786792
985 6.76544768225
986 6.94430349321
987 7.45815599004
988 11.5954796668
989 11.3234220877
990 11.7690592507
991 11.645418906
992 11.1167814101
993 11.0067465867
994 10.2598808394
995 9.78531775615
996 9.76769152955
997 10.4424867124
998 10.3032995887
999 10.4900916141
