0 0.0
1 0.0658716228378
2 0.281448960303
3 -0.177190829722
4 -0.245596088841
5 0.241266236529
6 0.128334641758
7 0.216491130582
8 -0.175231431441
9 -0.0864082248786
10 -0.227900113066
11 -0.285944545045
12 -0.0296168136069
13 -0.00380581849657
14 -0.216518877154
15 0.0886760273256
16 0.098416268012
17 -0.00341087865244
18 -0.0948363891015
19 0.00693998224166
20 0.0580191091277
21 -0.00576226826195
22 0.0536249420808
23 -0.242232259527
24 0.0726218422438
25 -0.00163681240423
26 -0.181147808882
27 -0.0958624235663
28 -0.0725198116703
29 0.13719012804
30 -0.0922252851631
31 -0.0431442250197
32 0.0523771250708
33 0.00744666475154
34 -0.244481175974
35 0.0503673582564
36 0.179805441687
37 0.0364084960561
38 0.142242858923
39 0.214079744479
40 0.296225664818
41 0.243377097438
42 0.270415541718
43 0.353170869281
44 0.237257624222
45 -0.0648041306556
46 0.0984753404396
47 -0.113533930059
48 0.246175506375
49 0.366107929891
50 0.0397297786129
51 0.15561304562
52 0.0397672257648
53 0.148061954203
54 0.161257920489
55 -0.0605200104485
56 -0.0663792342288
57 0.309182057202
58 0.0198722707592
59 -0.0637671312974
60 0.00826684828021
61 0.186406863754
62 0.285804632637
63 0.213801576385
64 0.181960366836
65 0.045381577403
66 0.183864741966
67 0.37231393305
68 0.468032948007
69 0.306260856162
70 0.217875893236
71 0.133718368691
72 0.447128173922
73 0.0925803260109
74 0.237498623307
75 0.0806132207753
76 0.106197740888
77 0.257068365653
78 0.0447218145962
79 -0.151486159301
80 0.134818539197
81 -0.0353527340651
82 0.0113627260406
83 -0.012995518898
84 -0.125205426221
85 -0.0441947613961
86 0.430625690182
87 0.443620293094
88 0.28301697299
89 0.371338523882
90 0.0891775855637
91 0.0422330658078
92 0.193297003883
93 0.327672101364
94 0.207916521487
95 0.259214103445
96 0.126356155507
97 0.5758431749
98 0.39213970194
99 0.405257112902
100 0.487385903863
101 0.556891186032
102 0.340200510441
103 0.445765422452
104 0.499054974364
105 0.0527795208599
106 0.348046373706
107 0.315579888831
108 0.378361599007
109 0.261384496991
110 0.508028117175
111 0.258132379109
112 0.365975569807
113 0.2217646645
114 0.252722860803
115 0.121639990174
116 0.483386686447
117 0.417655138509
118 0.459511483791
119 0.412225087485
120 0.299592246749
121 0.337584040645
122 0.583703121906
123 0.602510052673
124 0.258222258823
125 0.336865550093
126 0.307217655941
127 0.523925835054
128 0.53538230239
129 0.421382288901
130 0.585764910624
131 0.492814599876
132 0.282580206482
133 0.416470554374
134 0.467419670703
135 0.424966575682
136 0.454821824275
137 0.203728466384
138 0.460968726016
139 0.246977028692
140 -0.105399219391
141 0.245676007734
142 -0.0595511612441
143 0.166775623529
144 0.163703776952
145 0.412056872576
146 0.425307891151
147 0.193223885215
148 0.191690673009
149 0.113623636654
150 0.197994920193
151 0.342256880706
152 0.160876221929
153 0.69674653398
154 0.374821847162
155 0.197292337192
156 0.118946352214
157 0.238196342262
158 0.284740379652
159 0.360008570142
160 0.212280222314
161 0.22209541111
162 0.445425264947
163 0.147000494018
164 0.0653633222138
165 0.488804716418
166 0.213447958308
167 -0.111923872871
168 0.0331973755772
169 -0.0243544744472
170 0.414656218735
171 0.357534152372
172 0.546243203135
173 0.283473091351
174 0.387870773501
175 0.36820099608
176 0.409021960585
177 0.330606720326
178 0.506805742972
179 0.740099718957
180 0.645836136722
181 0.674048703979
182 0.900194862297
183 0.94212726838
184 0.930538879365
185 0.94330508307
186 0.800573688972
187 1.16278622326
188 0.787522301403
189 1.25432936676
190 1.099369008
191 1.0858987876
192 1.21840889454
193 1.29979151273
194 1.02901502087
195 0.704529261672
196 1.05333374065
197 1.01562789566
198 0.820181324229
199 1.03378304782
200 1.17210299734
201 1.12800796889
202 1.17800392825
203 1.41742133999
204 1.46112695639
205 1.53673492268
206 1.56773814779
207 1.57854030906
208 1.42778315771
209 1.68047288697
210 2.04933856757
211 2.11571739037
212 2.21035929241
213 2.14073467374
214 2.19832399419
215 2.24079733152
216 2.64972752217
217 2.8003361041
218 2.70246676493
219 2.80689343632
220 2.97303199571
221 3.23328033927
222 3.41868445824
223 3.02539392557
224 2.70189961975
225 2.89987609795
226 2.93432997873
227 2.91402731181
228 3.09976110326
229 3.35239243826
230 2.99153753806
231 2.78667284017
232 2.57267682557
233 2.80476208604
234 2.60308843955
235 2.77185350319
236 2.84536019221
237 2.99457424202
238 2.71078810882
239 2.41509674823
240 2.93417127633
241 2.85149116954
242 3.03340145935
243 2.79748825263
244 2.83358456615
245 3.31231454881
246 2.85227569773
247 2.47484617938
248 2.39338198519
249 2.63140335773
250 2.5629426572
251 2.87383432608
252 2.57225820827
253 2.79068569421
254 3.08156586986
255 3.09749115653
256 3.13574420486
257 2.84575935648
258 2.46616228379
259 2.77078373951
260 3.25032589862
261 2.90573287074
262 3.01532728125
263 2.79813567675
264 2.37956224336
265 2.81531966162
266 3.00913396199
267 2.43812779433
268 2.39388122382
269 2.54449143854
270 2.91577432883
271 2.9764690344
272 3.09644919512
273 2.77420172155
274 2.55528395716
275 2.87338409494
276 2.82301038148
277 2.57624816923
278 2.81440632172
279 2.86596948579
280 2.66010076906
281 2.57620833076
282 2.94614111079
283 2.40233246131
284 2.6534161038
285 2.70151340542
286 3.02641579068
287 2.82769411126
288 2.73503468753
289 2.54737863196
290 2.51004744277
291 2.11533970413
292 2.14865414529
293 2.11860965634
294 2.44638260538
295 2.13646995816
296 2.06067752639
297 2.07067946841
298 1.90749393576
299 2.02945040042
300 1.56158963111
301 1.75043887494
302 1.45206623086
303 2.05063374957
304 1.64396586586
305 1.91327004699
306 1.9984748855
307 1.7192435315
308 1.45492539874
309 1.8913072743
310 1.72595565055
311 1.99098108238
312 2.15854215886
313 1.99849468718
314 2.16744870905
315 2.34411371287
316 2.21801742881
317 2.29698312335
318 2.70325443891
319 2.3510155386
320 3.10879889804
321 2.94291919162
322 2.97593068364
323 2.62252348059
324 2.6815850876
325 2.74725114904
326 2.99249842313
327 3.00309295871
328 2.70702493242
329 2.49193794888
330 2.38731243243
331 2.48109528344
332 2.34263943735
333 2.87842225077
334 3.07697284768
335 2.8913068275
336 2.37368629876
337 2.63731775737
338 2.66379682745
339 2.99485386978
340 2.91597408286
341 3.08801228016
342 2.74943494196
343 2.71851705572
344 2.44478639125
345 2.35078887523
346 2.71487253475
347 3.05762834768
348 2.99418257319
349 2.75243669091
350 3.04937374514
351 3.55025539286
352 3.03574102534
353 3.06563147172
354 3.0259114902
355 3.10900864187
356 3.09748563184
357 2.91550643191
358 2.8259296492
359 2.94065376773
360 2.84337170129
361 2.78094624094
362 3.15291192013
363 2.73192797406
364 2.83351965923
365 2.9957519172
366 3.10273635383
367 2.72441525286
368 2.9536572869
369 2.73593173462
370 2.67160098803
371 2.97294502648
372 3.39674409882
373 3.14450730315
374 2.80815989985
375 3.15759349523
376 3.24278256727
377 2.91912924766
378 3.0514457785
379 2.41553160524
380 2.97861185128
381 2.53150345595
382 2.90701156144
383 2.62261546266
384 2.67265386387
385 2.93155348629
386 3.01823113925
387 3.04713411242
388 2.9717699424
389 2.83637873613
390 3.1883677744
391 3.14138855127
392 3.09557841799
393 3.14118345727
394 3.30584367934
395 3.01522001261
396 3.03468737113
397 3.40939022539
398 3.04972451978
399 3.05834069625
400 2.97843713743
401 3.56695716892
402 3.79602322471
403 3.59744080777
404 3.35534025163
405 3.09736824021
406 3.58832650704
407 3.6115392841
408 3.42865615937
409 3.55873753329
410 3.28311486226
411 3.11929016254
412 3.56077220715
413 3.04096288903
414 2.91858433205
415 3.27142903932
416 3.25786592597
417 3.39546488747
418 3.71334978822
419 3.51743240763
420 3.76069676617
421 3.3470366264
422 3.46786438799
423 3.22581981664
424 3.43295975762
425 3.09858162251
426 3.39802269089
427 3.46026695881
428 3.72182140383
429 3.72536514905
430 3.50130629273
431 3.66562075844
432 3.5502599022
433 3.73351288023
434 3.9318281704
435 4.01888117105
436 3.88746784816
437 3.75213261286
438 3.99277127518
439 4.04590261539
440 3.93709956398
441 3.88426233046
442 3.66437117734
443 3.50124671095
444 3.42924126498
445 3.50376102143
446 3.77058446657
447 3.31284441837
448 3.28539753631
449 2.94806343347
450 3.49889975884
451 3.33656494427
452 3.6001858186
453 3.43228355081
454 3.37878450984
455 3.39766112527
456 3.09200869615
457 2.99950263449
458 2.93633927483
459 3.25167451365
460 3.02039500722
461 2.94784866206
462 2.76669506025
463 3.3755505823
464 3.0313898994
465 3.1380509023
466 3.04318936265
467 3.29021057214
468 2.87817636634
469 3.17056323313
470 3.14080603977
471 3.0014033971
472 3.01153149728
473 3.44011774359
474 3.40192973846
475 3.45429608946
476 3.65794010401
477 3.49657795842
478 3.33965925121
479 3.13415409969
480 3.08759537974
481 3.34582475035
482 3.05356239544
483 3.13084568446
484 3.26465707842
485 3.65482672251
486 3.37468208846
487 3.23090092856
488 3.13964108019
489 3.26386836131
490 3.45285135321
491 4.04942669352
492 4.60276485696
493 4.07544157735
494 4.45456316559
495 4.19269775864
496 4.56832190376
497 4.92118517778
498 4.73200054611
499 4.75247779745
500 4.87380238395
501 5.09726644911
502 4.76137365715
503 4.71452212965
504 4.7727527268
505 4.68006430411
506 4.96481249266
507 5.11699729401
508 4.6371726147
509 4.91112125493
510 4.88430186081
511 4.9087907623
512 4.72386512343
513 4.57131181532
514 4.31168198022
515 4.69688824884
516 4.43457423902
517 4.75639843979
518 4.78447323733
519 5.00004543226
520 4.77901678886
521 4.67174669203
522 4.70960564392
523 4.62574946088
524 4.81994861189
525 4.9184569469
526 5.10428459973
527 5.22207894991
528 4.78746042425
529 4.74320908383
530 4.90789641837
531 4.81823156809
532 4.94676072637
533 5.04959313006
534 4.64736311576
535 4.38991701271
536 4.67671778569
537 4.90475784797
538 5.01645985791
539 5.25381206337
540 5.32356358363
541 5.7392933232
542 5.63723284583
543 5.35095037601
544 5.93713520865
545 6.15791407069
546 5.40488367716
547 5.76665137563
548 5.90946964548
549 6.07929287455
550 6.39512794169
551 6.1813743257
552 6.06227677622
553 6.34750025498
554 6.40287701724
555 6.43040222516
556 6.89895330467
557 6.88681330046
558 6.89112183882
559 6.45473343734
560 6.10188521803
561 6.18036469198
562 6.32627237793
563 6.35852733724
564 6.88138904656
565 6.47625780536
566 6.47830965553
567 6.30153303189
568 5.98894374054
569 6.24855855725
570 6.51653677074
571 7.39491743524
572 7.53789993499
573 7.11659773755
574 7.42123992483
575 7.50742487529
576 7.60528748472
577 7.99728390048
578 7.95159288191
579 7.46765963607
580 7.54808519194
581 7.12725250645
582 7.40127112162
583 7.54142729778
584 7.43266574069
585 7.62027722737
586 7.86838909346
587 7.30237604209
588 6.88560210121
589 6.94990140416
590 7.03343452837
591 7.29555941371
592 7.93973455437
593 7.61681711585
594 8.0306338242
595 7.55932336764
596 7.49679826392
597 7.42120023069
598 7.50506696979
599 7.72214438806
600 7.55006311443
601 7.68625515226
602 7.88168273619
603 7.72626063374
604 7.67698507723
605 8.07153126886
606 7.85232688977
607 7.49989671783
608 7.88477406427
609 7.8192531491
610 7.41725636518
611 7.653949933
612 7.88308879778
613 8.28547739144
614 8.22873418894
615 8.54978953227
616 8.82495518384
617 8.94236154428
618 8.84175716506
619 9.14544916749
620 8.69512406136
621 8.59893130958
622 8.51431183956
623 8.93806842211
624 8.65592928116
625 8.42649241142
626 8.58485379488
627 8.76884193733
628 8.75682911755
629 8.32369146719
630 8.84775774491
631 8.4378069172
632 8.85894187213
633 8.87274202645
634 8.96869049883
635 9.05802743561
636 8.83579083274
637 8.99533752821
638 9.38273373044
639 9.26440285715
640 9.01744380185
641 9.37875589535
642 9.29833668824
643 9.68348897133
644 9.82307156338
645 9.90141962163
646 9.61841331137
647 9.73960705154
648 9.38407422163
649 8.87411410434
650 8.90967912274
651 9.16443609707
652 9.23307828981
653 8.96179937096
654 9.22128640862
655 9.42884242433
656 9.59767505516
657 9.74603001755
658 9.51436307985
659 9.34667668989
660 9.68458606454
661 9.75810459448
662 10.212999242
663 10.2195324703
664 9.81189110516
665 9.76018737213
666 9.6585591498
667 9.22578272427
668 9.8660517041
669 9.3198711203
670 9.45404234967
671 9.71376363079
672 9.77992277552
673 9.54518869946
674 9.55166254223
675 10.0190597531
676 9.84393503563
677 9.90578591045
678 10.1031759658
679 9.94127708127
680 9.96045172383
681 9.8835220429
682 9.73494144093
683 9.78654879885
684 9.45973863758
685 9.25312375671
686 9.62942934715
687 9.86220231568
688 10.077030594
689 9.8697329422
690 9.78639766467
691 10.139923628
692 10.2270153855
693 10.325312328
694 9.92459153546
695 9.64819842749
696 10.1022416094
697 10.00601532
698 10.1119130632
699 9.80973633898
700 10.5900022911
701 10.1896712953
702 10.0291878433
703 10.1485587877
704 10.0392226217
705 10.1016147129
706 10.2143850506
707 9.86722809321
708 9.79545828753
709 9.95775663671
710 9.90426974098
711 9.70999580038
712 10.2226273807
713 10.5203781526
714 10.3641404099
715 10.1564582992
716 10.0898785341
717 10.4738429924
718 11.0081101719
719 10.9720074743
720 10.1941591386
721 10.4236747939
722 10.3961945431
723 10.3527913235
724 9.6695009693
725 9.97701878019
726 10.5935085597
727 10.9542528409
728 10.8710342737
729 10.3186339301
730 10.0477625953
731 10.6433712115
732 11.0285925187
733 10.7644240915
734 10.3199928468
735 9.81768873277
736 9.73858512017
737 9.91243019738
738 9.4680274045
739 9.5092009802
740 9.31930978714
741 9.78947265011
742 9.70478094309
743 10.2718006696
744 10.5248488841
745 10.5731214494
746 10.4936009132
747 10.7766074451
748 10.6268356446
749 10.9914029686
750 10.7703989332
751 11.0038474775
752 10.9716502413
753 11.1849610564
754 10.4952307012
755 10.6642278822
756 10.6831548381
757 10.6735574961
758 10.2323880547
759 10.0876750604
760 10.3315956193
761 10.1750874091
762 10.0782316172
763 10.5097868396
764 10.3755464671
765 10.6838682017
766 10.6040031519
767 10.1789483457
768 10.5183088605
769 10.4026395415
770 9.97292452029
771 10.2488081124
772 10.6711730868
773 10.7277244761
774 10.8556693533
775 10.5547471726
776 10.4764710315
777 10.4308211256
778 10.5814513151
779 10.7599069998
780 10.7143507792
781 10.6715798071
782 10.9204235298
783 11.0806470149
784 11.0479007347
785 11.2851228364
786 10.9626582061
787 10.9332391448
788 10.6147231508
789 10.826345607
790 11.0951795984
791 11.135648766
792 11.3561764406
793 11.3240798672
794 12.0483884416
795 12.3236921993
796 12.3429844193
797 11.8209533916
798 12.0748358734
799 12.0683139173
800 11.8117593759
801 11.4042738478
802 11.7413894516
803 11.6425179648
804 11.7101138121
805 11.7176086345
806 11.9972474861
807 12.2572438737
808 11.8040911845
809 12.0117428397
810 12.0170935801
811 11.9711757887
812 12.0000567669
813 12.0384196133
814 12.2041730732
815 12.2537700648
816 11.9698175416
817 12.2386242391
818 12.1171435624
819 11.704628793
820 11.6036893064
821 11.4480091966
822 11.6721660249
823 11.1450277203
824 11.2711518727
825 10.9562545477
826 11.5173613078
827 11.2675703556
828 11.8144146116
829 11.707727874
830 11.8121534498
831 11.4151005806
832 11.0737305171
833 11.1408947855
834 11.1608489209
835 11.2754119865
836 11.4116006351
837 11.1189974154
838 11.6658757233
839 11.2242896652
840 11.0100215877
841 11.610861772
842 11.4606672507
843 11.5170418765
844 11.2618404142
845 11.4955829005
846 11.7794532853
847 11.8296146035
848 11.7388692351
849 11.4340401492
850 11.0902258413
851 10.5643980405
852 10.5381405263
853 10.0101430918
854 10.4286958268
855 10.501878216
856 10.4899207554
857 10.2838774742
858 10.6114104594
859 10.3482654988
860 10.2791470166
861 10.3585558102
862 10.1482529739
863 10.406675983
864 10.4920229709
865 10.439448109
866 11.0684753524
867 11.1525125996
868 10.8775554185
869 10.8467185886
870 10.8003124385
871 10.9527967849
872 11.3247869749
873 10.9165609626
874 10.8717970057
875 10.9808851349
876 10.6895476056
877 10.4986433852
878 10.1532301083
879 10.0198294215
880 10.6323096454
881 10.3003626097
882 10.5212479838
883 10.5083416331
884 11.0341124955
885 11.2444219038
886 11.3848976009
887 10.7547357325
888 11.1029150249
889 11.1484515141
890 10.8948102871
891 11.1558238546
892 10.8897219088
893 11.1267299416
894 10.7017998624
895 10.9469800084
896 11.2831848791
897 10.9580110397
898 10.8482837409
899 11.0005727517
900 10.9674863057
901 10.7641692342
902 11.2111695841
903 11.3897391741
904 10.416497115
905 10.4206099936
906 10.3851181787
907 11.1511691668
908 11.2323174951
909 10.9049372894
910 10.5932835425
911 10.6834561418
912 11.0206392872
913 11.5806213449
914 11.5943247719
915 12.0914084834
916 11.7240703752
917 12.1125700245
918 11.59007933
919 11.18299736
920 10.9253368326
921 11.3644029781
922 10.8721189944
923 10.8974778334
924 11.1948886667
925 11.6654192914
926 11.3383381395
927 11.6561152777
928 11.0981138563
929 10.9333406407
930 11.6592831347
931 11.6862408779
932 11.7474847117
933 11.5461387744
934 11.7562541058
935 11.2312484537
936 11.6898125379
937 11.5122158651
938 11.8625108352
939 11.410164258
940 10.9275010539
941 11.2583075411
942 11.3710805633
943 11.5532993255
944 11.1792301369
945 11.2010467568
946 10.7461952356
947 10.3502856043
948 10.3808307497
949 10.2861913321
950 10.110168809
951 10.4601919269
952 10.829817546
953 10.5525341744
954 10.8042690124
955 10.8019456382
956 10.7237296994
957 10.6199985816
958 10.938067926
959 10.8011626008
960 11.0254213382
961 10.7388714415
962 10.6673195934
963 11.1081958148
964 11.4829848796
965 11.1082600093
966 11.4528700317
967 11.2553523499
968 10.9964728391
969 11.2019581843
970 10.9982360868
971 11.2673658288
972 11.208352967
973 11.3314807557
974 11.0740325603
975 11.5344812314
976 11.1867672916
977 10.8347961567
978 10.6603071505
979 10.806707548
980 10.4918893394
981 10.6592282524
982 10.9196051503
983 10.9593889825
984 10.8051716173
985 10.9158618509
986 11.0516193771
987 11.2069122078
988 11.3550378344
989 10.9894117734
990 11.240585666
991 11.1235219373
992 11.1580139717
993 10.5876192104
994 10.3586271535
995 10.1798238028
996 10.0864072002
997 10.1117591831
998 9.63519237289
999 9.98759943759
