0 0.0
1 0.136701409337
2 0.0233951857295
3 0.0605135962839
4 0.170509687407
5 -0.232097220836
6 -0.0322264762481
7 -0.00918003243222
8 -0.00416618509306
9 0.104827140774
10 -0.0301704134125
11 0.238194772404
12 -0.00912433285901
13 0.0797066566659
14 0.134141316914
15 0.0289626910564
16 0.0719784810591
17 0.050238434548
18 -0.144121754678
19 -0.028654544758
20 0.0243630712722
21 -0.0832603074563
22 0.0612136969697
23 -0.0255804008181
24 0.0610210919769
25 -0.0156032602561
26 0.081382812972
27 0.0409066775001
28 0.108061222982
29 0.233309820193
30 0.15605229764
31 0.102434290473
32 -0.232419337089
33 -0.179619350442
34 -0.107105587025
35 0.198322265193
36 -0.0902319238137
37 -0.222140315804
38 0.0340471747132
39 0.029394856854
40 -0.0202847339075
41 0.0692043218137
42 -0.117843917116
43 0.138896420771
44 0.226674488719
45 0.0661757581616
46 0.244009764774
47 0.0523772013316
48 0.0230144742429
49 0.170390915586
50 -0.204046699968
51 -0.253048298601
52 -0.0909989255539
53 -0.0647198836073
54 -0.191019001517
55 -0.0565690008734
56 -0.207097052814
57 0.117776264555
58 -0.144879243302
59 0.1746288318
60 -0.141533163797
61 -0.198641857964
62 -0.214201028293
63 -0.0687322373975
64 -0.315057746795
65 0.0851311242806
66 -0.058744898902
67 -0.0183501934865
68 -0.0469132656549
69 0.146650196056
70 -0.137467232797
71 0.0426172154072
72 -0.329496046002
73 0.150466460432
74 -0.165750093072
75 -0.0265914646858
76 -0.0452763065082
77 0.0847722779335
78 -0.297282742094
79 -0.0785439034001
80 -0.191066353724
81 -0.142790882011
82 0.0202062918322
83 -0.166394857511
84 0.0185728601625
85 0.0242053291413
86 -0.132020300591
87 0.170121586182
88 0.356153129674
89 0.263101237551
90 0.0352709759476
91 0.240971331785
92 0.348817627284
93 0.207319040066
94 0.100437890401
95 0.233616552731
96 0.366260355607
97 0.442549523586
98 0.262425939754
99 0.0771593591496
100 0.340639359169
101 0.552217926653
102 0.246882548876
103 0.386651752042
104 0.0829589655904
105 0.491269165111
106 0.47173665303
107 0.429362911646
108 0.372775321835
109 0.294432762749
110 0.447613149816
111 0.279575351861
112 0.40726488146
113 0.357018112608
114 0.37051518101
115 0.248688470268
116 0.0574108064252
117 0.246494636099
118 0.189732198413
119 0.408688822034
120 0.228588602713
121 0.119232982222
122 0.296174641964
123 0.0610112052665
124 -0.0140899831347
125 0.127593816954
126 0.162142281689
127 0.0103862520217
128 0.0335659483118
129 -0.118529697427
130 -0.253213126981
131 -0.14609427353
132 -0.157479187745
133 0.0867780846569
134 0.246128801735
135 0.0204582607775
136 -0.168376563521
137 0.0577231396623
138 -0.368344043684
139 -0.246309032678
140 -0.186753884535
141 -0.460167781433
142 -0.358843078977
143 -0.560854467552
144 -0.41264272287
145 -0.0343469195774
146 -0.189388911042
147 -0.230934750442
148 -0.465612435238
149 -0.10595810273
150 -0.270719919772
151 0.00734182682156
152 -0.0682061723786
153 -0.0192303585657
154 -0.244386319079
155 -0.312098208307
156 -0.165936102674
157 -0.203697741004
158 -0.0999686512546
159 -0.0970302385245
160 -0.306468973748
161 -0.311518883468
162 -0.191222099266
163 -0.22764576336
164 -0.0533447151157
165 -0.120894650546
166 -0.0813777363656
167 0.0300530736358
168 -0.30786490834
169 -0.308747393852
170 -0.0943009057368
171 -0.249315856982
172 -0.180673611962
173 -0.0728165598818
174 -0.406906520402
175 -0.172326459418
176 -0.217269396366
177 -0.109331047498
178 -0.0241719266011
179 -0.19018585398
180 -0.31275085448
181 -0.250712172118
182 -0.446834435042
183 -0.359058031219
184 -0.564592022539
185 -0.345345323501
186 -0.419652640194
187 -0.450711018699
188 -0.569688820095
189 -0.391768301706
190 -0.0944099981742
191 -0.444134875656
192 -0.302962678144
193 -0.561252263199
194 -0.0986655427604
195 -0.28350931007
196 -0.172558804795
197 -0.264073829611
198 -0.230874591092
199 -0.526806039129
200 -0.267818266941
201 -0.0503585315188
202 -0.384153085721
203 -0.341169321062
204 -0.226856871783
205 -0.386091082378
206 -0.394532780851
207 -0.2053337067
208 -0.190804576864
209 -0.274065765066
210 -0.183755586884
211 -0.295289425569
212 -0.119632658941
213 -0.38132882196
214 -0.0201846600169
215 -0.270269395828
216 -0.294102986942
217 -0.185826448133
218 -0.0884905115171
219 -0.137739588655
220 -0.237378749118
221 -0.204197697361
222 -0.133452293328
223 0.00118782870921
224 -0.0941179412897
225 -0.359867936531
226 0.000531692724085
227 0.0622249114809
228 -0.161490705136
229 0.0458832238138
230 0.0372653096223
231 0.14216317324
232 0.121619022818
233 -0.239248571681
234 -0.126407410929
235 -0.243006097314
236 -0.25830511203
237 0.0122973025151
238 -0.0181850699186
239 0.00260468939699
240 0.0832297675025
241 0.0923291029795
242 0.120648551947
243 -0.196340929491
244 0.19767431583
245 0.250586140245
246 0.118374593551
247 0.112282148104
248 -0.0909777552608
249 0.0669967952754
250 0.258101328703
251 -0.0309371524259
252 0.115012653264
253 -0.0194341644108
254 0.067423530588
255 0.138608156302
256 -0.0757110753611
257 0.102995436048
258 0.175995874807
259 -0.0392297173236
260 0.115174011116
261 -0.242447140402
262 -0.200000165813
263 -0.185183795746
264 -0.12715920715
265 -0.0702499424694
266 0.153543073149
267 -0.188786154336
268 0.0439604885449
269 -0.130567364354
270 0.0509825635777
271 -0.229785793362
272 -0.223836797232
273 -0.165136014842
274 -0.0123668894525
275 0.151612724557
276 0.0928559992913
277 0.105593366384
278 -0.00303690315958
279 0.025829531928
280 -0.0958500062284
281 -0.102827690533
282 -0.0086277528783
283 0.146636374796
284 0.157362409173
285 -0.0889484750339
286 -0.0468272225849
287 -0.113907451208
288 -0.196032578887
289 -0.174090979833
290 -0.02137628278
291 -0.241281710765
292 -0.44846092871
293 -0.0844737025665
294 -0.384715946963
295 -0.159910874168
296 -0.195498357678
297 -0.0779979610155
298 0.159168818104
299 0.113006734811
300 0.339696182154
301 0.0725102997187
302 0.0283099698447
303 0.00997087842253
304 0.147734078387
305 -0.0264833467357
306 -0.127258376355
307 -0.0110389239876
308 0.0823353480139
309 -0.157144334114
310 0.183243769671
311 0.118158956896
312 0.157998723874
313 0.323221931759
314 0.089587715761
315 0.0563799816335
316 0.162410311876
317 0.428954808228
318 -0.0107944062945
319 0.0356845819196
320 0.0845090165565
321 0.0425642062504
322 -0.0441841529458
323 -0.0100746597312
324 0.021277566562
325 0.185802546371
326 0.28714566056
327 0.211647913305
328 0.0721905711973
329 0.102057703084
330 0.0861175977424
331 -0.0932834362592
332 -0.101179131318
333 -0.170906869161
334 0.425956010521
335 0.213459825548
336 0.156050902778
337 0.398284689627
338 0.261690154623
339 -0.0984409888776
340 0.191965792063
341 0.19707029149
342 0.454678974648
343 0.173804580728
344 0.362012139284
345 0.277015661944
346 0.877714740365
347 1.04581337408
348 0.997529774828
349 0.964235770467
350 0.841937605795
351 0.999522571146
352 1.13328495326
353 1.13672300538
354 0.815753373953
355 0.622019361469
356 0.665013850966
357 1.23367320562
358 1.0436988374
359 0.77931347394
360 0.8043614749
361 0.81150600841
362 0.857252506393
363 0.781284636227
364 0.783356577206
365 0.666024998506
366 1.14381303644
367 0.892949439155
368 0.553733859361
369 1.1331055513
370 1.25485788673
371 1.02809854932
372 0.79642024741
373 1.27015480161
374 1.28115863288
375 1.04421692844
376 1.34044514771
377 0.98286136147
378 1.15398722895
379 1.14045842295
380 0.975122185096
381 0.919713263253
382 1.25999062641
383 1.49678842607
384 0.959158645607
385 1.11259896633
386 1.38964180792
387 1.12276051044
388 0.879056429941
389 0.982497314836
390 1.38333192026
391 1.58309841128
392 1.4240853998
393 1.18077215164
394 1.56128476413
395 1.42024999621
396 1.17080516241
397 1.59933608591
398 1.31970596594
399 1.16989399525
400 1.27031626179
401 1.26958145215
402 1.18986017426
403 1.1160962424
404 1.50650819208
405 1.91267334366
406 1.64401802282
407 2.23611349437
408 2.06099757162
409 1.6487418292
410 1.94969252683
411 2.15703752444
412 1.9981344479
413 2.1204523638
414 2.07833652299
415 1.53367949591
416 1.42557978759
417 1.80988420384
418 2.09678967086
419 1.86671422552
420 1.91203518015
421 1.97373804628
422 1.91679548055
423 1.94064754766
424 2.07843937391
425 1.84167596603
426 2.07304418847
427 1.9497358479
428 1.62090483118
429 1.66860823321
430 2.25391097301
431 1.84323354946
432 1.78525521167
433 1.91399921608
434 2.40896961532
435 1.53103504126
436 1.77000094399
437 1.81725110947
438 1.70409156099
439 1.54907168708
440 1.92884139935
441 1.74949717735
442 1.94454997126
443 1.75210627689
444 2.20466034014
445 1.95446187492
446 1.68987563419
447 1.47639769227
448 1.76598319143
449 1.64547451848
450 1.70378512449
451 1.69953474699
452 1.45772376005
453 1.56655411979
454 1.56295894341
455 1.84599279333
456 1.84793597721
457 1.67594047572
458 1.32656344621
459 1.44227360023
460 1.56592907491
461 1.65321752034
462 1.78217341273
463 1.5970562834
464 1.64545887715
465 1.4843523823
466 2.00231533524
467 2.21014856596
468 1.70883201331
469 2.01925313694
470 1.73934363376
471 1.91453382729
472 2.31087278633
473 1.96833777463
474 2.38645189028
475 2.23602401532
476 2.56139750145
477 2.35458728441
478 2.4145320237
479 2.6215328925
480 2.58177001625
481 2.02707539073
482 1.7888920546
483 2.44609938881
484 2.21171580893
485 2.30586394284
486 1.88493091876
487 2.23681810235
488 2.15390944853
489 2.95972342342
490 2.87958271072
491 3.1147097713
492 3.15097930903
493 3.88472206099
494 3.87295486109
495 3.4643717246
496 3.40982735279
497 3.67152546487
498 3.33058548244
499 3.33166421575
500 3.62787625964
501 3.39266900324
502 3.38935225195
503 4.1238651808
504 4.26103231598
505 4.48468672908
506 4.61787506968
507 4.27988709974
508 4.24490679602
509 4.00270438524
510 4.14448281557
511 4.41086433374
512 4.38140589489
513 4.23268554509
514 4.12381074481
515 4.27139896904
516 4.44993295988
517 4.42116714041
518 4.18990051137
519 4.18538587029
520 4.86374516603
521 4.57205364881
522 5.01111715729
523 4.90147145657
524 4.61061928494
525 4.330166962
526 4.06885776962
527 3.97947486022
528 4.30049270572
529 4.14270079529
530 4.08085705253
531 4.12592627837
532 4.10501370929
533 4.15794784351
534 3.80014164864
535 4.00824404693
536 4.39523176899
537 4.53785784857
538 4.58284896932
539 4.31354904228
540 4.9816493563
541 4.89851335311
542 4.77725865485
543 5.27449739733
544 5.37890754954
545 4.77729943458
546 4.75931707637
547 4.66949191037
548 4.75256650934
549 4.637026317
550 4.26078815161
551 4.03789827998
552 4.27199603593
553 3.76246186159
554 3.46345521719
555 3.63320933141
556 3.50214991033
557 3.85180969245
558 3.93643224162
559 3.99831653324
560 4.0874841175
561 4.02803225983
562 4.09168506303
563 4.02734276387
564 3.96499367498
565 3.96829973736
566 3.89689507875
567 3.57500286676
568 3.54573539148
569 3.66491153683
570 4.12122084628
571 4.12566778205
572 4.27300560681
573 4.02646142116
574 3.80443364423
575 4.04161236876
576 4.28554135973
577 4.30378276959
578 4.28422681369
579 4.76408161034
580 5.01627763459
581 5.3354491367
582 5.36368384039
583 5.2976160903
584 5.45497929713
585 5.57531111821
586 5.42470382658
587 5.63576994088
588 5.80552450902
589 5.84756239703
590 5.97897983856
591 5.13093983591
592 5.08131011994
593 5.15536187602
594 5.28833996813
595 5.07216085406
596 5.46377275797
597 5.34020257734
598 5.50632308468
599 5.46521404871
600 5.01993769194
601 4.82236622624
602 4.64512028363
603 4.90222146305
604 4.43007134154
605 4.46729012507
606 4.38865320604
607 4.32290929846
608 4.04868420674
609 4.28312882265
610 4.28906452886
611 4.12626539376
612 4.00709657896
613 3.67207174337
614 4.11689756952
615 3.99319435664
616 3.96412925914
617 3.89027441587
618 3.97194824009
619 4.15901697294
620 4.19651059787
621 3.96774098104
622 4.22707136044
623 4.16544297766
624 4.37490620545
625 4.07554665596
626 4.07765864812
627 4.72582929924
628 4.41966509338
629 4.03484370288
630 4.40122643671
631 4.68735972305
632 4.36109863907
633 4.54281317495
634 4.2765339064
635 4.28684866464
636 4.137932597
637 4.04021249899
638 4.31010600536
639 4.31379690151
640 4.43059115887
641 4.25894524949
642 4.35726062869
643 3.83337637276
644 4.49795226135
645 4.41103844666
646 4.45688190827
647 4.48130181392
648 4.27908782171
649 4.62637555666
650 4.61596753428
651 4.58943233259
652 4.49143457643
653 4.14176777496
654 4.37862641105
655 4.09476652654
656 4.42614686997
657 4.01990472475
658 4.06250240761
659 3.95674705072
660 3.95845951995
661 4.08181566671
662 3.79362459758
663 3.91988672584
664 3.73167095536
665 3.70263785094
666 3.95547208114
667 3.94108229793
668 3.98451488726
669 3.88034982459
670 3.67504600071
671 3.80384540464
672 3.77522557638
673 3.49934188002
674 3.77884246772
675 3.97920365912
676 3.73802174653
677 3.70000065013
678 3.8104210281
679 3.67167210031
680 3.96684577021
681 3.55207433501
682 4.09264033179
683 4.31685877539
684 4.5307036095
685 4.54032258301
686 4.59696780468
687 4.77190916454
688 4.30281063561
689 4.1957473259
690 4.23629203919
691 3.81976403106
692 4.06016244898
693 4.39530658407
694 4.25481390814
695 4.35138006135
696 4.5915461912
697 4.3985662899
698 4.52232557529
699 4.89747269852
700 4.63086584562
701 4.37463618714
702 4.40963102526
703 4.54544217579
704 4.40235638163
705 4.36485498961
706 4.58944679542
707 4.86586790145
708 4.51896749105
709 4.55125786405
710 4.55583683219
711 4.82888398533
712 4.4052324329
713 4.55249814431
714 4.59109220204
715 4.11490924788
716 4.34485983446
717 4.57382139753
718 4.60947211123
719 4.55861218978
720 4.43950083266
721 4.71599565151
722 4.23353350353
723 3.95004770131
724 3.85028341982
725 4.33872909435
726 4.42400667676
727 4.26646480743
728 4.35414057977
729 3.95280307524
730 4.05304010148
731 3.94121956322
732 4.38837913684
733 4.65317920321
734 3.97716185358
735 4.56900469794
736 4.3855906211
737 3.52152678563
738 3.73189327384
739 4.14933156515
740 4.09425728553
741 4.41596351584
742 4.09938880108
743 4.30875257846
744 4.14517715887
745 4.70603516393
746 4.76116685054
747 4.35711268569
748 4.25867700618
749 4.36468685305
750 4.35137879133
751 4.03790771353
752 4.28275725094
753 4.11006940865
754 4.32313245481
755 4.54075305667
756 4.94456641959
757 5.71384128087
758 5.6644203475
759 5.31166873991
760 4.97064761995
761 5.02160146099
762 4.9868204658
763 4.85355510654
764 5.05439383922
765 5.04039911498
766 5.2581386977
767 5.00295818568
768 5.29657366194
769 5.47883915445
770 5.04950514978
771 5.31935585391
772 5.03064092984
773 4.86398400182
774 4.93815279993
775 4.91032781818
776 5.03917485782
777 4.78979442098
778 4.64557408924
779 4.25660713798
780 4.578108756
781 4.50250527743
782 4.64982467602
783 4.82084886521
784 5.34207008361
785 4.8952258072
786 4.1873728599
787 4.45296649657
788 4.12091189583
789 4.21881176634
790 4.58183379725
791 4.37865609244
792 3.94574603972
793 3.81122119887
794 4.48315713993
795 4.13177692546
796 4.72876204195
797 4.1084533367
798 4.51594630789
799 4.4892830368
800 4.73389979426
801 4.39936836297
802 3.96700858255
803 4.31917919935
804 4.65979186602
805 5.24727143359
806 4.9335182983
807 4.84769598524
808 5.38647056262
809 4.86629370656
810 5.73070862879
811 5.44564733497
812 5.36241044253
813 4.77894445783
814 4.73819073918
815 5.14412242901
816 5.37143092322
817 5.56664670791
818 5.33265670609
819 5.68551995589
820 5.47624809531
821 5.6603529323
822 5.10042896952
823 4.88002509688
824 5.08240178122
825 4.42311966411
826 4.68421931499
827 4.6819398684
828 4.81285018792
829 4.83286955716
830 4.8959844438
831 4.59270990357
832 4.5465661971
833 4.80755903356
834 4.97950411054
835 4.57190186504
836 4.65607164719
837 4.57291651355
838 4.72125728175
839 4.52504411097
840 4.28067603983
841 4.44688449819
842 4.17849355056
843 4.71797753937
844 4.67354591304
845 4.26735102108
846 4.60614317538
847 3.94594355068
848 3.94438902347
849 4.05662290752
850 4.34089950412
851 4.2434209253
852 4.13273272274
853 4.90544317386
854 4.33995599876
855 4.32856326745
856 4.08917071431
857 4.80301152315
858 4.19530252306
859 4.05600131487
860 4.1896674575
861 4.57927207061
862 4.58762182959
863 4.7113259797
864 5.06434348426
865 5.60364552721
866 5.17722294815
867 5.24694726251
868 5.57360645991
869 5.05026006841
870 4.68520007024
871 4.64133369018
872 4.80086539215
873 4.81510872725
874 5.01757758714
875 5.07436342746
876 4.61787752801
877 4.35032757922
878 4.7795156504
879 4.95622956693
880 5.2869103903
881 4.82958034604
882 5.30319321044
883 4.99764893532
884 4.46469294518
885 4.66332813502
886 4.31930817696
887 4.13732463958
888 4.00763261591
889 4.22115338308
890 4.47122578206
891 4.74039354671
892 5.02365232961
893 5.28835310973
894 4.80360583081
895 5.05943853693
896 4.99224740968
897 5.02802448294
898 4.92226425997
899 5.23840717113
900 4.997711342
901 4.93329699701
902 5.07293539538
903 5.6981905963
904 5.52000466618
905 5.30000980464
906 5.15596819462
907 5.32377269776
908 5.552920818
909 5.27312454751
910 5.11535541081
911 5.26566517292
912 5.26346408153
913 5.70060320646
914 5.41121199932
915 5.19576706139
916 5.47313457206
917 5.06708318896
918 4.99080598246
919 5.13833322117
920 5.17697421114
921 4.72003020757
922 4.64487838544
923 4.43857148604
924 4.85721127926
925 5.2067003081
926 4.98123152545
927 4.93041476835
928 4.66833672945
929 4.63738278384
930 4.49277879645
931 4.1299119384
932 4.31557622218
933 4.53030202372
934 4.61595777628
935 4.81422492666
936 4.73673271607
937 4.4379856756
938 4.64799673283
939 4.49194091571
940 4.5689349796
941 4.31754960649
942 4.32474735177
943 4.23650172312
944 4.52726375662
945 4.37877610631
946 4.37615596418
947 4.16017704962
948 3.84399504531
949 4.20921601102
950 4.43119127863
951 4.1050492899
952 4.40171971651
953 4.44247956566
954 4.63689927677
955 4.97493728703
956 4.78222089188
957 4.65760607503
958 5.03360065911
959 4.7743389268
960 4.60458261586
961 4.89294413635
962 4.51701599219
963 4.84662899293
964 4.71430252833
965 4.81202075398
966 5.10866142877
967 5.62647195301
968 5.88237638554
969 5.73907066145
970 5.71134065269
971 5.51701472464
972 5.30703310362
973 5.38695861946
974 5.71580617505
975 5.68907585117
976 6.52361819435
977 5.97173344806
978 5.54153431142
979 5.6513429035
980 5.9055768338
981 5.89141831998
982 5.71104980284
983 6.26997559193
984 5.81193279615
985 5.85561571209
986 5.49142018127
987 5.00892148888
988 5.20834017081
989 5.63882682064
990 5.54850085832
991 5.91983664564
992 5.33634025661
993 5.56243555608
994 5.61354312384
995 6.33175018043
996 5.84920195259
997 5.71817361285
998 6.39295016818
999 6.18291003165
