0 0.0
1 0.170292135037
2 0.055383566913
3 -0.0172876763302
4 -0.0187761497566
5 -0.207734541767
6 0.0663529823167
7 -0.0405195517423
8 0.0685794171485
9 0.163556640128
10 0.0271473937151
11 0.103264524867
12 -0.0618935647662
13 -0.0652628255744
14 0.016090094775
15 0.193160948626
16 0.032946493794
17 0.161150811854
18 0.0682471606971
19 0.0829341242017
20 0.155421268008
21 0.0602409506165
22 0.209569969365
23 -0.0604371966406
24 0.168326371448
25 0.00402531294596
26 -0.113650909144
27 0.127166590968
28 0.373298040615
29 0.0705605793821
30 0.175225760258
31 -0.0657473462435
32 -0.0100250517693
33 0.166965254048
34 0.0806095935427
35 0.14466860386
36 0.177403558379
37 0.330043399967
38 0.226063727958
39 0.243926960321
40 0.190269481202
41 0.302846486299
42 0.353954208855
43 -0.114994415728
44 0.0211596744968
45 0.187583972439
46 0.087531800597
47 0.0438305946144
48 0.153427516859
49 0.188404324454
50 0.11319643432
51 0.154877044257
52 0.360425991877
53 0.315910944754
54 0.263516157134
55 0.325875654505
56 0.324363796467
57 0.21890594474
58 0.457225118248
59 0.219963797829
60 0.166320475424
61 0.102519907323
62 0.293252902095
63 0.329633646009
64 0.114802886586
65 0.186987101263
66 0.18736253361
67 0.37964140542
68 0.334748897395
69 -0.0153459650051
70 0.273064267674
71 0.157923878481
72 0.137343911527
73 0.218357017219
74 0.200324487645
75 0.398431632787
76 0.383853731614
77 0.0480890286622
78 -0.022189007994
79 0.225777953547
80 0.103963697369
81 0.311129362612
82 0.398621729155
83 0.337092614213
84 0.493331331809
85 0.435202604291
86 0.372288949955
87 0.423539794722
88 0.23644342974
89 0.303851978525
90 0.38804327071
91 0.205314724719
92 0.224456132665
93 0.454531577472
94 0.412973538268
95 0.141270776066
96 0.425211551859
97 0.616156017388
98 0.228973149149
99 0.390887907688
100 0.437290766761
101 0.313644415668
102 0.48824812667
103 0.390619154825
104 0.535855535669
105 0.407282063173
106 0.622881724289
107 0.437074432344
108 0.285695498069
109 0.474134303445
110 0.324478086957
111 0.399050037749
112 0.29882658979
113 0.342873989248
114 0.254483146839
115 0.290074098692
116 0.263440117953
117 0.235014828611
118 0.341446382961
119 0.186113213304
120 0.186728366561
121 0.488346077411
122 0.664951954258
123 0.488609356871
124 0.517900369334
125 0.459550573041
126 0.449903477024
127 0.0506598345953
128 0.462719338505
129 0.514796955
130 0.560579932134
131 0.384554871356
132 0.33502163855
133 0.316615862812
134 0.314486718762
135 0.330562067306
136 0.240153058772
137 0.593157630453
138 0.585717755078
139 0.595007228743
140 0.512957211509
141 0.560807167158
142 0.573631594626
143 0.234596944484
144 0.274024239998
145 0.448530897513
146 0.299272491309
147 0.412196480772
148 0.181570378613
149 0.39584296529
150 0.373619488846
151 0.414261809035
152 0.643835678644
153 0.500282643627
154 0.429550421803
155 0.559411543032
156 0.49335403573
157 0.419148108155
158 0.666157912987
159 0.410649779399
160 0.531124851402
161 0.748657608476
162 0.771822012543
163 0.73309537596
164 0.610746891119
165 0.723825148854
166 0.613349245062
167 0.80771368143
168 0.60142729399
169 0.365765720871
170 0.819132046891
171 0.649049779042
172 0.89545887917
173 0.812852858623
174 0.501842416457
175 0.594538414288
176 0.47217768572
177 0.729614156751
178 0.912887027691
179 0.808673782645
180 0.694474297206
181 0.527519077815
182 0.623882194212
183 0.876069836019
184 0.527520208638
185 1.11979747396
186 0.896845816219
187 1.24899516532
188 1.25781180568
189 1.53835098322
190 1.78816246177
191 1.31827830977
192 1.12681989675
193 1.2279956586
194 1.13481547678
195 1.3334120949
196 0.923043163063
197 0.95553584948
198 0.884497481147
199 0.616170854273
200 0.858722884784
201 1.05149368951
202 1.08558168917
203 0.959019362263
204 1.04715859534
205 1.2297881804
206 1.09559654924
207 1.55688933461
208 1.46980740694
209 1.64629164072
210 1.41492593043
211 1.81095549477
212 2.07650644395
213 2.30445147183
214 2.49103660337
215 2.50645941391
216 2.22949157464
217 1.99741390084
218 1.95229475512
219 2.00025588271
220 2.20161183656
221 1.97718868736
222 2.06895311965
223 2.11395983879
224 2.28786160912
225 2.42505000371
226 2.39801862281
227 2.57927584208
228 2.74489618004
229 2.63184515093
230 2.22859026757
231 2.1683566355
232 1.98829377764
233 2.18366212136
234 2.12774076191
235 2.38621545596
236 2.19659940234
237 1.76669312644
238 1.84186233081
239 2.20627465358
240 2.07469687536
241 1.96148189113
242 2.37492790875
243 2.35883102544
244 2.25931326422
245 2.61688862241
246 2.5144947214
247 2.34418581832
248 2.42474470968
249 2.13114294667
250 2.56456344781
251 2.30342989894
252 2.27111551665
253 2.64298392866
254 2.84585920057
255 2.50760179143
256 2.41766037194
257 2.39501176611
258 2.38003769113
259 2.10587787722
260 2.02544912586
261 1.90258719389
262 1.90901310504
263 1.48904904163
264 1.49463903567
265 2.00629589948
266 2.73615329153
267 2.35670257532
268 2.62088820303
269 2.44871231148
270 2.54712486362
271 2.45185069136
272 2.36822360468
273 2.41163550512
274 2.58563387252
275 2.568489815
276 2.4449960861
277 2.50943973183
278 2.55428526484
279 2.6896280259
280 2.67974133773
281 2.76575763854
282 2.5295250315
283 2.61329031886
284 2.45889514264
285 2.45127026577
286 2.69987622096
287 2.52052480293
288 2.66586551193
289 2.6812887147
290 2.49400793547
291 2.64070564918
292 2.18908833078
293 2.37828312896
294 2.74563285044
295 2.68404854053
296 2.84706757758
297 2.88061599883
298 2.46365339346
299 2.33553642221
300 2.21021745049
301 2.21971336912
302 2.57159330827
303 2.58556228293
304 2.60489017397
305 2.72623081741
306 2.40299168051
307 2.77523184918
308 2.58254075883
309 2.63980811595
310 2.73118936574
311 2.41994092974
312 2.16242357094
313 2.00452412125
314 1.78813500272
315 1.33618753638
316 1.4433100739
317 1.97019490053
318 2.20633193356
319 1.60568910151
320 2.13008656636
321 1.89480474802
322 1.96980480905
323 2.30132426863
324 1.93814280511
325 1.98577118347
326 2.04862517652
327 1.90611069898
328 1.86043254951
329 1.86504776472
330 1.49736016798
331 1.61179391487
332 1.50090238631
333 1.5290465155
334 1.82083798705
335 2.05076384316
336 1.60050205291
337 1.42468241751
338 1.54025811957
339 1.62168306292
340 1.72519343108
341 1.76186565252
342 1.83036271924
343 2.14487760152
344 1.69539098611
345 1.98513505154
346 2.04389224063
347 1.97979346918
348 1.4629134773
349 1.74004538239
350 1.69217386912
351 1.7154495377
352 2.00977460398
353 2.35866888968
354 2.88027029573
355 2.51497579712
356 2.50007251319
357 2.36491679869
358 3.11946293913
359 2.63700194025
360 2.68870500477
361 2.49923747317
362 2.52019461234
363 2.85346137326
364 3.00957042428
365 2.52483549634
366 2.67087999105
367 2.48468581476
368 2.84116151272
369 2.71760381237
370 2.72470566028
371 2.52176222828
372 2.39400985805
373 2.31606754977
374 2.52439230814
375 2.46695616271
376 2.52343032947
377 2.63344602287
378 2.35975225276
379 2.45449464993
380 1.80407521741
381 1.73126835176
382 2.06638886238
383 1.99525914419
384 2.19900352124
385 2.35804570799
386 1.95286104992
387 2.06358685816
388 2.70483595867
389 2.33154425414
390 2.41461123587
391 2.44720771805
392 1.93143671014
393 2.20296365165
394 1.92437675054
395 2.58457862973
396 2.42215294557
397 2.05312802462
398 2.72224965206
399 2.8223597384
400 2.98121204988
401 3.09603663845
402 2.93729442572
403 3.14612432746
404 3.19061990307
405 3.30530423236
406 3.16812738117
407 3.14891493561
408 3.16111595105
409 3.47593772458
410 3.82508692563
411 4.21772115342
412 4.19555779199
413 4.47771058147
414 4.48229199095
415 4.75046695002
416 4.24338206451
417 4.70504964816
418 4.86126140545
419 5.44565688807
420 4.91482435413
421 4.97700764801
422 4.9902221458
423 5.04401120815
424 4.87671040286
425 4.96741581136
426 4.65702533286
427 4.26330783873
428 4.52111744131
429 4.50286157835
430 4.58456920227
431 4.72275951234
432 5.21781890665
433 5.02408464483
434 4.47437533709
435 4.79244923422
436 4.58474907392
437 4.51062248473
438 4.68221261616
439 4.96732278016
440 4.66789583134
441 4.53756593321
442 4.75171596391
443 4.95660916271
444 4.58311085525
445 4.72924586464
446 5.18100625101
447 5.08834871858
448 4.51617517844
449 4.47753585145
450 4.63239158071
451 4.47536793298
452 3.91260246222
453 4.42223569959
454 4.34754730087
455 4.27334309217
456 4.73557743611
457 4.36492407976
458 4.22363042039
459 4.25504817861
460 4.49188285437
461 4.27807735953
462 4.1366288069
463 4.21325068818
464 3.87306823177
465 3.81738297874
466 4.29920284654
467 4.22907570739
468 4.26825063513
469 4.45229992419
470 4.12078813891
471 4.21059471226
472 4.04325716068
473 4.14040677592
474 4.41351032677
475 4.46781091561
476 4.60396799583
477 4.65109090719
478 4.17202759851
479 4.1312823185
480 4.07471511654
481 4.0842994601
482 4.14148193585
483 4.57211332705
484 4.93297808084
485 5.01139592806
486 4.74948487126
487 4.86689045766
488 4.56290853962
489 4.9021640313
490 4.90017261831
491 4.5779076355
492 4.95039071084
493 4.89819607236
494 5.26718615131
495 5.0445235663
496 5.35493966765
497 5.4073327251
498 5.45759416064
499 5.30243192231
500 5.15137396629
501 5.30814029116
502 5.02847680287
503 5.241291483
504 5.134747932
505 5.02049773717
506 5.30668946911
507 4.39273667788
508 4.7000482698
509 4.33946038894
510 5.38447281798
511 5.38562240755
512 5.11099921582
513 5.22729110892
514 5.08696002122
515 5.0550636355
516 5.32006220119
517 5.41765168696
518 5.38158427629
519 4.8060476934
520 5.35799872919
521 5.0277360549
522 4.93534342239
523 4.89738176977
524 5.25120016881
525 4.91943674911
526 5.2453446509
527 5.04196422851
528 5.17785307393
529 5.11289018124
530 4.84982818466
531 5.22653951279
532 5.21282548826
533 5.21836000134
534 5.07511344515
535 5.34082759556
536 5.10892530329
537 5.01621307519
538 4.9782341759
539 5.64666039637
540 5.45267744329
541 4.65768702118
542 4.4137794799
543 4.155501514
544 4.43960688803
545 4.25011012247
546 3.6940327068
547 3.92735479958
548 4.34400340868
549 4.38525670351
550 4.14186950333
551 3.69708107754
552 4.04260803756
553 3.99897486612
554 4.44537747958
555 4.32488262321
556 4.09963730137
557 4.50713765459
558 4.12004053896
559 4.07667347766
560 3.74682677867
561 3.66673954284
562 4.04160178703
563 4.0955255857
564 4.19028590361
565 4.12302762216
566 3.71462209281
567 4.40435010014
568 4.583304329
569 4.28692994794
570 4.12249245525
571 4.34381867766
572 4.38704629348
573 4.2204335871
574 4.56020255809
575 3.96129842477
576 4.31201009558
577 4.50361608147
578 4.5167084012
579 4.62600932436
580 4.90625102861
581 5.31263002388
582 5.4124279176
583 5.51704722404
584 5.14368189804
585 5.60866661624
586 5.32973597328
587 5.3540071776
588 5.53348333923
589 4.74706151211
590 4.73492843065
591 4.89383534576
592 5.12729551365
593 4.66787075293
594 4.79417207087
595 5.29166061583
596 5.02424292862
597 5.31625918718
598 4.92853149008
599 5.09366821736
600 5.72253842497
601 5.5453449249
602 5.55196004048
603 5.12468127844
604 5.28231797818
605 5.3112314818
606 4.87901721545
607 5.1040935099
608 4.63436802002
609 4.99816835276
610 5.24777737565
611 4.91859317508
612 5.08911974001
613 5.13476933247
614 5.3095772227
615 5.65938561779
616 6.1958089325
617 6.22652807363
618 6.2786311435
619 6.19589872697
620 6.55910176806
621 6.89310573281
622 6.75085174944
623 6.92421070556
624 7.03236896482
625 7.0057051136
626 7.63363560825
627 7.40879707148
628 8.29128398659
629 8.17574382541
630 8.00004557289
631 8.07561740905
632 7.83066143143
633 8.22345724174
634 8.44699087543
635 8.5057461707
636 8.02779599608
637 6.83794274606
638 7.24849186023
639 7.41122466242
640 7.37677298093
641 7.63753538207
642 7.62402620718
643 7.4570315585
644 7.7231405812
645 7.30707577334
646 7.13410539358
647 6.99554661343
648 7.36059809931
649 6.80709157788
650 7.10005760347
651 7.35194424623
652 7.62526446357
653 7.30052053644
654 7.56140632332
655 7.84109977365
656 7.58974003969
657 7.81619406581
658 7.47347609709
659 7.40969648696
660 8.17690704264
661 7.72614027511
662 8.30325904936
663 8.24556500783
664 8.14798785392
665 8.35152021317
666 7.98623268939
667 8.10587732328
668 8.58672494555
669 8.85933895369
670 9.0575879043
671 8.86036177226
672 9.11734301889
673 9.18841551519
674 8.59121106078
675 9.27070516502
676 9.14926366057
677 8.85195876298
678 8.99354801793
679 8.69893846348
680 9.08346376537
681 9.18442306815
682 9.07628954094
683 9.05854243321
684 9.22222998992
685 9.42216272274
686 9.47275492318
687 9.11415988459
688 9.05992095991
689 9.62696406355
690 9.39330627751
691 9.21548715363
692 8.86024829554
693 9.07304629038
694 9.37110497969
695 9.07077385138
696 8.81486558209
697 8.73646088177
698 8.93274579717
699 8.69286307172
700 8.78903260685
701 8.65251086335
702 8.45078984634
703 8.78378649112
704 8.7726089891
705 8.82146115756
706 8.53928859615
707 8.66951674173
708 9.01963753487
709 9.31476153344
710 9.06732349195
711 8.41579535859
712 8.79240240589
713 8.66290663671
714 8.41206658005
715 8.66940787639
716 8.5483826221
717 8.80968913665
718 9.07830211687
719 9.12533982675
720 9.18617634469
721 9.47530249541
722 9.05025593278
723 9.16040483156
724 8.91205451277
725 9.26372155002
726 8.75809944497
727 8.63140623388
728 9.53780758466
729 9.50757915203
730 9.36542632282
731 9.34930804708
732 9.02628221958
733 9.27555771348
734 9.53694102979
735 9.67101034308
736 9.79870472198
737 9.89285582183
738 9.41256219461
739 9.56752861709
740 10.0129951784
741 10.1069614221
742 10.0132763516
743 9.96271340281
744 9.89290248479
745 9.79827977686
746 9.49034196112
747 9.44257624336
748 9.5206309989
749 9.3314821974
750 9.28864848621
751 9.47179064013
752 9.68117862142
753 9.72600654195
754 9.64487463721
755 9.65005093374
756 9.47815917144
757 9.66212331643
758 9.50691749444
759 9.26602018933
760 9.5294419282
761 9.27470325829
762 9.25136610147
763 9.08294742821
764 9.78832613086
765 9.87406162857
766 9.94165179033
767 10.2173138888
768 10.346720057
769 9.78516058476
770 9.51564768576
771 9.1339005983
772 8.99306952065
773 9.51591102837
774 9.15761136825
775 9.52288110371
776 9.58100887968
777 9.94703278295
778 10.0045652756
779 10.29702322
780 10.1605077386
781 9.73844225673
782 9.54677960659
783 9.96092278718
784 10.2434670936
785 9.74482239025
786 9.93243123184
787 10.2808854987
788 10.3878108367
789 10.4345554872
790 10.0733309187
791 9.96278578095
792 10.0291379407
793 10.2295815046
794 9.95860794211
795 9.61404823385
796 10.0167736002
797 9.84908716191
798 9.79482538778
799 9.65147238891
800 9.41264718031
801 9.80834850784
802 9.92649960758
803 9.96337664582
804 9.6877334422
805 10.0137218621
806 9.87024412931
807 10.0318459589
808 10.0944350516
809 10.3564214572
810 10.2576259032
811 10.0682630482
812 10.3409357933
813 10.3588151482
814 9.70457485489
815 10.048015406
816 9.83467247097
817 10.2355582655
818 10.0906950042
819 10.4005820939
820 10.1009004815
821 10.3147513246
822 10.6663154481
823 10.1639663494
824 9.93999330677
825 10.0934297388
826 10.0344589071
827 9.77981799384
828 9.47231318989
829 9.87302934391
830 9.62706059297
831 9.83986146808
832 10.0135622916
833 9.65983105543
834 9.92085546844
835 9.91666346181
836 9.99862667679
837 9.72015167406
838 9.60482284203
839 9.80191369038
840 10.0256459628
841 9.99567290415
842 10.4981894534
843 10.4619517884
844 10.6370873202
845 10.0109953278
846 10.1295895819
847 10.3173392699
848 9.883872711
849 10.1446576772
850 10.5217862866
851 10.4735001154
852 10.6283371927
853 10.8384352491
854 10.4125400679
855 10.7164654963
856 10.6666412331
857 10.6333078408
858 10.772843651
859 10.8184721417
860 10.6358146808
861 10.5642854593
862 10.684238124
863 10.4646149975
864 10.3183859672
865 10.2771234617
866 10.1344902482
867 10.1296606126
868 10.5362356502
869 10.6176151738
870 10.4715282459
871 10.4221992376
872 10.6603810971
873 10.9110568677
874 10.5211742445
875 10.7092675479
876 10.8932222028
877 10.5484412519
878 10.2964567794
879 10.5812096972
880 10.203518373
881 10.6554914347
882 10.5379658745
883 10.8896583817
884 10.6684956709
885 10.801665871
886 10.4224158573
887 10.5586533559
888 10.577061815
889 10.7891102117
890 10.5529604111
891 11.2709742095
892 10.8817924657
893 10.9821252549
894 10.7268247194
895 11.1376056179
896 10.6718781627
897 11.1601465056
898 10.9510859638
899 11.4667407023
900 11.0605171869
901 11.3052470433
902 10.8730395752
903 11.6565902552
904 11.5418223799
905 11.1862028753
906 11.0192488232
907 10.8486062982
908 11.1764273948
909 10.829674142
910 11.349933952
911 11.5828870054
912 11.404408416
913 11.8757224264
914 11.600201749
915 11.4390103601
916 11.9583270304
917 11.8505202095
918 11.6861397405
919 11.8792740841
920 11.6952766791
921 11.6563058078
922 11.400024078
923 11.5981416257
924 11.7172512918
925 11.8602393819
926 12.0258989912
927 12.1889990814
928 11.9819097872
929 12.054615399
930 12.0851709548
931 12.3357618922
932 12.2884457553
933 12.9021329854
934 12.9476636884
935 12.7401078953
936 12.7706786448
937 12.5648907858
938 12.460919342
939 12.3277036924
940 12.6284343244
941 12.5623186912
942 12.5334398551
943 12.3452741755
944 12.1178971449
945 12.6539663832
946 12.5014756517
947 12.6041790964
948 12.038013671
949 12.3433826856
950 12.2119439758
951 12.1661237168
952 11.8035108485
953 11.7562203559
954 11.5707737962
955 11.8551089956
956 12.1755236696
957 12.4830554815
958 12.1282254264
959 12.2367554387
960 12.3983856777
961 12.4398830066
962 12.4431789832
963 12.2173932485
964 12.2513285095
965 12.2352603315
966 12.1508689003
967 12.0958243068
968 12.1040417743
969 12.0776488403
970 12.029064266
971 12.0120446095
972 12.0141753672
973 12.4350899493
974 12.3366740296
975 12.3856700807
976 12.8751036249
977 13.0371883821
978 13.3366385869
979 13.2652810215
980 13.5191885804
981 13.189199796
982 13.1719123698
983 13.0648891597
984 13.0823267033
985 13.0565168465
986 13.3332887342
987 12.8824516249
988 12.8091333396
989 13.0945953117
990 13.1457347266
991 13.109860505
992 13.0982353848
993 13.253371571
994 12.6959581061
995 12.9851231698
996 12.5179031346
997 12.3785761394
998 12.5302590775
999 12.7335124296
