0 0.0
1 -0.0796051717085
2 0.054410703738
3 0.169516611364
4 0.075468893967
5 -0.270169753735
6 0.0518011395063
7 0.198407866814
8 0.143381954182
9 0.596183324985
10 0.415573354989
11 0.513669025718
12 0.565835881328
13 0.528505048197
14 0.32316326055
15 0.333225484451
16 0.302003200641
17 0.25777381459
18 0.221954085114
19 0.0733525774954
20 0.121281879988
21 0.0777464545516
22 0.162426523853
23 0.187173175177
24 0.225151520388
25 0.346714469068
26 0.225981464083
27 0.0722019036091
28 0.276801334429
29 0.265600284645
30 0.346411178286
31 0.398533364678
32 0.343265433339
33 0.483636242472
34 0.538507217773
35 0.435919791877
36 0.454671914846
37 0.386463859674
38 0.533089406189
39 0.270170963728
40 0.226289435607
41 0.441485228001
42 0.676229328628
43 0.505679083657
44 0.35125808905
45 0.599358993722
46 0.478156887107
47 0.449776781875
48 0.712112626359
49 0.508209945279
50 0.583478258951
51 0.398361257
52 0.383174710015
53 0.298273077674
54 0.41938527664
55 0.354221490425
56 0.191760683947
57 0.579148353537
58 0.469789080929
59 0.362060615132
60 0.716608557306
61 0.338299832648
62 0.812244562165
63 0.641942469617
64 0.591854129134
65 0.397458875139
66 0.630829614903
67 0.580402785485
68 0.634525110479
69 0.672305263751
70 0.520507361508
71 0.596879550903
72 0.600103575176
73 0.403820493735
74 0.354614837235
75 0.429242408971
76 0.338100490119
77 0.563531764621
78 0.880056975995
79 0.737672641421
80 0.54155924074
81 0.42195931036
82 0.779540142459
83 0.312248312716
84 0.653447796333
85 0.294038071624
86 0.482781242485
87 0.424818805563
88 0.692589200927
89 0.562099518317
90 0.431164373508
91 0.432978607645
92 0.735456562887
93 0.613076813724
94 0.472719018213
95 0.384955641413
96 0.590569336914
97 0.232995658758
98 0.708799362181
99 0.317806811217
100 0.375278421035
101 0.469331259104
102 0.398579222565
103 0.395065599052
104 0.441816692326
105 0.319127039635
106 0.616521301639
107 0.583695611493
108 0.475992676986
109 0.569013991232
110 0.541548213131
111 0.0992619601535
112 0.291117804687
113 0.650008550832
114 0.705514077057
115 1.05958686761
116 0.712621291008
117 0.510453636115
118 0.583927074443
119 0.827924151174
120 0.575019549064
121 0.544646177085
122 0.817541862602
123 0.555690946579
124 0.788717928397
125 0.459419978205
126 0.422032061781
127 0.51379685542
128 0.323741683162
129 0.362747055495
130 0.513342008018
131 0.407637949
132 0.570181132768
133 0.352627726959
134 0.250003496058
135 0.255795289474
136 0.282001021201
137 0.585606344164
138 0.523033763511
139 0.347879009549
140 0.696256285469
141 0.741659677231
142 0.429875905853
143 0.553316868691
144 0.794584285225
145 0.68759456424
146 0.814680556423
147 0.602447929211
148 0.842848768559
149 0.753548383149
150 0.823933690925
151 0.757578278735
152 0.638239069208
153 0.841068755228
154 0.656456911723
155 0.594944452173
156 0.802995594152
157 1.01932372027
158 0.732799229298
159 0.867639280648
160 0.847572757952
161 0.609198258241
162 0.60313620278
163 0.502580621677
164 0.534906270611
165 0.631532503548
166 0.328335658356
167 0.474976595227
168 0.507458510673
169 0.606088484381
170 0.555452100231
171 0.645686632853
172 0.640712081047
173 0.939612234296
174 0.565089131307
175 0.797308738379
176 0.857459108276
177 0.679469587895
178 0.876492079737
179 1.07002058711
180 1.30234833843
181 1.3464029303
182 1.30539173758
183 1.00074063882
184 1.30953324587
185 1.07302032921
186 1.12122473281
187 1.18389687943
188 1.19234776209
189 1.03860312078
190 1.06296286007
191 0.925727291095
192 1.34166909882
193 1.37678212744
194 1.45553381111
195 1.43547399949
196 1.6709825615
197 1.60068005913
198 1.66155794551
199 1.47277912528
200 1.4419176596
201 1.7936147707
202 1.67645664172
203 1.68023361857
204 1.93529342088
205 1.62905479394
206 1.86186116597
207 1.70943318811
208 1.66626263017
209 1.79527286086
210 1.73648090969
211 1.79790831002
212 2.10160269526
213 2.13228512923
214 1.99438971105
215 2.08747895259
216 2.19937165491
217 1.9845406874
218 2.10002644112
219 2.16992105416
220 2.26523061744
221 2.21176169613
222 1.91139051961
223 1.3298574485
224 2.0286191533
225 1.41957888249
226 1.71950086006
227 1.7483914898
228 2.12111516802
229 2.07366143889
230 1.83078644748
231 2.18000684642
232 2.48329494296
233 2.63974420685
234 2.88061387047
235 2.58295347487
236 2.72719639315
237 3.0112421768
238 3.04429778962
239 3.14755574439
240 2.90501931104
241 2.46500944683
242 2.57543544205
243 2.38250919209
244 2.29469905367
245 2.14166539139
246 2.7606066057
247 2.36273436308
248 2.69309146519
249 2.81075458802
250 2.87570941926
251 2.36650088289
252 2.19435217981
253 2.51625379496
254 2.58461995004
255 2.87400883987
256 2.76555679143
257 2.62515806148
258 2.07252338244
259 2.57245995326
260 2.43064139253
261 2.4808541561
262 2.39608578176
263 2.21598892018
264 2.06049769321
265 2.16487785597
266 1.64876699098
267 2.20061449799
268 1.94092130315
269 2.62908077888
270 2.95744353375
271 3.04869420194
272 2.89506112326
273 2.7206452746
274 2.63606917471
275 2.52965713317
276 2.50792470308
277 2.66442441211
278 3.49644164897
279 3.72374155887
280 4.03072067719
281 3.90855517596
282 3.95247830318
283 4.58664364613
284 4.7199131529
285 4.52057427557
286 4.16986891877
287 3.95644516832
288 4.18330856263
289 4.7080724755
290 4.46758234984
291 4.46779120283
292 4.89631311399
293 4.77447556347
294 4.7542667805
295 4.87649810472
296 5.24109052999
297 5.31105658166
298 5.05381210394
299 5.48468478031
300 5.7048255211
301 5.22302411577
302 4.90459985032
303 4.75508981537
304 4.54681803334
305 4.77008044069
306 4.7276417756
307 4.51732168706
308 3.87353356659
309 3.36194756205
310 3.81972819925
311 3.76825700589
312 3.63992688823
313 3.93142576138
314 3.80915604515
315 3.45899791545
316 3.34149941635
317 3.44008965946
318 3.61657557931
319 3.75901805721
320 3.67351629853
321 3.79484592915
322 3.1556346257
323 3.30341278675
324 3.08248010955
325 3.0598835767
326 3.0308367826
327 2.72063795009
328 2.29649335596
329 1.88568850789
330 1.54136128194
331 2.423447075
332 2.28586973291
333 2.04158774861
334 2.54567167673
335 2.52261859343
336 2.15200338488
337 2.16526244522
338 2.5373957426
339 2.63380376829
340 3.27846968847
341 2.21451167827
342 2.63934464055
343 2.35190496165
344 2.95567211147
345 2.81748410394
346 2.6670651192
347 2.65814524678
348 2.12755054604
349 2.17094851718
350 2.32879675325
351 2.54992689329
352 2.60151281346
353 2.06166963808
354 2.62696477861
355 2.38801000539
356 2.2673554466
357 2.26566964242
358 1.93740602282
359 2.60109157394
360 2.96433667501
361 3.04510116036
362 3.01789587477
363 3.0212665473
364 2.75977184774
365 2.84654827998
366 2.86689122117
367 2.98886060531
368 2.37743634683
369 2.45515518826
370 2.88465760899
371 2.84526691023
372 2.65681583326
373 2.6344199772
374 2.39538564811
375 2.4277613022
376 2.01495502707
377 2.50881110831
378 2.5410000775
379 2.97836006601
380 3.01802172275
381 2.91892201631
382 2.70411853237
383 3.28008301926
384 3.26312382409
385 3.26951793321
386 3.25009261456
387 3.20874329956
388 3.28508348091
389 3.20700135362
390 3.44781915937
391 2.9755897521
392 3.17466948368
393 3.49880817521
394 3.93129742849
395 4.28677254519
396 4.53748557427
397 4.36861875293
398 4.44606154769
399 4.30248548872
400 4.30306245523
401 4.36450885772
402 4.41642389652
403 4.08530893911
404 4.07833892629
405 4.57727390137
406 3.92440374918
407 3.76788708221
408 3.80973022315
409 4.31577243418
410 4.00285122208
411 3.70395389371
412 3.72970096145
413 3.93677372833
414 4.39168965764
415 4.31865706049
416 4.81895979754
417 5.00157153107
418 4.70877449148
419 5.07978238122
420 5.70122374037
421 5.47780494886
422 5.49922500714
423 6.40949418838
424 6.26860219148
425 6.02734818651
426 5.87156604076
427 6.07547136456
428 5.4295370759
429 5.43468294086
430 5.18246171177
431 5.27943275068
432 5.56253562495
433 5.91483714757
434 5.77871862381
435 6.00191880229
436 6.17244387419
437 5.86484236148
438 6.16720531546
439 5.93388500107
440 5.88377783189
441 5.76153273136
442 5.33690754449
443 5.95583991405
444 5.36361993078
445 5.51889600206
446 5.52060879585
447 5.1156407284
448 5.47431660206
449 5.50115456224
450 5.61735910487
451 5.02968522296
452 4.72495971477
453 5.44476007585
454 5.70203828124
455 5.40772649162
456 5.82656943643
457 6.10066021653
458 6.47205517702
459 6.030343753
460 5.95299046058
461 6.63072155665
462 6.44619651935
463 6.8327470861
464 6.41179049808
465 6.13239029408
466 6.04426712896
467 5.75742751296
468 6.39815272583
469 6.28336552783
470 5.69885127238
471 5.57136974011
472 5.85844690928
473 6.21994809608
474 5.90057110657
475 6.36133926098
476 6.04853164501
477 5.9652120529
478 5.51989033505
479 5.39242165409
480 5.83125020775
481 6.18581264322
482 6.11112215394
483 6.25613083308
484 6.39694047237
485 6.96171920818
486 6.83025158156
487 7.07652281758
488 7.32119131877
489 7.04447793984
490 6.59444565178
491 6.10102774129
492 5.56059870028
493 5.80819873783
494 6.32232754244
495 6.20726206776
496 5.8767001186
497 6.08787274368
498 6.0908268583
499 6.19040057593
500 6.11452420038
501 5.67330930808
502 5.51073462551
503 5.45084279557
504 5.85302209128
505 5.8122657083
506 6.07056961316
507 6.46706582202
508 6.60264490787
509 6.55168535382
510 6.72378009868
511 6.75068349995
512 6.64133968729
513 6.25810517573
514 6.59814502762
515 7.58323175049
516 7.47554799911
517 7.79156864787
518 8.63342093827
519 8.28273256468
520 8.23482317843
521 8.25425303118
522 8.50965911123
523 8.55103820631
524 8.89790491835
525 8.95569292992
526 8.45061390598
527 7.63933335839
528 7.62582129112
529 7.7923416734
530 7.83586589124
531 7.56769160223
532 7.31333038621
533 7.91355669418
534 7.76047155955
535 7.77317400862
536 7.97930916384
537 7.88820551374
538 8.01787122526
539 8.16280055244
540 8.61040958468
541 8.37231472186
542 8.09697822705
543 8.25743081476
544 8.21103637226
545 7.92825040924
546 8.22596953272
547 8.35893204734
548 8.70608491188
549 9.11745667901
550 8.88354297637
551 8.31265153181
552 8.06185238597
553 7.99500498154
554 8.17996751182
555 8.55735198861
556 8.11968524426
557 7.86681924931
558 7.89311366388
559 7.5229692935
560 8.05333141049
561 7.67222180776
562 7.12631116786
563 7.47355706575
564 7.70929074073
565 7.86600494736
566 7.44995583649
567 7.41093629145
568 6.78327500444
569 6.67411515071
570 6.30491743901
571 6.59244501977
572 6.9444812406
573 7.33568177842
574 7.48343564416
575 7.67327237002
576 7.79743711002
577 7.89325295436
578 7.78706209064
579 7.35998716525
580 6.95014796444
581 6.96130063029
582 6.56628294174
583 7.48811277653
584 7.18886127771
585 7.4183173953
586 7.5027220306
587 7.09938059017
588 7.48248536378
589 8.14339031867
590 8.1487936555
591 8.2574028108
592 8.05547495967
593 8.42265756043
594 8.57643702964
595 8.89704093066
596 8.94646579029
597 8.42749227534
598 7.93031516192
599 8.13159101729
600 8.30538683201
601 8.63724484927
602 8.52102668012
603 8.57408090668
604 8.09546994389
605 8.42594157492
606 8.42101295677
607 8.39405786457
608 8.57581375919
609 8.55369434824
610 9.05093596224
611 8.96942366697
612 9.14494648414
613 9.46386490576
614 9.41096822009
615 8.96066932316
616 9.28491512745
617 9.36819187328
618 8.48589433313
619 8.91159169912
620 9.01507059775
621 9.14476833833
622 9.00952898679
623 9.19095963145
624 8.92819385126
625 9.05475669561
626 9.59783355312
627 9.32080355736
628 9.5244461686
629 9.87421491857
630 9.6454562976
631 10.4644305543
632 10.2028674908
633 9.58066152865
634 9.7013282771
635 9.59991756801
636 9.19938116328
637 8.79297877792
638 9.04247454177
639 8.9480194094
640 9.0172801401
641 8.55052071408
642 8.85090395447
643 9.08302691129
644 9.34670722412
645 9.20515482088
646 9.63127367981
647 9.7042919525
648 8.92440412673
649 8.67048555272
650 8.50242614978
651 8.42176930669
652 8.74430019732
653 8.86069794184
654 9.19959164101
655 9.02816551463
656 9.99636854516
657 9.41586889511
658 9.79981397459
659 9.51946064465
660 9.51846817258
661 10.1619076559
662 9.95923024669
663 9.84021232047
664 9.59362385073
665 9.39085377888
666 9.08907151311
667 9.26514141687
668 8.97439347571
669 9.36220029962
670 9.30740491219
671 8.87932094219
672 9.43803303873
673 9.09287044121
674 9.5148924589
675 9.68407009258
676 9.76125983925
677 9.59433159908
678 8.84763967123
679 8.49994520483
680 8.6105285063
681 8.74363056746
682 8.48718315753
683 8.59796862434
684 8.66306286661
685 8.52178921171
686 8.83444431272
687 8.03859795583
688 8.50497385843
689 8.25322065554
690 7.96781272209
691 8.45686202843
692 8.03494781912
693 8.49457823776
694 8.66303781021
695 9.04057301553
696 8.8725378559
697 9.03091731014
698 8.82253337087
699 8.65996930141
700 8.74487806695
701 8.51207267547
702 9.02819034951
703 8.4756446236
704 8.67873743659
705 8.96002937516
706 8.54394247698
707 8.52650513673
708 8.17783921823
709 8.24009783861
710 7.87241852259
711 7.898631438
712 7.81328988047
713 8.02865528242
714 8.83011440423
715 8.8400509126
716 8.48057989351
717 8.63869910407
718 8.11789506899
719 8.58197805085
720 8.57696442866
721 8.19569931243
722 9.29352911577
723 9.65889030955
724 8.95277015467
725 8.72616871738
726 8.65450565772
727 8.400163303
728 8.49762732957
729 8.16458904072
730 8.79699938424
731 8.75175562275
732 8.53574350279
733 9.19684304283
734 9.09837166169
735 8.97654169204
736 8.4019974738
737 8.11656598309
738 8.62370146824
739 8.5282898148
740 8.87949406325
741 9.16149277791
742 9.16807112022
743 9.49117311133
744 9.63141218437
745 9.48170133103
746 9.28326564338
747 9.38889415248
748 9.94337485367
749 9.87723292975
750 10.2731533077
751 10.242291686
752 10.9117405169
753 10.2532391892
754 10.5700344565
755 10.4176872785
756 10.3317532457
757 10.3401987102
758 10.0267569017
759 10.2975736922
760 10.6744721715
761 10.8419569929
762 10.8783918961
763 10.9858942396
764 10.6930397354
765 11.1443287408
766 11.2726224488
767 10.8166348486
768 11.2040185151
769 11.7878199311
770 11.587304759
771 11.5341520656
772 11.3267158271
773 11.6076455613
774 10.8076843705
775 11.0010514548
776 11.1007998852
777 11.0551788122
778 11.4488674644
779 10.6414630718
780 10.1596956245
781 10.0956335343
782 10.3156572611
783 10.8619503893
784 10.7420527727
785 11.0124336198
786 11.2695334432
787 11.1145817352
788 12.1100282007
789 12.0136449982
790 11.413163907
791 11.5784312274
792 11.850322064
793 11.5989540568
794 12.1788180531
795 12.0081200122
796 11.7125885036
797 11.8374102649
798 11.9491022385
799 12.126442521
800 11.5383758065
801 11.6253603092
802 11.5842986254
803 11.5197292403
804 11.903420289
805 11.7421008189
806 12.0642457734
807 12.5603379891
808 12.7237167167
809 12.7625490072
810 11.9785842505
811 11.934559252
812 12.1105298899
813 12.0294079206
814 12.1145385342
815 11.8568495257
816 11.976960874
817 12.3127833951
818 12.5808065063
819 12.6365916281
820 13.0276166074
821 12.9219156378
822 12.6379467648
823 12.9058222346
824 13.1148962142
825 13.2802028354
826 13.3283404044
827 13.3130527048
828 12.9637250337
829 13.0010748514
830 13.0104101665
831 12.641631613
832 13.0749478535
833 13.4286271645
834 12.9504723653
835 13.1612180161
836 13.1351696381
837 13.0424106001
838 12.3552247283
839 12.36698845
840 12.4650822405
841 12.6109010541
842 12.8336173833
843 12.5222528437
844 12.3383465499
845 12.037862603
846 12.1529275438
847 12.5482647632
848 12.4936380922
849 12.5686976312
850 12.90307862
851 12.9742968194
852 13.0487993454
853 12.9115509739
854 12.6263856695
855 12.9169615955
856 13.0491735147
857 13.0099465248
858 12.9580775266
859 12.5296293394
860 12.5791967076
861 12.598872375
862 12.673421524
863 12.3275713467
864 12.4313384551
865 12.7837871105
866 12.6282758159
867 12.6616489638
868 12.3170063521
869 12.5720609818
870 12.7673341297
871 12.5967552094
872 12.3986294424
873 12.2467099986
874 12.4081124131
875 12.5012383533
876 12.6711828609
877 12.9953840982
878 12.8282489254
879 13.1022126035
880 13.1598690649
881 13.1515478479
882 13.2100762722
883 13.161188344
884 12.883716154
885 12.5877456393
886 12.3782450686
887 12.2308529781
888 12.4866474384
889 11.8303413819
890 11.8527586137
891 11.9635665726
892 12.3350501102
893 12.5983831238
894 12.3483598107
895 12.5631447073
896 12.5235640182
897 12.2842048428
898 11.5250035245
899 11.189902207
900 11.2731763594
901 11.7041897005
902 11.892355437
903 11.9295135522
904 12.0357573509
905 12.2552784492
906 12.5398229539
907 12.1294870306
908 11.569853962
909 11.5457455639
910 12.1166909291
911 12.170048552
912 11.5520413214
913 12.1994629504
914 12.394831715
915 11.6562818733
916 11.5805655815
917 11.834678934
918 11.6379415286
919 11.61474298
920 11.4842332395
921 11.4552674957
922 11.2276578726
923 10.870392653
924 11.6339021207
925 11.5206689813
926 11.642381097
927 11.2928167469
928 11.2733352478
929 11.4166920621
930 11.258950405
931 11.3840187493
932 11.5028922966
933 11.4316855527
934 11.7044152724
935 12.2136073285
936 12.8484981117
937 12.9499509008
938 13.3955204495
939 13.6222218563
940 14.122510894
941 13.6549501319
942 13.4545388721
943 13.5435012261
944 13.3571755631
945 13.4851315746
946 13.1423584302
947 13.4561512595
948 13.4698097194
949 13.3885099058
950 13.1866550064
951 12.9667405995
952 12.8373390367
953 13.0129593416
954 13.0686168664
955 12.9070880636
956 13.1435185297
957 12.9937100375
958 13.2502066103
959 12.993182069
960 12.9073185401
961 12.9224852737
962 13.1561490484
963 13.0485098708
964 13.1427489878
965 13.2719187782
966 13.3334977887
967 13.5077343248
968 13.1647210012
969 12.8510621944
970 13.0943114934
971 13.1204190328
972 13.302545315
973 13.083886676
974 13.2568061486
975 12.8444791125
976 12.5755839816
977 12.5528759801
978 12.1541982431
979 12.5632062272
980 12.4748065139
981 12.603198576
982 12.9709712187
983 12.7646013704
984 12.3156900596
985 12.0925796597
986 12.0008607702
987 12.2262446379
988 12.590421538
989 12.1116671473
990 12.3387516285
991 12.3590377068
992 12.3934822513
993 12.3696376415
994 11.8904633056
995 11.6734748001
996 11.4667133911
997 11.5804837683
998 11.3692307876
999 11.0454238658
