0 0.0
1 -0.0654818861458
2 -0.0599509840061
3 -0.0970191124847
4 0.0792051573765
5 0.0961861042523
6 -0.0352062611008
7 -0.029363415197
8 -0.134955253362
9 -0.284777144815
10 -0.212837128193
11 -0.119915084749
12 -0.191851738516
13 0.106418977401
14 -0.288176313749
15 -0.273122470283
16 -0.719373135156
17 -0.299030825433
18 -0.568114782757
19 -0.671673806154
20 -0.485637982207
21 -0.222297054575
22 -0.203239003022
23 -0.152667889005
24 -0.259542467276
25 -0.315579350354
26 -0.061373275907
27 0.00356772357016
28 -0.275644923219
29 -0.133289367752
30 -0.108458775257
31 -0.511636340265
32 -0.111761334009
33 -0.327854285272
34 -0.432595153896
35 -0.37147717351
36 -0.511762367326
37 -0.535608117952
38 -0.365720604459
39 -0.354334099679
40 -0.275946077496
41 -0.385280442688
42 -0.47892787765
43 -0.525230375719
44 -0.620918354434
45 -0.374434187551
46 -0.424979997415
47 -0.299095548163
48 -0.573608348448
49 -0.476200960105
50 -0.116798971104
51 -0.0487949430838
52 -0.0920091682634
53 -0.189664205768
54 -0.13029776259
55 -0.374367416387
56 -0.329204016432
57 -0.315777303931
58 -0.435626055569
59 -0.503351889596
60 -0.508384542454
61 -0.501724228472
62 -0.274089281182
63 -0.637162740643
64 -0.478094567371
65 -0.2828914929
66 -0.370092252254
67 -0.314608053086
68 -0.475455657348
69 -0.115104048449
70 -0.351715330973
71 -0.275286497854
72 -0.24860649273
73 -0.189439549063
74 -0.0152340208758
75 -0.46490983793
76 -0.537378615672
77 -0.201465012778
78 -0.0938542267784
79 -0.0795943916542
80 -0.328267321247
81 -0.22153303716
82 -0.130969407991
83 -0.126411141478
84 -0.0792539197241
85 -0.274103894639
86 -0.497810573678
87 -0.37957027537
88 -0.122172044977
89 -0.183821009086
90 -0.117683039613
91 0.00867878699549
92 -0.167765981152
93 -0.0764488135982
94 -0.146869678329
95 0.0336092160045
96 -0.322637560333
97 -0.103041467603
98 -0.263387381871
99 -0.398598958619
100 -0.521408981033
101 -0.0783470078687
102 -0.284495158097
103 0.0121200248003
104 -0.176576312312
105 0.386377850605
106 0.157821083047
107 0.237187429458
108 0.235346011962
109 -0.0473206265077
110 -0.102590015324
111 -0.0206425862171
112 0.1199833191
113 -0.0654843325221
114 -0.332909033494
115 -0.0933492530534
116 -0.0537686140824
117 -0.0683301819873
118 0.0010957308719
119 0.228655153715
120 -0.037623598519
121 0.218246025376
122 0.154813225482
123 0.202529499207
124 0.234770813953
125 0.438888901591
126 -0.212670393418
127 -0.0435204230194
128 0.291721250752
129 -0.0396695555914
130 0.106590108716
131 -0.0226123208771
132 0.10140862019
133 -0.0797062175753
134 0.00421110855023
135 -0.0265098177415
136 0.0171605469028
137 0.294283170229
138 -0.205809470123
139 0.0270281553709
140 0.00436691239081
141 -0.181791872265
142 0.153034891333
143 0.140089921096
144 0.0634368123884
145 0.00529293085505
146 -0.160414570924
147 -0.109389321004
148 0.091416766512
149 0.281318780175
150 0.201173332678
151 0.165705488967
152 -0.0876221914014
153 0.115218706991
154 0.00635622542963
155 0.0486799054917
156 0.0241445089214
157 0.103981251832
158 -0.0867399967389
159 0.134979277883
160 0.00297501873355
161 -0.0137002699697
162 -0.0304679772963
163 0.0668218700675
164 0.179952108663
165 -0.154081411462
166 -0.214222273527
167 -0.163022099463
168 -0.0664281837819
169 0.0269511159309
170 -0.168404144223
171 0.0125962205972
172 -0.0528524939825
173 -0.193523894705
174 -0.0295764758718
175 -0.121161164753
176 -0.466113962891
177 -0.363965578558
178 -0.218567629491
179 -0.030051162279
180 0.284162576296
181 0.279949307035
182 0.20431395164
183 0.221688985966
184 0.361032324388
185 0.00664456554169
186 0.338270254896
187 0.370441965906
188 0.212532271277
189 0.192200105599
190 0.180914951306
191 0.404526133092
192 0.281240404249
193 0.125227009252
194 0.201988900852
195 0.199015534406
196 -0.0227410219582
197 0.108416250963
198 0.0745031423809
199 0.242795056671
200 0.352227629062
201 0.422621127008
202 0.289955128778
203 0.149300496265
204 0.261391141019
205 -0.0970195502463
206 0.00224686939404
207 -0.153936388758
208 -0.179656230398
209 0.212899564836
210 -0.0636219752289
211 0.061516145373
212 0.0573199419127
213 0.127947120454
214 0.149147785716
215 -0.144957579415
216 0.0447336193444
217 0.0144516119193
218 0.118305572265
219 -0.0672584390728
220 -0.157074563488
221 0.236880824723
222 -0.313969647704
223 -0.0893102723631
224 0.0188409093523
225 0.339304477446
226 0.213977813354
227 0.0420210802731
228 0.0411900771224
229 -0.315068479655
230 0.117713857394
231 -0.0711700772334
232 0.0907823718177
233 0.0459681969149
234 -0.0106729058624
235 -0.261789967354
236 -0.334617624479
237 -0.037569991854
238 -0.188154121054
239 -0.140709429136
240 -0.454806544074
241 0.0332920163282
242 -0.129346109469
243 0.235256354624
244 0.100828845489
245 -0.0654180022431
246 0.0372647907403
247 -0.229845153084
248 -0.0425930809079
249 0.284961225649
250 0.179194603756
251 0.0532853414899
252 0.324067487173
253 0.0209342502736
254 -0.0314421152154
255 0.200812301525
256 0.11023009635
257 0.202793086792
258 0.177054138582
259 0.30956667811
260 0.323540572535
261 0.328061943152
262 0.341201411175
263 0.314590550298
264 0.42098798724
265 0.274429608121
266 0.422400064159
267 0.390714928403
268 0.285524462921
269 0.338150594577
270 0.240502476181
271 0.538342433095
272 0.681023931189
273 0.662578896222
274 0.685574399367
275 0.63969562586
276 0.367570352744
277 0.74709236619
278 0.919051086488
279 0.552206269782
280 0.699204066765
281 0.631860115433
282 0.790199439977
283 0.730921325883
284 0.519549995292
285 0.598017701515
286 0.719781336818
287 0.479383278335
288 0.408203280211
289 0.397329692636
290 0.253617414536
291 0.240721713748
292 0.180313799046
293 0.343877261095
294 0.735031388982
295 0.681847299292
296 0.73789138682
297 0.816111452
298 0.717393834444
299 0.750548707078
300 0.860208884045
301 0.819550772173
302 0.821688151926
303 0.915225481811
304 0.673549602975
305 0.832375268645
306 1.03476289007
307 0.922446154026
308 0.943719804395
309 1.23653136341
310 0.869891063289
311 1.23533827571
312 0.977802773343
313 0.877905120114
314 1.02750808827
315 1.4716060391
316 1.26403529349
317 1.43498246017
318 1.3222198716
319 1.46825421981
320 1.42263360914
321 1.43962521076
322 1.71243493068
323 1.73159620392
324 1.58200016402
325 1.40667809159
326 1.50346574888
327 1.40532529136
328 1.47421069434
329 1.47762069168
330 1.88938950064
331 1.80025080957
332 1.98961537475
333 1.85919256961
334 1.72530516842
335 1.76666261905
336 1.85686089957
337 1.59264207735
338 1.58231399396
339 1.70702126102
340 1.8156049421
341 1.58330840562
342 1.74215469489
343 1.76179478947
344 1.53599920303
345 1.79429033269
346 1.76259949984
347 1.80420008228
348 1.9598248811
349 1.84810792085
350 1.83800681371
351 1.70503577038
352 1.61614113326
353 1.98385454951
354 1.41337362218
355 1.46897925011
356 1.85718849668
357 2.05771209815
358 2.10565814565
359 1.63746447857
360 1.82169950776
361 1.49015210556
362 1.80990332316
363 1.73913453273
364 1.79189522044
365 1.99196499429
366 1.88677872101
367 1.46083908144
368 1.65092141533
369 2.10917534027
370 1.74231041373
371 2.01920203504
372 1.78293967229
373 1.86416558345
374 1.87668991112
375 2.10327988635
376 1.98481579736
377 2.13688921645
378 1.89522118563
379 2.33368076123
380 2.03621790548
381 2.15109717058
382 2.08154258569
383 2.24955434777
384 2.43786030058
385 2.19156518334
386 2.34714917091
387 2.97094742807
388 2.55315734797
389 2.65913747868
390 2.70395649407
391 2.60061046125
392 2.43544752647
393 2.4239067861
394 2.46277884073
395 2.84981637233
396 2.58893637673
397 2.3732745881
398 2.75968181352
399 2.57788101558
400 2.43398261063
401 2.22908374983
402 1.86959774569
403 2.51838196908
404 2.26790024085
405 2.62756968672
406 2.10758097065
407 2.21084578263
408 1.88616956761
409 1.90388989787
410 2.1113633432
411 2.54044950078
412 2.1227804397
413 2.10171438562
414 2.15287627061
415 2.33279380947
416 2.06588654714
417 2.43586979829
418 2.79230929446
419 2.66575131987
420 2.30505480238
421 2.26355427269
422 2.24601292946
423 2.21771948821
424 2.13773877025
425 2.11226638238
426 2.17746095503
427 2.0221845018
428 2.19499544712
429 2.48955903083
430 2.34908703159
431 2.3430291749
432 2.88980307855
433 2.01897892063
434 2.49329212692
435 2.78638569448
436 3.26453961587
437 3.41129044929
438 2.67946199519
439 2.81687360246
440 2.47926066559
441 2.50698820673
442 2.39285838579
443 2.62145393551
444 2.67093167775
445 2.16908063243
446 2.26015222906
447 2.14725132838
448 2.69808814225
449 2.54175761263
450 2.50382080494
451 2.28620732892
452 2.25014760192
453 2.11483555281
454 2.31297497384
455 2.5115740678
456 2.49242636997
457 2.82752594514
458 3.06085705905
459 3.02060942053
460 3.45644261671
461 2.9834701612
462 2.95933248774
463 3.15788456523
464 3.42515513809
465 3.22175955712
466 3.52493442516
467 3.44320042945
468 3.22650861481
469 3.18363833244
470 3.27518552384
471 2.7620846435
472 3.13085894443
473 3.25136147181
474 2.75175594205
475 2.87215338435
476 2.88506860932
477 3.42781873059
478 3.74618525569
479 3.56202449147
480 2.98158212108
481 3.54044279117
482 3.35243476585
483 3.42442286221
484 3.30800885783
485 3.19872156561
486 3.70378947096
487 3.90434699509
488 3.50843584112
489 3.67062989164
490 3.75406096678
491 3.50841354793
492 3.75666985003
493 3.70419351593
494 2.87515621283
495 3.80066961587
496 3.72919988817
497 3.65725878784
498 4.37551464944
499 4.06347218942
500 4.09580545325
501 3.6941513933
502 4.00917437512
503 4.24433243397
504 4.51038191712
505 4.06065741822
506 3.78561138364
507 3.85906610898
508 3.77665452265
509 3.66159569529
510 3.22853308397
511 3.02486871584
512 2.93131700868
513 2.74343944683
514 2.94773611394
515 2.97300228885
516 2.76863916994
517 3.10375442443
518 2.4609425781
519 2.76019177944
520 2.48813182681
521 2.21340459253
522 3.10032766343
523 2.56956913127
524 3.11141766662
525 3.15881085091
526 3.07331134539
527 3.04260368261
528 2.91739935916
529 2.83550560686
530 2.70659124217
531 2.85132772346
532 2.94795719953
533 3.19091216841
534 3.4155900039
535 3.36994885746
536 3.57549738208
537 3.56250321187
538 3.63220136633
539 4.10880617278
540 4.43132240405
541 4.53473329189
542 4.4949202382
543 4.3226094487
544 4.22597104914
545 4.32074266677
546 3.82995256634
547 4.42536198469
548 4.09597527658
549 3.79480731655
550 4.27093932197
551 4.11207601231
552 4.69657967636
553 4.70530498988
554 4.53181401775
555 4.14921421162
556 4.02068806349
557 4.10317496174
558 4.63952508909
559 4.34475161432
560 4.71925127736
561 4.75447524482
562 5.35414631864
563 5.3107861138
564 5.23077583031
565 5.55304900778
566 5.45258580706
567 6.4510412567
568 5.96922300443
569 5.52997177977
570 5.90817256179
571 5.59078557493
572 5.8191541862
573 5.87924304477
574 5.98878772943
575 6.09126431107
576 6.11367561706
577 6.39420875615
578 5.84424864356
579 5.81901291811
580 6.15014498606
581 6.18640873093
582 6.27948303954
583 5.91430652299
584 5.47470235116
585 5.28619103996
586 5.66590413043
587 5.41578995846
588 5.54639424162
589 5.59923187246
590 5.62653431949
591 5.70809131266
592 5.87791310881
593 6.14862583279
594 6.21994451457
595 6.58858939122
596 6.44962458851
597 6.2379653314
598 5.94152279595
599 5.7209889854
600 6.09683672507
601 6.07787523737
602 5.81958589503
603 5.64940361909
604 5.88435130382
605 6.23671444023
606 6.28993765324
607 5.85917963154
608 5.97624573207
609 6.15170347514
610 5.93844032238
611 6.49842850654
612 6.11908758561
613 5.86424372974
614 6.57549281773
615 6.58304032734
616 6.36415689291
617 6.30883634282
618 6.58079731356
619 7.00830640831
620 6.57032913275
621 6.03523432547
622 5.94585416949
623 6.07203764568
624 5.92901803996
625 5.7918421679
626 5.84740964912
627 6.05257398293
628 6.01494529719
629 6.21426294738
630 6.176777946
631 6.48605975963
632 6.67586190929
633 6.8077603124
634 6.88784052748
635 6.84047597128
636 6.77496241041
637 6.74351284103
638 6.74289627971
639 6.66586836646
640 6.62275762683
641 7.05967791063
642 6.44396300882
643 6.35358844316
644 6.50952820136
645 6.62504330006
646 6.83773493963
647 6.47726607187
648 6.50901008167
649 7.23672572592
650 6.99303539684
651 7.23691621613
652 6.73388822502
653 6.86352903931
654 7.2016116559
655 7.67491122688
656 7.72711972048
657 7.58058901234
658 7.39107906237
659 7.32621147619
660 8.1978541154
661 7.81972989317
662 7.88633272831
663 7.70213600694
664 7.60326869878
665 7.34138854841
666 7.30593913138
667 7.56393536672
668 8.53352007993
669 8.13996848262
670 7.93853846958
671 7.89012814879
672 8.19181274232
673 8.28129736612
674 8.27864301544
675 8.26292746635
676 8.52550476402
677 8.62259923787
678 8.73797531993
679 8.74728205642
680 8.28440792123
681 8.48972176769
682 8.12654367553
683 8.18383760359
684 8.4219866754
685 7.65647182047
686 7.37829116031
687 7.3873007978
688 7.80087285404
689 7.68628473554
690 7.62380411919
691 7.6058185125
692 7.6249272118
693 8.39679227124
694 8.6615330266
695 7.77167228569
696 8.1457391915
697 8.33421402272
698 8.24213942943
699 8.67880790816
700 8.65498589727
701 8.76119650677
702 8.80601335145
703 8.94150901608
704 9.26338294076
705 9.17689901365
706 9.05400151712
707 9.06743686922
708 8.88788347691
709 8.35624041092
710 8.60751171933
711 8.33576282631
712 8.72820966097
713 8.53184270113
714 8.42969400197
715 8.41666317031
716 9.15445958468
717 8.75582042048
718 8.59897781179
719 8.9062879234
720 9.03412667462
721 8.76771159082
722 8.4745557421
723 8.50686432855
724 8.38105299317
725 8.75464005961
726 8.64712074517
727 8.37907439974
728 8.55647215664
729 8.53417442818
730 8.54031502469
731 8.72784716809
732 9.32636404423
733 9.04752972194
734 8.86969101149
735 9.27620646188
736 9.49819053786
737 9.25077449516
738 9.19170316191
739 8.94116277071
740 9.0279104839
741 9.37494265637
742 9.67506901024
743 9.9680159945
744 9.93765148482
745 9.75069418573
746 9.21160197835
747 9.47958075393
748 9.04074243099
749 9.71851059046
750 9.61085258988
751 9.69529378832
752 9.66097162928
753 9.84855122668
754 9.44657910616
755 9.44629871926
756 9.92688709154
757 9.48908371886
758 9.62297916847
759 10.3260110032
760 9.87574727924
761 9.65225869775
762 9.79072067447
763 9.53629903054
764 9.97667724727
765 10.0363878804
766 10.1841993888
767 10.0150981808
768 9.87273715996
769 9.9276335638
770 9.59165226676
771 10.0528443844
772 10.314916456
773 10.6877870944
774 10.9591461428
775 11.0691139746
776 10.9301107545
777 11.3164800381
778 10.8111151558
779 10.9748865576
780 11.0564562739
781 10.9390937261
782 11.2384084636
783 11.2161590292
784 11.1674319689
785 11.1074987466
786 10.9454317611
787 11.471524373
788 11.5548378184
789 11.5366767249
790 11.3558882563
791 11.3266418367
792 10.6289556732
793 10.8344720225
794 11.1650597544
795 11.2261782157
796 10.914376369
797 11.514260334
798 11.4594931766
799 11.410145805
800 11.6155171734
801 11.3756694141
802 11.3145492166
803 10.5559296045
804 10.9015902795
805 11.1195096786
806 11.2289958285
807 11.4487708709
808 11.4068381923
809 11.0683556662
810 10.8213847377
811 11.1782487182
812 10.9712998086
813 11.5550373711
814 11.5460797896
815 11.1910511509
816 11.120553095
817 11.0613826617
818 11.0732779895
819 10.9085774781
820 11.264996996
821 10.9499228263
822 11.3619525043
823 11.4750388145
824 11.1544115075
825 11.3067985307
826 11.7017077019
827 11.710802233
828 11.9514647534
829 11.5502287333
830 11.6790745545
831 11.5175606927
832 11.460851714
833 11.5051421869
834 11.2139709294
835 11.2263865713
836 11.3393850886
837 12.0700470667
838 12.0766351871
839 11.6957972014
840 11.9322761335
841 11.9406056946
842 12.0058395894
843 11.7006436511
844 11.8827644619
845 11.8380903738
846 12.1542310686
847 11.6688498855
848 11.8992107551
849 11.5132657622
850 11.8817740899
851 11.7135157114
852 11.642511268
853 11.4722794831
854 11.848859958
855 11.72197764
856 11.4809483328
857 11.5003192558
858 12.0047467669
859 11.96423667
860 11.6354922505
861 11.8084665044
862 11.3840881388
863 11.4368502201
864 11.1343681764
865 11.4776531713
866 11.4408743761
867 11.3616978546
868 11.6627449293
869 11.8434307795
870 11.3363146606
871 11.4610568847
872 11.6472024861
873 11.8224509669
874 11.4436810534
875 11.8002981019
876 11.5833114551
877 11.6870946918
878 11.2837972644
879 11.065531699
880 11.6171913706
881 11.7921013435
882 11.4344136826
883 11.9120859119
884 11.6222049936
885 12.0050157107
886 11.8252970917
887 12.0989842636
888 12.1686712308
889 12.3312654562
890 12.5390650409
891 12.6093283941
892 12.7372570869
893 12.4281434217
894 12.3711735384
895 11.9193764501
896 11.8716213623
897 12.1060611134
898 11.8884299102
899 11.9550383576
900 11.6277820684
901 11.9481530457
902 11.6466113057
903 12.0450940685
904 11.5694164267
905 11.4958805568
906 12.13772662
907 12.0796287273
908 11.1635590394
909 11.0261118661
910 11.2852864725
911 11.6146253179
912 12.2163098318
913 12.4092747064
914 12.5959148435
915 12.908223902
916 12.7055688332
917 12.3709909026
918 12.3638649934
919 11.938829846
920 11.9095750585
921 12.0567617055
922 11.9884407187
923 11.9339553947
924 12.2510045615
925 12.6740337521
926 13.012535743
927 12.7896280054
928 12.5224714296
929 12.6290701092
930 12.6992186991
931 12.7204887793
932 12.4442862031
933 12.4625650318
934 12.3000630164
935 12.2849676578
936 12.6458952979
937 12.2064979689
938 12.4796598794
939 12.9008085873
940 12.8452540944
941 12.593011078
942 12.7555028383
943 12.5785219746
944 12.3953282956
945 12.0188436136
946 11.5798161302
947 12.0711979794
948 12.6273678073
949 12.6315390881
950 12.4244007836
951 12.4466727921
952 12.4764094151
953 12.5433096786
954 12.8316536941
955 12.9511839435
956 12.9403428085
957 13.4955926475
958 13.4235392402
959 13.7357362496
960 13.5491849012
961 13.9451445416
962 14.0797016541
963 14.110206105
964 14.5393082995
965 14.3501803106
966 13.6502837636
967 13.1514928717
968 12.9832009316
969 12.6392619326
970 12.9689601102
971 12.422611364
972 12.2955986846
973 12.6002877377
974 11.9867979705
975 12.0975638938
976 12.0340509911
977 11.9626003183
978 12.5934364987
979 12.5559238782
980 12.3439916149
981 12.7675743296
982 12.6501254427
983 12.361303097
984 12.3591090691
985 12.2298893506
986 11.9960748827
987 12.3045215237
988 12.509608935
989 13.255538766
990 13.5438604009
991 13.250803059
992 13.3910996478
993 13.2675158192
994 13.3614166239
995 13.6162802299
996 13.7076708896
997 13.8007559689
998 13.7580509192
999 13.3051073567
