1005000 698.264
1012500 571.669
1020000 455.043
1027500 511.937
1035000 367.887
1042500 399.432
1050000 416.588
1057500 467.588
1065000 541.056
1072500 532.864
1080000 531.555
1087500 454.637
1095000 433.603
1102500 426.739
1110000 421.781
1117500 500.368
1125000 391.484
1132500 351.853
1140000 358.575
1147500 434.486
1155000 463.241
1162500 446.403
1170000 531.864
1177500 432.328
1185000 597.377
1192500 565.006
1200000 545.219
1207500 475.628
1215000 472.255
1222500 405.334
1230000 414.437
1237500 580.582
1245000 456.117
1252500 518.081
1260000 479.415
1267500 364.032
1275000 451.263
1282500 336.633
1290000 542.355
1297500 541.543
1305000 463.248
1312500 429.698
1320000 586.248
1327500 580.319
1335000 560.789
1342500 531.389
1350000 557.809
1357500 597.167
1365000 559.79
1372500 398.278
1380000 416.104
1387500 382.19
1395000 416.765
1402500 511.219
1410000 552.842
1417500 442.926
1425000 458.303
1432500 428.682
1440000 486.855
1447500 563.963
1455000 445.359
1462500 538.089
1470000 619.37
1477500 688.281
1485000 519.095
1492500 597.336
1500000 641.35
1507500 629.703
1515000 615.874
1522500 526.211
1530000 541.111
1537500 590.521
1545000 534.364
1552500 590.288
1560000 568.342
1567500 555.086
1575000 558.349
1582500 555.749
1590000 660.937
1597500 576.344
1605000 586.499
1612500 634.893
1620000 578.36
1627500 673.485
1635000 672.515
1642500 589.318
1650000 543.068
1657500 608.916
1665000 594.937
1672500 511.365
1680000 690.419
1687500 741.147
1695000 627.636
1702500 638.092
1710000 799.313
1717500 619.921
1725000 553.994
1732500 619.658
1740000 577.846
1747500 664.264
1755000 568.924
1762500 536.813
1770000 657.164
1777500 597.285
1785000 505.029
1792500 440.851
1800000 609.843
1807500 643.879
1815000 489.597
1822500 597.313
1830000 680.96
1837500 536.855
1845000 535.856
1852500 586.749
1860000 590.688
1867500 704.613
1875000 692.962
1882500 634.501
1890000 667.02
1897500 534.902
1905000 716.873
1912500 666.026
1920000 622.174
1927500 705.875
1935000 692.201
1942500 669.823
1950000 670.437
1957500 712.376
1965000 673.36
1972500 677.304
1980000 602.072
1987500 594.242
1995000 713.388
2002500 683.44
2010000 632.135
2017500 659.518
2025000 731.973
2032500 558.587
2040000 729.127
2047500 590.032
2055000 703.673
2062500 728.81
2070000 801.22
2077500 715.01
2085000 755.316
2092500 689.277
2100000 652.89
2107500 713.726
2115000 758.996
2122500 638.871
2130000 615.431
2137500 780.788
2145000 713.3
2152500 808.084
2160000 773.03
2167500 816.291
2175000 707.732
2182500 701.9
2190000 689.05
2197500 618.556
2205000 828.285
2212500 689.26
2220000 798.111
2227500 718.041
2235000 798.079
2242500 854.573
2250000 899.094
2257500 765.746
2265000 817.333
2272500 851.856
2280000 904.206
2287500 771.394
2295000 874.523
2302500 808.362
2310000 925.902
2317500 765.95
2325000 833.128
2332500 897.769
2340000 851.213
2347500 908.899
2355000 978.38
2362500 970.454
2370000 968.745
2377500 1015.95
2385000 953.812
2392500 971.704
2400000 961.719
2407500 897.105
2415000 997.685
2422500 1018.02
2430000 843.794
2437500 811.246
2445000 829.815
2452500 896.528
2460000 850.345
2467500 1124.19
2475000 865.754
2482500 960.674
2490000 934.403
2497500 950.906
2505000 1001.62
2512500 966.429
2520000 1043.02
2527500 1008.58
2535000 966.2
2542500 957.394
2550000 1009.06
2557500 1019.27
2565000 948.441
2572500 942.544
2580000 993.282
2587500 975.678
2595000 932.899
2602500 1050.64
2610000 953.901
2617500 1085.09
2625000 916.788
2632500 981.343
2640000 1005.29
2647500 881.344
2655000 955.738
2662500 1086.69
2670000 992.724
2677500 997.136
2685000 901.321
2692500 891.251
2700000 928.544
2707500 1044.46
2715000 986.77
2722500 1000.46
2730000 1016.09
2737500 931.646
2745000 941.638
2752500 840.205
2760000 913.829
2767500 935.8
2775000 905.562
2782500 982.634
2790000 979.325
2797500 801.913
2805000 770.021
2812500 850.025
2820000 904.963
2827500 958.838
2835000 883.592
2842500 837.394
2850000 816.643
2857500 1027.36
2865000 1022.95
2872500 962.844
2880000 849.054
2887500 883.562
2895000 956.201
2902500 1018.92
2910000 968.322
2917500 968.323
2925000 881.348
2932500 894.958
2940000 919.501
2947500 1016.91
2955000 992.793
2962500 886.314
2970000 913.056
2977500 990.86
2985000 984.032
2992500 813.412
3000000 935.115
3007500 877.127
3015000 790.11
3022500 813.978
3030000 870.093
3037500 864.267
3045000 754.888
3052500 732.493
3060000 625.028
3067500 905.018
3075000 814.161
3082500 912.056
3090000 792.66
3097500 849.667
3105000 749.114
3112500 777.357
3120000 697.649
3127500 764.002
3135000 776.69
3142500 803.477
3150000 637.465
3157500 704.214
3165000 557.551
3172500 638.405
3180000 658.644
3187500 775.156
3195000 705.997
3202500 660.408
3210000 774.939
3217500 721.151
3225000 697.231
3232500 774.689
3240000 652.187
3247500 674.895
3255000 676.477
3262500 730.749
3270000 678.182
3277500 719.864
3285000 821.173
3292500 705.227
3300000 787.294
3307500 782.578
3315000 812.496
3322500 835.033
3330000 702.323
3337500 788.458
3345000 624.634
3352500 709.503
3360000 782.092
3367500 626.982
3375000 692.496
3382500 684.413
3390000 814.382
3397500 813.727
3405000 783.852
3412500 710.692
3420000 784.489
3427500 622.74
3435000 641.678
3442500 698.617
3450000 594.788
3457500 816.506
3465000 719.206
3472500 589.241
3480000 502.524
3487500 469.922
3495000 535.133
3502500 665.445
3510000 673.613
3517500 435.203
3525000 477.744
3532500 504.779
3540000 330.925
3547500 381.26
3555000 338.492
3562500 301.43
3570000 300.782
3577500 187.625
3585000 195.803
3592500 349.907
3600000 475.672
3607500 438.891
3615000 419.375
3622500 394.955
3630000 421.852
3637500 290.002
3645000 373.621
3652500 543.027
3660000 501.045
3667500 417.857
3675000 346.206
3682500 525.319
3690000 395.968
3697500 501.912
3705000 277.169
3712500 323.239
3720000 410.95
3727500 161.321
3735000 242.579
3742500 400.02
3750000 261.679
3757500 340.449
3765000 271.869
3772500 335.539
3780000 360.711
3787500 285.587
3795000 274.054
3802500 315.356
3810000 352.419
3817500 376.507
3825000 423.41
3832500 153.595
3840000 285.049
3847500 316.82
3855000 315.233
3862500 296.252
3870000 265.873
3877500 442.309
3885000 385.669
3892500 340.005
3900000 394.818
3907500 466.246
3915000 309.643
3922500 403.276
3930000 367.8
3937500 192.219
3945000 206.151
3952500 149.916
3960000 132.862
3967500 92.9808
3975000 -19.5998
3982500 -174.223
3990000 42.3351
3997500 62.0923
4005000 25.1768
4012500 345.259
4020000 328.295
4027500 -28.7698
4035000 21.6269
4042500 93.3086
4050000 77.3781
4057500 75.9811
4065000 163.168
4072500 143.732
4080000 21.5446
4087500 58.6162
4095000 -28.7321
4102500 87.8327
4110000 193.894
4117500 69.5872
4125000 141.011
4132500 259.92
4140000 101.978
4147500 180.64
4155000 91.0285
4162500 41.5935
4170000 190.979
4177500 107.346
4185000 1.72984
4192500 -95.0274
4200000 84.6836
4207500 111.387
4215000 123.06
4222500 127.853
4230000 197.85
4237500 208.464
4245000 55.4086
4252500 65.0491
4260000 100.91
4267500 60.8844
4275000 271.802
4282500 92.338
4290000 101.039
4297500 104.101
4305000 -17.6337
4312500 -39.9336
4320000 167.43
4327500 177.283
4335000 18.9442
4342500 -34.7826
4350000 44.5414
4357500 103.048
4365000 20.8816
4372500 -49.3189
4380000 39.4243
4387500 10.6961
4395000 -133.288
4402500 -105.956
4410000 -84.978
4417500 149.206
4425000 111.302
4432500 162.724
4440000 129.978
4447500 65.7609
4455000 -109.186
4462500 -110.673
4470000 187.296
4477500 -150.3
4485000 53.0348
4492500 27.0002
4500000 -265.443
4507500 -212.919
4515000 -80.1071
4522500 -24.8821
4530000 -35.1629
4537500 -174.472
4545000 62.7781
4552500 -79.7267
4560000 28.7888
4567500 126.891
4575000 260.075
4582500 201.185
4590000 67.7025
4597500 81.4202
4605000 128.821
4612500 -140.801
4620000 69.1796
4627500 -148.873
4635000 30.6178
4642500 75.5137
4650000 249.14
4657500 128.859
4665000 81.9711
4672500 -35.4498
4680000 -138.879
4687500 -123.927
4695000 63.4941
4702500 200.844
4710000 104.236
4717500 -63.1314
4725000 91.6867
4732500 -8.99519
4740000 172.195
4747500 252.724
4755000 -174.555
4762500 80.5578
4770000 112.994
4777500 175.227
4785000 -29.0678
4792500 -131.414
4800000 82.2143
4807500 -172.419
4815000 -26.0635
4822500 -116.256
4830000 -243.471
4837500 81.8909
4845000 221.848
4852500 168.598
4860000 171.479
4867500 107.475
4875000 252.621
4882500 33.2794
4890000 -24.6429
4897500 -101.139
4905000 -163.067
4912500 -22.2861
4920000 120.859
4927500 13.9744
4935000 -45.2524
4942500 -61.0393
4950000 -84.8334
4957500 39.7781
4965000 17.8569
4972500 42.3955
4980000 -22.7724
4987500 84.7592
4995000 -71.4029
5002500 42.0023
5010000 -16.8691
5017500 -158.875
5025000 -164.948
5032500 -87.3581
5040000 -15.3992
5047500 -299.043
5055000 -232.102
5062500 -124.625
5070000 -191.82
5077500 24.3405
5085000 30.7508
5092500 12.814
5100000 23.7095
5107500 -38.0717
5115000 49.1199
5122500 77.5606
5130000 78.1475
5137500 172.374
5145000 0.13186
5152500 -151.531
5160000 95.3259
5167500 72.1757
5175000 -13.6384
5182500 113.407
5190000 62.0438
5197500 28.6604
5205000 12.1624
5212500 80.9252
5220000 131.237
5227500 33.5368
5235000 -217.099
5242500 -51.3823
5250000 188.182
5257500 289.162
5265000 257.382
5272500 441.584
5280000 239.415
5287500 13.217
5295000 62.336
5302500 -65.0532
5310000 46.5739
5317500 -19.6329
5325000 67.1891
5332500 -223.044
5340000 -10.7284
5347500 -102.913
5355000 -209.509
5362500 -193.91
5370000 -217.693
5377500 -198.885
5385000 -81.8081
5392500 -55.4393
5400000 23.8741
5407500 194.304
5415000 279.825
5422500 174.097
5430000 85.1409
5437500 119.831
5445000 208.525
5452500 57.7021
5460000 111.674
5467500 71.3199
5475000 47.2495
5482500 -150.74
5490000 -16.0659
5497500 -62.7042
5505000 -66.8956
5512500 -54.8051
5520000 67.943
5527500 -159.344
5535000 -117.761
5542500 135.207
5550000 84.5038
5557500 4.04713
5565000 68.5591
5572500 160.121
5580000 17.6508
5587500 102.093
5595000 -55.1207
5602500 69.2353
5610000 93.84
5617500 137.931
5625000 192.612
5632500 22.2168
5640000 -2.34387
5647500 -63.6402
5655000 -108.444
5662500 53.3664
5670000 20.3259
5677500 -4.32603
5685000 77.7784
5692500 -152.725
5700000 23.1042
5707500 70.2281
5715000 -20.6475
5722500 53.7706
5730000 -283.479
5737500 -94.5801
5745000 12.7491
5752500 -6.21343
5760000 29.2855
5767500 21.8245
5775000 -1.93244
5782500 80.3573
5790000 19.0959
5797500 53.7781
5805000 -56.864
5812500 130.494
5820000 -27.9533
5827500 127.743
5835000 34.8347
5842500 112.8
5850000 105.371
5857500 -10.8108
5865000 -19.5291
5872500 47.6387
5880000 210.857
5887500 234.6
5895000 203.977
5902500 371.496
5910000 277.803
5917500 98.1851
5925000 47.5434
5932500 201.86
5940000 163.338
5947500 224.433
5955000 215.31
5962500 64.0931
5970000 104.315
5977500 159.632
5985000 131.642
5992500 84.5971
6000000 42.0858
6007500 217.15
6015000 259.195
6022500 220.551
6030000 79.8696
6037500 78.9861
6045000 127.346
6052500 139.144
6060000 225.488
6067500 139.826
6075000 231.918
6082500 216.04
6090000 76.292
6097500 56.2266
6105000 136.977
6112500 169.639
6120000 119.214
6127500 -130.728
6135000 -188.575
6142500 -45.7937
6150000 63.6825
6157500 69.3206
6165000 -12.224
6172500 -72.9746
6180000 37.5952
6187500 113.318
6195000 52.2707
6202500 86.7097
6210000 236.503
6217500 268.125
6225000 311.694
6232500 393.243
6240000 324.699
6247500 363.001
6255000 150.431
6262500 176.144
6270000 269.766
6277500 212.46
6285000 357.057
6292500 224.009
6300000 243.247
6307500 327.528
6315000 299.774
6322500 280.266
6330000 125.772
6337500 232.607
6345000 320.531
6352500 154.129
6360000 157.328
6367500 152.192
6375000 105.649
6382500 145.944
6390000 211.018
6397500 18.0812
6405000 15.1888
6412500 116.779
6420000 201.468
6427500 276.744
6435000 177.65
6442500 175.637
6450000 221.317
6457500 157.923
6465000 355.102
6472500 178.536
6480000 90.5293
6487500 250.548
6495000 314.005
6502500 382.928
6510000 269.738
6517500 288.363
6525000 83.2556
6532500 85.0836
6540000 204.921
6547500 40.3986
6555000 161.46
6562500 72.5844
6570000 94.3445
6577500 64.4733
6585000 253.448
6592500 138.541
6600000 265.733
6607500 353.343
6615000 277.615
6622500 334.06
6630000 218.926
6637500 140.74
6645000 265.643
6652500 263.405
6660000 164.523
6667500 209.602
6675000 -137.17
6682500 59.9868
6690000 -24.0242
6697500 57.0511
6705000 215.502
6712500 128.15
6720000 7.81877
6727500 150.207
6735000 -102.416
6742500 -46.4669
6750000 -92.087
6757500 77.0762
6765000 366.169
6772500 247.641
6780000 293.924
6787500 162.751
6795000 171.699
6802500 55.2867
6810000 108.976
6817500 27.1387
6825000 38.7834
6832500 162.314
6840000 69.2474
6847500 127.098
6855000 270.04
6862500 127.536
6870000 24.2063
6877500 87.8341
6885000 165.823
6892500 193.198
6900000 128.627
6907500 28.8689
6915000 191.385
6922500 111.716
6930000 -58.7376
6937500 174.419
6945000 -72.206
6952500 155.568
6960000 55.996
6967500 380.652
6975000 151.795
6982500 153.411
6990000 152.655
6997500 167.819
7005000 178.627
7012500 164.707
7020000 60.9217
7027500 121.202
7035000 153.85
7042500 219.215
7050000 260.243
7057500 116.612
7065000 358.666
7072500 276.672
7080000 247.406
7087500 212.342
7095000 310.964
7102500 174.073
7110000 285.747
7117500 269.259
7125000 195.332
7132500 137.758
7140000 191.095
7147500 236.474
7155000 199.875
7162500 358.198
7170000 334.698
7177500 214.702
7185000 155.156
7192500 188.605
7200000 223.501
7207500 338.854
7215000 333.21
7222500 278.718
7230000 386.864
7237500 204.793
7245000 227.22
7252500 120.21
7260000 93.6883
7267500 189.252
7275000 225.234
7282500 126.999
7290000 69.3882
7297500 178.617
7305000 33.8855
7312500 210.916
7320000 131.675
7327500 168.839
7335000 259.04
7342500 121.884
7350000 246.137
7357500 102.099
7365000 131.999
7372500 209.577
7380000 332.302
7387500 214.793
7395000 275.713
7402500 213.197
7410000 291.86
7417500 191.706
7425000 220.945
7432500 286.869
7440000 331.461
7447500 178.741
7455000 117.156
7462500 33.808
7470000 52.2237
7477500 -4.63811
7485000 44.789
7492500 111.896
7500000 123.524
7507500 18.7604
7515000 181.257
7522500 245.303
7530000 191.56
7537500 189.972
7545000 166.374
7552500 124.054
7560000 97.5633
7567500 29.1474
7575000 12.9023
7582500 287.539
7590000 244.781
7597500 265.522
7605000 244.68
7612500 192.439
7620000 145.118
7627500 449.825
7635000 337.999
7642500 352.421
7650000 373.537
7657500 289.173
7665000 359.061
7672500 176.138
7680000 50.8829
7687500 153.963
7695000 65.2205
7702500 -13.6717
7710000 35.6731
7717500 83.5406
7725000 249.987
7732500 231.341
7740000 173.967
7747500 170.457
7755000 123.185
7762500 186.751
7770000 39.2583
7777500 97.8708
7785000 79.2742
7792500 58.2409
7800000 140.11
7807500 142.706
7815000 234.206
7822500 155.541
7830000 37.5848
7837500 -55.9065
7845000 1.68175
7852500 169.128
7860000 94.8339
7867500 120.411
7875000 -9.38674
7882500 -45.426
7890000 -79.9692
7897500 91.1149
7905000 140.73
7912500 43.882
7920000 201.277
7927500 289.79
7935000 10.9754
7942500 41.3526
7950000 70.7335
7957500 156.762
7965000 28.8601
7972500 131.63
7980000 53.2013
7987500 226.685
7995000 184.098
8002500 215.379
8010000 165.593
8017500 77.6383
8025000 243.26
8032500 214.589
8040000 -24.7834
8047500 114.565
8055000 82.1447
8062500 51.2401
8070000 229.004
8077500 302.059
8085000 213.2
8092500 19.4097
8100000 115.092
8107500 177.989
8115000 106.444
8122500 198.966
8130000 287.984
8137500 224.507
8145000 228.435
8152500 302.331
8160000 185.592
8167500 136.655
8175000 127.639
8182500 185.032
8190000 150.717
8197500 100.564
8205000 153.894
8212500 126.273
8220000 140.077
8227500 275.049
8235000 267.282
8242500 196.004
8250000 212.037
8257500 198.469
8265000 262.514
8272500 171.442
8280000 206.583
8287500 101.785
8295000 274.342
8302500 221.091
8310000 274.159
8317500 133.089
8325000 159.947
8332500 118.724
8340000 83.3036
8347500 139.829
8355000 79.8638
8362500 190.93
8370000 26.614
8377500 261.693
8385000 104.548
8392500 209.503
8400000 40.4944
8407500 180.166
8415000 182.615
8422500 83.3358
8430000 81.098
8437500 52.7738
8445000 36.9584
8452500 158.694
8460000 45.7979
8467500 56.8148
8475000 201.571
8482500 266.022
8490000 153.146
8497500 306.457
8505000 160.394
