1005000 698.265
1012500 529.918
1020000 535.466
1027500 497.472
1035000 477.951
1042500 500.726
1050000 546.218
1057500 512.002
1065000 582.766
1072500 608.1
1080000 404.636
1087500 406.241
1095000 472.393
1102500 468.086
1110000 428.941
1117500 554.231
1125000 518.592
1132500 385.729
1140000 442.007
1147500 541.215
1155000 538.669
1162500 539.008
1170000 474.732
1177500 558.105
1185000 517.779
1192500 583.309
1200000 545.025
1207500 627.726
1215000 575.222
1222500 369.098
1230000 473.62
1237500 483.297
1245000 568.851
1252500 591.639
1260000 585.795
1267500 515.271
1275000 560.608
1282500 693.995
1290000 492.914
1297500 622.311
1305000 550.3
1312500 661.56
1320000 666.152
1327500 621.098
1335000 751.122
1342500 669.726
1350000 663.743
1357500 623.926
1365000 625.39
1372500 475.513
1380000 685.976
1387500 536.1
1395000 520.549
1402500 500.97
1410000 477.098
1417500 608.806
1425000 571.354
1432500 582.192
1440000 550.102
1447500 522.695
1455000 539.896
1462500 459.331
1470000 517.598
1477500 629.454
1485000 572.91
1492500 557.784
1500000 548.648
1507500 554.609
1515000 598.232
1522500 619.667
1530000 642.434
1537500 530.289
1545000 522.721
1552500 598.511
1560000 685.91
1567500 585.779
1575000 599.898
1582500 611.245
1590000 696.855
1597500 712.459
1605000 683.245
1612500 539.103
1620000 643.331
1627500 622.615
1635000 753.759
1642500 579.929
1650000 599.702
1657500 705.021
1665000 733.993
1672500 787.136
1680000 696.779
1687500 700.368
1695000 787.08
1702500 537.159
1710000 737.063
1717500 685.546
1725000 628.172
1732500 686.555
1740000 674.659
1747500 759.239
1755000 643.539
1762500 747.412
1770000 809.674
1777500 739.609
1785000 714.95
1792500 602.327
1800000 817.993
1807500 777.844
1815000 749.576
1822500 658.438
1830000 725.268
1837500 688.62
1845000 579.201
1852500 626.624
1860000 580.516
1867500 721.058
1875000 617.977
1882500 615.538
1890000 727.647
1897500 759.282
1905000 601.853
1912500 645.389
1920000 740.787
1927500 752.521
1935000 731.752
1942500 660.557
1950000 645.111
1957500 694.116
1965000 870.746
1972500 822.116
1980000 718.437
1987500 906.89
1995000 765.558
2002500 903.831
2010000 818.13
2017500 896.571
2025000 942.813
2032500 803.457
2040000 786.817
2047500 709.428
2055000 745.91
2062500 800.165
2070000 842.173
2077500 937.774
2085000 838.981
2092500 808.932
2100000 858.05
2107500 831.763
2115000 876.813
2122500 843.841
2130000 923.767
2137500 841.866
2145000 908.763
2152500 957.275
2160000 804.225
2167500 931.22
2175000 809.992
2182500 858.28
2190000 860.528
2197500 733.794
2205000 820.614
2212500 889.979
2220000 890.84
2227500 802.08
2235000 907.54
2242500 828.733
2250000 878.405
2257500 870.592
2265000 965.307
2272500 874.535
2280000 908.87
2287500 764.305
2295000 963.463
2302500 1018.51
2310000 1020.41
2317500 821.538
2325000 929.204
2332500 947.622
2340000 929.556
2347500 901.296
2355000 805.585
2362500 995.542
2370000 930.528
2377500 1040.97
2385000 1022.77
2392500 1031.9
2400000 1017.39
2407500 909.011
2415000 842.74
2422500 907.425
2430000 903.167
2437500 966.938
2445000 891.698
2452500 922.195
2460000 971.784
2467500 967.358
2475000 982.712
2482500 959.689
2490000 999.592
2497500 911.473
2505000 830.103
2512500 733.529
2520000 692.793
2527500 772.912
2535000 731.349
2542500 823.179
2550000 742.769
2557500 785.057
2565000 679.357
2572500 667.369
2580000 811.33
2587500 732.449
2595000 756.592
2602500 627.153
2610000 812.293
2617500 829.568
2625000 852.195
2632500 930.8
2640000 912.71
2647500 893.918
2655000 677.626
2662500 762.846
2670000 736.738
2677500 726.766
2685000 671.911
2692500 725.749
2700000 826.288
2707500 656.667
2715000 753.378
2722500 732.401
2730000 822.083
2737500 741.375
2745000 795.169
2752500 870.745
2760000 823.09
2767500 797.425
2775000 787.62
2782500 668.584
2790000 626.189
2797500 776.171
2805000 790.417
2812500 665.635
2820000 553.029
2827500 715.007
2835000 773.541
2842500 718.002
2850000 736.916
2857500 559.122
2865000 630.875
2872500 616.074
2880000 582.155
2887500 704.678
2895000 656.894
2902500 548.004
2910000 502.83
2917500 675.522
2925000 523.77
2932500 693.671
2940000 466.567
2947500 454.103
2955000 477.878
2962500 590.49
2970000 633.154
2977500 701.062
2985000 785.871
2992500 708.403
3000000 641.359
3007500 719.41
3015000 570.741
3022500 633.938
3030000 654.698
3037500 553.853
3045000 783.341
3052500 723.938
3060000 645.384
3067500 768.226
3075000 603.909
3082500 650.587
3090000 660.298
3097500 667.085
3105000 601.562
3112500 622.175
3120000 563.2
3127500 465.892
3135000 423.885
3142500 414.385
3150000 509.983
3157500 505.869
3165000 487.522
3172500 534.35
3180000 413.165
3187500 411.483
3195000 337.193
3202500 337.263
3210000 369.713
3217500 399.347
3225000 317.916
3232500 215.105
3240000 233.258
3247500 183.035
3255000 376.269
3262500 394.615
3270000 420.618
3277500 282.12
3285000 374.599
3292500 277.997
3300000 453.235
3307500 301.157
3315000 419.869
3322500 359.246
3330000 395.671
3337500 319.872
3345000 368.165
3352500 345.204
3360000 348.307
3367500 428.575
3375000 311.905
3382500 521.503
3390000 459.094
3397500 448.244
3405000 361.042
3412500 175.615
3420000 332.518
3427500 322.227
3435000 260.585
3442500 458.538
3450000 390.951
3457500 411.417
3465000 295.72
3472500 171.192
3480000 396.139
3487500 448.38
3495000 365.988
3502500 401.695
3510000 498.358
3517500 543.867
3525000 438.904
3532500 275.187
3540000 260.788
3547500 237.884
3555000 411.567
3562500 309.319
3570000 308.516
3577500 218.738
3585000 235.601
3592500 358.394
3600000 310.208
3607500 331.95
3615000 436.395
3622500 410.009
3630000 374.782
3637500 178.095
3645000 323.769
3652500 344.457
3660000 311.191
3667500 343.028
3675000 330.279
3682500 340.876
3690000 362.176
3697500 339.54
3705000 418.981
3712500 468.605
3720000 422.886
3727500 245.098
3735000 172.631
3742500 271.495
3750000 210.392
3757500 194.07
3765000 192.859
3772500 211.607
3780000 111.333
3787500 137.757
3795000 180.75
3802500 115.866
3810000 -1.87817
3817500 79.1813
3825000 165.611
3832500 268.151
3840000 241.46
3847500 200.578
3855000 143.226
3862500 176.972
3870000 398.719
3877500 212.564
3885000 297.647
3892500 331.526
3900000 395.891
3907500 491.736
3915000 280.283
3922500 216.771
3930000 338.992
3937500 290.37
3945000 230.758
3952500 467.528
3960000 287.39
3967500 379.945
3975000 343.429
3982500 388.734
3990000 179.763
3997500 37.0552
4005000 37.53
4012500 27.1398
4020000 -121.505
4027500 230.082
4035000 197.812
4042500 82.2033
4050000 130.877
4057500 86.6086
4065000 174.052
4072500 327.373
4080000 202.197
4087500 421.654
4095000 231.243
4102500 368.173
4110000 239.432
4117500 351.587
4125000 213.122
4132500 110.592
4140000 -44.9122
4147500 -125.758
4155000 36.6135
4162500 -66.6755
4170000 82.2124
4177500 -125.03
4185000 53.8688
4192500 5.45437
4200000 171.652
4207500 44.5302
4215000 0.248955
4222500 221.293
4230000 3.00083
4237500 -103.867
4245000 132.662
4252500 176.619
4260000 -1.35093
4267500 -167.637
4275000 -46.4583
4282500 -75.7683
4290000 3.42842
4297500 56.5285
4305000 10.5652
4312500 45.7591
4320000 -35.3787
4327500 35.7044
4335000 -7.61552
4342500 -9.42473
4350000 111.318
4357500 -56.9682
4365000 -136.687
4372500 59.5852
4380000 -76.5697
4387500 -170.126
4395000 -71.4397
4402500 -53.388
4410000 62.36
4417500 -66.0272
4425000 -34.9066
4432500 -16.3163
4440000 3.88408
4447500 -134.17
4455000 41.3216
4462500 248.421
4470000 168.209
4477500 -61.4963
4485000 -5.13518
4492500 27.8273
4500000 30.4055
4507500 189.216
4515000 102.935
4522500 306.453
4530000 73.9771
4537500 7.49794
4545000 -123.099
4552500 74.7104
4560000 -85.5295
4567500 -141.631
4575000 -116.27
4582500 3.41416
4590000 124.415
4597500 -110.592
4605000 -44.9577
4612500 -178.618
4620000 4.00535
4627500 -7.51911
4635000 40.1608
4642500 -67.2782
4650000 -80.6199
4657500 306.228
4665000 111.544
4672500 -6.92386
4680000 -52.4784
4687500 -89.3898
4695000 -40.2488
4702500 55.741
4710000 53.4945
4717500 -12.8186
4725000 87.3287
4732500 36.0625
4740000 -70.2666
4747500 -170.888
4755000 -142.391
4762500 -60.3695
4770000 1.12281
4777500 184.448
4785000 219.574
4792500 -121.337
4800000 55.9794
4807500 88.9604
4815000 170.066
4822500 62.7876
4830000 -66.2806
4837500 -39.101
4845000 79.774
4852500 -8.97142
4860000 -66.4112
4867500 43.3052
4875000 94.3919
4882500 132.003
4890000 120.074
4897500 91.3705
4905000 113.383
4912500 109.441
4920000 107.483
4927500 128.795
4935000 133.817
4942500 75.2911
4950000 167.71
4957500 156.481
4965000 180.473
4972500 167.729
4980000 30.3221
4987500 199.57
4995000 251.745
5002500 334.963
5010000 308.955
5017500 135.003
5025000 -49.9052
5032500 79.3436
5040000 224.57
5047500 161.345
5055000 173.722
5062500 38.681
5070000 11.2312
5077500 -78.5441
5085000 5.29307
5092500 111.968
5100000 69.2916
5107500 74.4342
5115000 -191.106
5122500 -14.952
5130000 -4.22712
5137500 -99.6748
5145000 128.026
5152500 92.351
5160000 -106.307
5167500 71.0206
5175000 68.4312
5182500 -68.1013
5190000 -12.8691
5197500 -30.6027
5205000 -97.8846
5212500 115.479
5220000 114.99
5227500 -139.133
5235000 -33.3647
5242500 43.5141
5250000 81.8156
5257500 -26.1529
5265000 -63.0557
5272500 60.3948
5280000 23.9702
5287500 -255.459
5295000 1.21252
5302500 -16.6381
5310000 -84.4118
5317500 -168.279
5325000 -7.49918
5332500 -60.6935
5340000 -25.4555
5347500 6.42537
5355000 128.423
5362500 -9.39919
5370000 -64.7506
5377500 -17.776
5385000 138.973
5392500 -8.47026
5400000 262.752
5407500 264.617
5415000 130.425
5422500 172.053
5430000 82.4147
5437500 268.158
5445000 36.8611
5452500 158.422
5460000 127.551
5467500 85.8117
5475000 253.652
5482500 168.604
5490000 162.676
5497500 151.578
5505000 256.498
5512500 -44.9152
5520000 -50.2032
5527500 -55.7446
5535000 -147.725
5542500 19.0129
5550000 -62.9283
5557500 54.2714
5565000 -77.4831
5572500 -247.186
5580000 -237.388
5587500 -256.639
5595000 -144.242
5602500 -124.801
5610000 -154.519
5617500 -119.51
5625000 -40.4423
5632500 -291.934
5640000 -252.561
5647500 13.5245
5655000 -117.347
5662500 -14.9695
5670000 165.182
5677500 -126.784
5685000 56.5464
5692500 205.918
5700000 87.3253
5707500 135.638
5715000 150.517
5722500 67.4855
5730000 102.985
5737500 35.5673
5745000 -64.9375
5752500 126.579
5760000 77.4253
5767500 -11.0633
5775000 -54.3597
5782500 173.437
5790000 65.6897
5797500 89.74
5805000 -62.2203
5812500 200.888
5820000 283.81
5827500 225.1
5835000 215.907
5842500 64.2538
5850000 -27.1622
5857500 78.4623
5865000 15.3175
5872500 132.82
5880000 71.0005
5887500 -50.1404
5895000 -27.4342
5902500 149.11
5910000 328.787
5917500 -3.45824
5925000 222.882
5932500 -41.7511
5940000 255.491
5947500 -126.185
5955000 -99.3823
5962500 -29.7078
5970000 -187.909
5977500 -0.726289
5985000 -78.102
5992500 199.628
6000000 203.271
6007500 88.8306
6015000 79.8383
6022500 -49.5524
6030000 142.641
6037500 189.356
6045000 111.742
6052500 11.5399
6060000 48.8375
6067500 170.709
6075000 168.424
6082500 119.766
6090000 -7.37332
6097500 39.4095
6105000 7.04889
6112500 44.8087
6120000 12.0137
6127500 248.125
6135000 15.3816
6142500 150.953
6150000 185.765
6157500 246.256
6165000 318.129
6172500 208.581
6180000 426.138
6187500 122.015
6195000 118.495
6202500 180.993
6210000 222.407
6217500 100.153
6225000 155.128
6232500 161.159
6240000 197.521
6247500 37.7257
6255000 267.731
6262500 191.956
6270000 125.712
6277500 184.303
6285000 157.746
6292500 126.785
6300000 66.5012
6307500 -32.0048
6315000 -88.9933
6322500 -37.4023
6330000 -100.387
6337500 31.7581
6345000 -230.833
6352500 -252.535
6360000 -369.975
6367500 -350.317
6375000 -91.1051
6382500 -17.6063
6390000 -147.08
6397500 7.77065
6405000 -121.015
6412500 37.6309
6420000 25.9276
6427500 204.912
6435000 119.929
6442500 244.112
6450000 27.5601
6457500 90.3042
6465000 -75.7222
6472500 174.367
6480000 251.901
6487500 286.248
6495000 198.16
6502500 233.047
6510000 53.7147
6517500 195.104
6525000 194.285
6532500 97.5569
6540000 -173.688
6547500 186.502
6555000 -40.1053
6562500 -50.9461
6570000 86.5079
6577500 121.65
6585000 -13.656
6592500 -168.143
6600000 -157.391
6607500 -106.763
6615000 103.062
6622500 237.54
6630000 74.0825
6637500 75.6538
6645000 -11.7712
6652500 91.8307
6660000 21.4966
6667500 78.9576
6675000 -53.1395
6682500 31.4364
6690000 -24.1051
6697500 -57.4359
6705000 -43.0035
6712500 51.1965
6720000 6.81083
6727500 -91.2481
6735000 43.8623
6742500 -68.1058
6750000 -56.4493
6757500 107.212
6765000 17.2062
6772500 -135.924
6780000 -101.158
6787500 35.5006
6795000 96.0306
6802500 116.503
6810000 31.4772
6817500 148.136
6825000 -60.1703
6832500 41.2688
6840000 -58.347
6847500 -99.9531
6855000 -237.288
6862500 -25.9173
6870000 -9.47235
6877500 -102.235
6885000 -132.385
6892500 -162.324
6900000 -24.4455
6907500 -143.349
6915000 -251.228
6922500 -242.667
6930000 -96.3017
6937500 -213.872
6945000 -149.152
6952500 -172.116
6960000 41.5765
6967500 13.0679
6975000 -158.365
6982500 -24.8121
6990000 -108.479
6997500 -66.3138
7005000 -48.6746
7012500 -45.8651
7020000 34.2338
7027500 1.96394
7035000 -92.1746
7042500 -90.9853
7050000 -72.5337
7057500 21.2068
7065000 -41.1388
7072500 -18.0314
7080000 -31.2396
7087500 -137.26
7095000 -62.1842
7102500 -3.19951
7110000 -101.091
7117500 30.8846
7125000 -189.338
7132500 -147.021
7140000 -96.4434
7147500 21.8667
7155000 138.249
7162500 173.728
7170000 -61.5356
7177500 -204.625
7185000 17.1978
7192500 -92.8004
7200000 -245.899
7207500 -23.5256
7215000 188.992
7222500 -139.624
7230000 -64.4855
7237500 -21.149
7245000 -88.3834
7252500 -78.3378
7260000 -139.181
7267500 -15.9719
7275000 -29.8729
7282500 -92.777
7290000 -24.0136
7297500 64.8805
7305000 -90.1298
7312500 -72.3008
7320000 84.2159
7327500 3.38253
7335000 -114.353
7342500 -111.754
7350000 79.6442
7357500 -172.14
7365000 -59.7114
7372500 -236.86
7380000 -270.728
7387500 -365.019
7395000 -171.168
7402500 -41.4756
7410000 -133.609
7417500 -157.998
7425000 -228.13
7432500 -39.3886
7440000 -30.0785
7447500 -158.443
7455000 32.7985
7462500 -144.059
7470000 -94.5308
7477500 -3.17315
7485000 -42.8453
7492500 -175.002
7500000 -187.986
7507500 -245.781
7515000 -92.0187
7522500 -70.34
7530000 -168.269
7537500 27.5838
7545000 106.403
7552500 -139.792
7560000 -65.4645
7567500 -3.12958
7575000 -42.1196
7582500 -150.704
7590000 -174.265
7597500 17.2837
7605000 -96.0105
7612500 -54.2763
7620000 -96.8263
7627500 -146.084
7635000 -99.9307
7642500 -139.106
7650000 1.51484
7657500 -14.0863
7665000 -10.6732
7672500 -109.741
7680000 -130.572
7687500 -28.5499
7695000 15.3333
7702500 -54.858
7710000 -13.5889
7717500 -86.005
7725000 109.08
7732500 -160.136
7740000 33.8622
7747500 105.558
7755000 52.853
7762500 149.626
7770000 21.9209
7777500 8.5794
7785000 -8.85309
7792500 216.833
7800000 83.3832
7807500 236.996
7815000 126.16
7822500 10.977
7830000 264.34
7837500 27.8614
7845000 175.734
7852500 63.3913
7860000 72.1023
7867500 68.9954
7875000 -27.7504
7882500 -0.98122
7890000 58.5999
7897500 71.7898
7905000 114.513
7912500 120.219
7920000 136.961
7927500 2.46285
7935000 12.4198
7942500 144.447
7950000 83.4895
7957500 38.3529
7965000 26.8248
7972500 -7.483
7980000 110.726
7987500 73.4964
7995000 -34.5609
8002500 40.4648
8010000 103.243
8017500 66.2473
8025000 208.863
8032500 126.055
8040000 -5.59282
8047500 251.888
8055000 285.094
8062500 274.647
8070000 79.8087
8077500 167.647
8085000 100.927
8092500 113.642
8100000 48.4125
8107500 -50.292
8115000 -15.9794
8122500 -29.647
8130000 -24.9282
8137500 76.5275
8145000 163.071
8152500 120.844
8160000 122.065
8167500 -122.65
8175000 74.8643
8182500 34.5788
8190000 90.0258
8197500 175.071
8205000 186.614
8212500 114.402
8220000 204.588
8227500 210.198
8235000 52.0941
8242500 194.428
8250000 188.868
8257500 34.8377
8265000 160.696
8272500 211.508
8280000 180.301
8287500 99.0201
8295000 194.717
8302500 149.884
8310000 92.5841
8317500 144.718
8325000 106.279
8332500 117.763
8340000 163.722
8347500 222.064
8355000 133.885
8362500 112.598
8370000 175.127
8377500 175.488
8385000 174.393
8392500 137.561
8400000 43.7882
8407500 55.3608
8415000 120.454
8422500 -86.8034
8430000 -120.11
8437500 42.0149
8445000 151.641
8452500 -56.7346
8460000 -126.699
8467500 -52.6769
8475000 -78.2723
8482500 -36.6071
8490000 52.3632
8497500 -26.0762
8505000 166.304
