0 0.0
1 0.00695142824148
2 0.0498569341192
3 0.048104710607
4 0.167524190203
5 -0.0242751703623
6 0.128191664463
7 -0.00636265420033
8 0.22105371216
9 0.185907437635
10 0.134546432034
11 0.0069595921563
12 0.218950594337
13 0.132751144859
14 0.162008963
15 0.529297338687
16 0.547687295298
17 0.670607465033
18 0.285515973701
19 0.488243293713
20 0.415445186243
21 0.435714795031
22 0.34361533773
23 0.6490634744
24 0.581033922679
25 0.52148706958
26 0.618786020049
27 0.490411737234
28 0.577944263306
29 0.446033856999
30 0.45424237218
31 0.422627531783
32 0.316322783119
33 0.41741456281
34 0.379920603826
35 0.0868084274015
36 0.294028032606
37 0.14951036611
38 0.329668232545
39 0.265195750047
40 0.507632958445
41 0.558962249082
42 0.28821139354
43 0.0265582063251
44 0.207262746458
45 0.270364455175
46 0.266330356079
47 0.171058373032
48 0.0287846592439
49 0.150036558763
50 0.21266146576
51 0.212152621876
52 0.224188240756
53 0.318591674253
54 0.47741674631
55 0.102781719968
56 0.363456200384
57 0.337458550871
58 0.47729163187
59 0.238093910247
60 0.285910255032
61 0.325393412148
62 0.291690165912
63 0.146865856491
64 0.12545974178
65 0.175385486428
66 0.186905338988
67 0.250747759413
68 0.352223912614
69 0.0715839346115
70 0.00323327295034
71 0.162515161074
72 0.0442682662748
73 0.124016359852
74 0.386574188042
75 0.351365447397
76 0.253798055215
77 0.647370148709
78 0.37171569243
79 0.382357898098
80 0.493949599147
81 0.288711533028
82 0.258325308911
83 0.416528784578
84 0.521972496026
85 0.659728089577
86 0.51016202663
87 0.297532742395
88 0.283375652068
89 0.149294938228
90 0.404182507214
91 0.440398598858
92 0.570368047719
93 0.186251591084
94 0.324354013575
95 0.465287876379
96 0.396078776573
97 0.359379212402
98 0.588363221517
99 0.400935085865
100 0.535647634195
101 0.2922029072
102 0.250545076596
103 0.416698921448
104 0.40430199342
105 0.417469155596
106 0.522390228868
107 0.553330339728
108 0.681213029522
109 0.477737292338
110 0.677263346012
111 0.612752309012
112 0.666680478601
113 0.390770757744
114 0.396979138266
115 0.430028147027
116 0.211115314134
117 0.517945944414
118 0.504094912948
119 0.318308731947
120 0.433923584826
121 0.584608820052
122 0.466002942947
123 0.372462213677
124 0.463070478279
125 0.470185795864
126 0.601441603516
127 0.436183893322
128 0.489146199394
129 0.62330622204
130 0.490334179866
131 0.250028115525
132 0.193092502418
133 0.27097053069
134 0.258893414559
135 -0.0281917714509
136 0.133813323064
137 0.357493391191
138 0.0619110260604
139 0.425250711343
140 0.201256618769
141 0.25147548767
142 0.366799420111
143 0.443016495827
144 0.533001673747
145 0.787763017708
146 0.548516263525
147 0.257934565946
148 0.276508253218
149 0.335817178352
150 0.496983570778
151 0.682405854146
152 0.328638208765
153 0.797557165158
154 0.702655113679
155 0.597734634699
156 0.490086073661
157 0.528806056479
158 0.598687993965
159 0.293712258329
160 0.362619239929
161 0.256184340076
162 0.624060445416
163 0.98804517247
164 0.651438297096
165 0.721212486132
166 0.844546532039
167 0.82916833552
168 0.871220557496
169 0.603634607644
170 0.665270600007
171 0.669630924234
172 0.524191484495
173 1.10634604817
174 1.12586979913
175 0.848562999849
176 0.601699150677
177 0.709666368308
178 0.739422512515
179 0.84985411205
180 0.973697563576
181 1.09495459908
182 0.809729319252
183 0.998049941026
184 0.78551471242
185 0.986178640457
186 0.903107834514
187 1.00741996213
188 0.846538075285
189 0.879069934897
190 0.921678056405
191 0.737355340892
192 0.623199459795
193 0.851093428489
194 0.680822734537
195 0.519391673598
196 0.567874551442
197 0.242026354643
198 0.414750405138
199 0.577629282385
200 0.260063483855
201 0.653115433619
202 0.328613434414
203 0.441784542271
204 0.540764556789
205 0.963433185334
206 0.86346613431
207 0.641387632204
208 0.48871439164
209 0.321506378986
210 0.576007042498
211 0.391780139902
212 0.363554803499
213 0.365027991255
214 0.402691022881
215 0.287793611863
216 0.125806070297
217 0.418580829727
218 0.074580090753
219 0.365876126718
220 0.442425749738
221 0.386045883576
222 0.574706281738
223 0.673059823502
224 0.482391347673
225 0.569060865455
226 0.470417849078
227 0.522073425897
228 0.582100653176
229 0.591995531264
230 0.511885185602
231 0.551370334869
232 0.86908496345
233 0.757081574191
234 0.578392061305
235 0.718273255915
236 0.78629031814
237 0.79632979978
238 0.763669691814
239 0.713678413927
240 1.10728211306
241 0.68394202266
242 0.722219364682
243 0.985195252158
244 1.15383840268
245 1.08122154248
246 0.987286481493
247 1.17734212612
248 1.18007620427
249 1.40927593254
250 1.06670867074
251 1.37607277487
252 0.864681813361
253 0.977127286678
254 1.26973650431
255 1.20378903214
256 1.112173126
257 0.733185356668
258 0.903416169502
259 0.840309546854
260 0.524921941065
261 0.932671433076
262 0.618249174557
263 0.674763967164
264 0.658006798621
265 0.552721924585
266 0.964235863829
267 0.874600839154
268 0.933561492825
269 1.07654593523
270 1.07877459271
271 0.866626793914
272 0.894645324951
273 0.812246336704
274 0.939482680848
275 1.2327020745
276 1.22363066373
277 1.36692071277
278 0.768080431545
279 1.03577775583
280 1.01894135827
281 1.13755379291
282 0.963381225394
283 1.39393082177
284 1.18235166705
285 1.08628889875
286 0.995523948566
287 0.649544315169
288 0.931821958724
289 0.853007056595
290 0.823730085684
291 1.17188175171
292 0.864183314421
293 0.894931021651
294 0.926718483492
295 1.19523995044
296 0.887124709371
297 1.0935834067
298 1.30723409744
299 1.28679249994
300 1.15768206984
301 1.19810999527
302 1.10123384002
303 1.12003893106
304 1.17188574067
305 1.32773556916
306 1.22716230012
307 1.29060066665
308 1.29865788305
309 1.28383701328
310 1.28334478439
311 1.36921145106
312 1.65367408161
313 1.57630566483
314 1.52507791681
315 1.43854379386
316 1.58303334112
317 1.73388869719
318 1.37913734097
319 1.4023737259
320 1.49345981661
321 1.94088399353
322 1.99721135007
323 2.1701318438
324 1.69883891872
325 2.06363922185
326 2.0871211898
327 2.2517703237
328 2.31979751939
329 2.1306169479
330 2.25963087278
331 2.06422715337
332 2.23189085038
333 1.83724919746
334 2.33153627898
335 2.8252688495
336 2.3008219298
337 2.81952506069
338 2.92278473066
339 3.16372993439
340 3.33655786808
341 3.86540244388
342 3.98129203437
343 3.80022863008
344 3.64993429466
345 4.34046540471
346 4.18239440437
347 4.52199015926
348 5.04332767076
349 5.16339629364
350 5.37197300998
351 4.86789190381
352 4.89389800821
353 4.75528050496
354 4.74881536985
355 4.97375710024
356 5.15717364997
357 4.74955028083
358 4.21404304915
359 4.20141326589
360 4.03837144146
361 5.11889597258
362 4.19628945515
363 4.42873116326
364 4.223937809
365 4.16145376796
366 4.98415262804
367 4.63242418771
368 4.96850781485
369 5.35016974156
370 5.56271300075
371 6.02585607973
372 5.46110491351
373 5.4992764992
374 5.1452284325
375 5.28661211418
376 5.3514476149
377 5.37199942594
378 4.98546910899
379 4.79916048359
380 4.73034887484
381 4.81853865773
382 4.92337512468
383 5.28827713881
384 5.13962433561
385 4.63059786739
386 4.54018771742
387 4.46427751526
388 4.78584861307
389 5.29650422411
390 5.33870665845
391 5.67742950288
392 5.71193055222
393 5.95754818376
394 6.33028826328
395 6.88457896627
396 7.2269287406
397 7.330698073
398 7.65315320043
399 7.57867535055
400 7.39793524393
401 7.02762414062
402 6.8910702348
403 6.69198613104
404 7.16144374658
405 7.29896418
406 7.04963643771
407 6.58670841337
408 6.42973980312
409 6.29496358374
410 6.44557194584
411 6.63107798549
412 7.20376744688
413 7.61668439721
414 8.3085735614
415 8.30716474674
416 8.67809657909
417 8.78469382688
418 8.58842167271
419 9.4958182954
420 9.5314954789
421 9.63184643261
422 9.67239571471
423 9.50220075924
424 9.25066544075
425 9.4391484965
426 9.29589421449
427 9.41530926058
428 9.22872091098
429 9.60275229063
430 9.49991040482
431 9.71996856482
432 9.33504526641
433 9.00389328666
434 8.73246279006
435 8.56942793355
436 8.31045041878
437 8.46329629629
438 8.24763652314
439 8.20643872021
440 8.27359827751
441 8.16630554195
442 8.10148542757
443 7.97887346079
444 8.11424508156
445 7.80759252692
446 7.66201412269
447 8.03391243412
448 8.35241635707
449 8.35478960192
450 8.243680043
451 8.33435313521
452 8.28960944824
453 8.58065221766
454 8.66588914112
455 8.85966208304
456 8.50431097575
457 7.93752207043
458 8.33508705559
459 7.86284003933
460 7.95268210039
461 8.11755323788
462 8.59232932827
463 8.33827144488
464 8.44837493513
465 8.40670065906
466 8.27261794626
467 8.29382875781
468 8.3690140087
469 8.53860136607
470 8.85707360325
471 8.43786933035
472 8.31872537577
473 8.54338339771
474 8.51153805375
475 8.32483264622
476 8.16434937417
477 8.05354758082
478 8.29441072338
479 7.89026696794
480 8.09364160951
481 7.70273086876
482 7.59990166495
483 7.69070556349
484 7.54721148193
485 7.65892982268
486 7.4683025709
487 7.86174304868
488 8.10725178178
489 7.86694974493
490 7.84084082958
491 7.84388301671
492 7.79896679164
493 8.01748808932
494 7.9607733538
495 8.40963561969
496 8.0066985574
497 8.10996439801
498 8.38556856976
499 8.37776282297
500 8.50008142537
501 8.56255001647
502 8.51225293006
503 8.82398888093
504 8.62302533594
505 8.56004735721
506 8.71661063652
507 9.02244635621
508 9.57269152891
509 9.58942476495
510 10.1817280926
511 10.3108208849
512 10.2608220365
513 10.1338517916
514 10.6808335915
515 11.0291570489
516 11.0753328931
517 11.2263034232
518 11.9157024772
519 11.7659380545
520 11.6854759169
521 12.0050300222
522 11.2907679804
523 12.3710655401
524 12.7464388472
525 12.2563136693
526 12.3590733675
527 12.2804138399
528 12.1615493544
529 11.4556847122
530 11.7677792161
531 12.0684401032
532 12.4761306151
533 13.0643071742
534 12.5865463063
535 12.743372342
536 13.146041723
537 13.2379596871
538 13.4886591775
539 13.4471032435
540 13.2348690226
541 13.4744074661
542 14.089728649
543 13.8798714895
544 13.5243285675
545 13.7306001841
546 14.0177033477
547 13.5400669823
548 13.6813999951
549 13.7374882724
550 13.9516445643
551 14.4934138811
552 14.1373799874
553 13.7818646623
554 13.9641648441
555 13.7148143922
556 13.4371412363
557 13.3142214835
558 13.4371746294
559 12.6799426472
560 12.5134389797
561 12.3319741168
562 12.3755238155
563 12.6990245295
564 12.9585186453
565 12.7897059239
566 12.7460035989
567 12.5080050414
568 12.6065016886
569 12.7293848708
570 12.6043197021
571 12.8952837378
572 12.7423102423
573 12.6625328933
574 13.2629411945
575 13.0630675901
576 13.4732552677
577 13.5045795184
578 14.2143731895
579 14.0793274485
580 13.5318483991
581 13.4174596459
582 13.4527314571
583 13.2547484207
584 12.7331888883
585 13.1430893631
586 13.1155555803
587 12.8270775719
588 12.8254980524
589 12.7066248637
590 12.2055298823
591 12.0595117922
592 11.7145209428
593 12.0600059876
594 11.9453779067
595 11.8768218483
596 12.0983963101
597 12.9770460236
598 12.454244809
599 12.3119999735
600 12.2955525838
601 12.1582627204
602 12.3946517442
603 12.230037923
604 12.0923317763
605 11.9670648078
606 11.5526881391
607 11.7507311871
608 11.5759648026
609 11.3719938918
610 11.345019927
611 11.9018888118
612 11.5471000371
613 11.5556478255
614 11.6191074494
615 11.5308534949
616 11.2992445205
617 11.8424025345
618 11.7905432909
619 12.0763288076
620 12.0691426824
621 11.980888326
622 12.4180671682
623 12.9440650182
624 12.9422706327
625 12.6198962023
626 13.0653190563
627 12.5464559682
628 12.3533066862
629 12.8106685224
630 13.0177695017
631 12.8330715126
632 13.310504807
633 13.5049248459
634 13.0794942254
635 13.4029238202
636 13.1367694119
637 12.9727177209
638 13.3659721673
639 12.8079795798
640 12.9559136139
641 13.0945279105
642 12.7368436401
643 12.7599520945
644 12.8347745292
645 12.8310715792
646 12.7626240956
647 12.8468617038
648 12.6904735808
649 13.0781644335
650 13.5793679409
651 12.93810734
652 12.8893664774
653 13.0979565738
654 13.1483092368
655 13.2130993775
656 12.914203925
657 13.4885230305
658 13.9738402094
659 13.7854778527
660 13.6155952624
661 13.753312119
662 13.3332544668
663 13.2140005507
664 13.4949574315
665 13.8665525635
666 13.7936166047
667 14.2652742832
668 13.7313577102
669 13.5338192662
670 12.9645980102
671 12.6901249206
672 12.4025550835
673 12.2039817841
674 12.4721704333
675 12.7371279948
676 13.0384417265
677 12.2680589633
678 12.1340230312
679 12.1537537191
680 12.1957488862
681 12.1412988887
682 12.1555765171
683 12.0885694741
684 12.114715805
685 12.0539060228
686 12.3428078405
687 12.0254686279
688 12.2072406952
689 12.219437119
690 12.2154067783
691 12.645832672
692 12.9545557014
693 13.2453709113
694 13.7885388569
695 13.9202432538
696 13.2633014054
697 13.5648821143
698 13.5571599676
699 13.3188501303
700 13.4561794519
701 13.4409900979
702 13.0270262075
703 13.135597847
704 13.5151943347
705 13.5509700227
706 13.6736764973
707 13.7154333652
708 13.3627379089
709 13.9574466756
710 14.0633102281
711 14.0341495212
712 14.2874356327
713 14.1122003597
714 14.5852441567
715 15.0034279198
716 15.2700502503
717 15.0039666958
718 15.1650272536
719 15.3712357222
720 15.2627852679
721 15.4187014455
722 15.4156871805
723 15.3689520639
724 15.9514975974
725 15.768633099
726 15.502008313
727 15.5121341494
728 15.3934678577
729 15.3111926032
730 14.9067051827
731 14.8679137543
732 14.7078476521
733 14.2423817424
734 14.5085904865
735 13.9681373011
736 13.9531490326
737 13.7637306727
738 13.5833520374
739 14.1376020001
740 14.593324589
741 13.9635511161
742 13.6066629608
743 13.1205434641
744 13.1028208903
745 13.5175276708
746 13.4071382037
747 12.8529870854
748 12.6920735413
749 12.7653430434
750 12.7014969842
751 13.1138259412
752 13.053926506
753 12.9258151899
754 13.1061469741
755 13.2211190836
756 12.9794841508
757 12.8447826526
758 12.7389335458
759 12.8527606111
760 12.8372578637
761 12.5715254902
762 12.4956307404
763 11.3698733804
764 11.8984955861
765 12.3158450118
766 12.5612928847
767 12.4179627319
768 12.6476990666
769 12.3258393968
770 11.9985843957
771 11.5195987664
772 11.5666098818
773 11.2665810596
774 11.3952824921
775 11.9701552411
776 11.5704567774
777 11.6321930076
778 11.8087198058
779 12.0509272486
780 12.5345390091
781 12.3565409572
782 12.6852826623
783 12.9151097084
784 12.300068524
785 12.0608560897
786 11.918076453
787 12.2015991649
788 11.4348062636
789 11.9155156747
790 11.4246866253
791 12.2251254919
792 12.4053401687
793 12.3715054812
794 12.4813171383
795 12.5529260519
796 12.9026046277
797 13.1192394836
798 12.58864032
799 12.7036573452
800 13.1744451331
801 12.9028023061
802 13.3148306155
803 13.4013325886
804 13.6330088343
805 13.1812694114
806 14.1650893562
807 14.1236578152
808 13.3735582868
809 13.4244436025
810 13.5139041788
811 13.756815325
812 13.645419669
813 13.5420028951
814 13.2482051317
815 13.0995790148
816 13.2518691676
817 13.2588155883
818 12.7171488531
819 12.4799048014
820 12.4886454825
821 12.4776509656
822 12.8770601902
823 12.8100857936
824 12.845537778
825 12.9742203029
826 12.4813577416
827 12.4648603793
828 12.1318582383
829 12.694605401
830 12.9600884809
831 12.9725350277
832 12.8515004896
833 12.9731274199
834 12.6119637173
835 12.8031316629
836 12.8673408754
837 13.5914770708
838 13.7590230248
839 13.649434309
840 13.723803068
841 13.0472962799
842 13.2629295145
843 13.2174323299
844 13.1152388056
845 12.9640924568
846 12.8448971732
847 12.3602994816
848 12.4512905601
849 12.4489990387
850 12.3283001344
851 12.493731021
852 12.2054082519
853 12.2001381634
854 12.0918974652
855 11.7930263032
856 11.789147862
857 11.84768027
858 12.084697266
859 11.2914958057
860 11.2860314008
861 11.2799313394
862 10.767597906
863 11.4754638037
864 11.6908463473
865 11.3481205909
866 11.1862501862
867 11.5092993957
868 11.415383043
869 11.4421640624
870 11.5514542559
871 10.8553404958
872 10.8313526857
873 11.7046824896
874 11.8372677836
875 11.8649253652
876 11.8819005324
877 11.8954883137
878 12.0458100909
879 11.9827860715
880 12.1809119327
881 12.4842175068
882 12.5485885305
883 12.3999606498
884 12.7839257291
885 12.6351877212
886 12.4042170669
887 12.5423764394
888 12.6094701334
889 12.2943311299
890 12.523289172
891 12.1219162021
892 12.1618147503
893 12.4982440531
894 13.0430069769
895 12.8532535553
896 12.7391480962
897 12.4688901858
898 12.9583751022
899 12.6881705112
900 12.5681631837
901 12.2368842298
902 12.2281137782
903 11.9936250291
904 12.2239363487
905 12.6096410418
906 12.4444794149
907 12.1694314004
908 12.1344737868
909 12.2546139508
910 11.9219604189
911 12.2054544607
912 12.1362883381
913 12.3209036504
914 12.3343878795
915 12.1082517564
916 11.9025965994
917 11.3306936916
918 11.1648552363
919 11.3289266031
920 11.0415190344
921 11.0855603093
922 11.3164652471
923 11.1242626858
924 11.5921322942
925 11.528687609
926 11.4237934324
927 11.6532681243
928 11.790333956
929 12.2951220265
930 12.6173893966
931 12.4436891799
932 12.4912998192
933 12.1557435129
934 12.3142743534
935 12.5181794608
936 12.5607639467
937 12.6265347368
938 12.6553558048
939 12.6323996264
940 11.9642356404
941 12.1387995152
942 12.0768987092
943 12.0824897369
944 12.1176983602
945 12.0109876905
946 12.2848940247
947 11.8261966168
948 11.6859557893
949 11.684931279
950 11.8985311237
951 11.8599267841
952 11.8869298888
953 12.452730922
954 12.6219101491
955 12.8210730148
956 12.6123040146
957 12.81106911
958 13.0246305495
959 12.6162790306
960 12.6133670375
961 12.6519753483
962 12.6970780522
963 13.1499450181
964 13.3760503574
965 12.9444781324
966 12.9977613179
967 12.7919618732
968 13.0540990527
969 12.9709246317
970 13.0543697092
971 12.8584537326
972 12.6614457238
973 12.8013331976
974 12.8168551207
975 12.4278572738
976 12.7166632862
977 12.8734922671
978 13.3052665842
979 13.2268630478
980 13.1796299456
981 13.2459246557
982 12.8187851922
983 12.9291029884
984 12.8906764204
985 13.0801480783
986 13.4170294955
987 13.6769305868
988 13.5934406197
989 13.3259442507
990 13.6224226485
991 13.3845631205
992 13.3862120626
993 13.2835115122
994 13.0304610798
995 13.1466324145
996 13.2727502645
997 13.2537881785
998 13.281225006
999 12.8047149451
