0 0.0
1 0.204545001748
2 0.205637343092
3 0.380732187171
4 0.302036970768
5 0.162191035667
6 0.0436399279916
7 0.0935671253714
8 -0.116820217435
9 0.186295225576
10 0.123993690699
11 0.122144862263
12 0.639119270767
13 0.216397106115
14 0.256427809963
15 0.443579046431
16 0.299260915289
17 0.415741553757
18 0.187158229187
19 0.290495052115
20 0.251881037382
21 0.0993484484762
22 0.271883231105
23 0.242786659008
24 0.181640111004
25 0.391504725895
26 0.326155840806
27 0.463292790832
28 0.379567012585
29 0.612347510835
30 0.342730144366
31 0.120871321356
32 0.129581289492
33 0.176146844673
34 0.382220010315
35 0.209016076034
36 0.0207399610242
37 0.242385581742
38 0.149881825545
39 0.369666410777
40 0.265720425296
41 0.576542711982
42 0.481427864363
43 0.401862980918
44 0.260851058954
45 0.0980347232055
46 0.271717398228
47 0.292732313062
48 0.123593030575
49 0.549832236309
50 0.487918738152
51 0.596036725319
52 0.115113217982
53 0.217057879301
54 0.242939115914
55 0.0539657402109
56 0.303177329118
57 0.450577362504
58 0.588409527458
59 0.250045202708
60 0.0436439190093
61 0.338705821157
62 0.0923756828678
63 0.43456251522
64 0.274529541494
65 0.347399324611
66 0.401178524998
67 0.824198829945
68 0.508323733211
69 0.516300203583
70 0.56111433191
71 0.28255948439
72 0.198077721938
73 0.33784318473
74 0.53827045128
75 0.181244395669
76 0.363488705708
77 0.295288690543
78 0.445309227375
79 0.457192102785
80 0.20492146303
81 0.238791591485
82 0.310855282213
83 0.276417242252
84 0.0936235470055
85 0.115708642891
86 0.377945410544
87 0.121713311063
88 0.262901543888
89 0.415625354882
90 0.130691057743
91 0.146178231984
92 0.336631489323
93 0.423096864036
94 0.481042552923
95 0.538851790329
96 -0.0888233457778
97 0.263704807291
98 0.283423606177
99 0.118733236081
100 0.092795725943
101 0.249229859039
102 0.280899671066
103 0.0790832062163
104 0.184244516976
105 0.399552997335
106 0.385347047162
107 0.491549468937
108 0.265826192596
109 0.232808046523
110 0.0834647855085
111 0.348171801406
112 0.230692313675
113 0.226345564332
114 0.144097927255
115 -0.297446483043
116 -0.0380261076407
117 -0.087516441057
118 0.130989254569
119 0.0522748881108
120 0.390441014198
121 0.385316592114
122 0.146181422471
123 0.319694319503
124 0.374400550766
125 0.465124884446
126 0.205261732469
127 0.182754391318
128 0.037295940041
129 0.0151138491384
130 0.151298418732
131 0.100046246049
132 0.219229936119
133 -0.0951053703615
134 0.228905595781
135 0.231037518713
136 0.602871911411
137 0.348853700809
138 0.168353433964
139 0.307634799023
140 0.303240944264
141 0.125580273448
142 -0.0835620910498
143 -0.0870462445035
144 -0.0322738736012
145 0.148581663178
146 0.254685615656
147 0.18163043972
148 0.108951213791
149 0.229074017801
150 0.662723509405
151 0.536211463034
152 0.286659862504
153 0.519861489667
154 0.496988917057
155 0.53193970559
156 0.653081073757
157 0.77260840788
158 0.540408323922
159 0.612145707318
160 0.901880346187
161 0.540090171897
162 0.642870287317
163 0.677854595135
164 0.411775489372
165 1.01483423797
166 0.543363906588
167 0.726504654323
168 0.460033506642
169 0.478328998796
170 0.374852589831
171 0.327521241653
172 0.512873711181
173 0.651717465473
174 0.553028275811
175 0.824358826372
176 0.611947740001
177 0.548217730304
178 0.7872389521
179 1.02343767384
180 0.984085587105
181 0.930254967751
182 0.83222615224
183 0.751368667503
184 0.883744909194
185 0.719260183341
186 0.680343482571
187 0.654714145844
188 0.573838729012
189 0.424782378654
190 0.705883891004
191 0.639171537306
192 0.602518668306
193 0.508701217151
194 0.398495948863
195 0.855716366634
196 0.685908731418
197 0.71891193795
198 0.640854936684
199 0.817625303358
200 0.8786112957
201 0.884754814352
202 0.66183250759
203 0.780568783388
204 0.657437089949
205 0.986788724749
206 1.0578107812
207 0.697328400819
208 0.722547801717
209 0.492157647857
210 0.792617046597
211 0.940801906565
212 0.767134904562
213 0.889355808584
214 0.902290356625
215 0.875168090421
216 0.615309659355
217 0.721044875008
218 0.877525629556
219 0.96273474191
220 1.10297747411
221 0.74103261048
222 0.597259211404
223 0.471402297927
224 0.531534627489
225 0.693103847514
226 0.701786156363
227 0.693436014915
228 0.723040671871
229 1.37160009211
230 1.60623887667
231 1.08989086416
232 1.18827456999
233 1.42949552564
234 1.27258731387
235 1.11329571387
236 1.18935892027
237 1.39888984528
238 1.22397480666
239 1.23018953561
240 1.44336178038
241 1.39898787972
242 1.62829006544
243 1.58356217894
244 1.71052956755
245 1.12385232593
246 1.36654216275
247 1.48960751147
248 1.38745551044
249 1.14895233567
250 1.26210649447
251 1.30619191839
252 1.43839496401
253 1.52378502598
254 1.53536965492
255 1.77945521014
256 1.27746615858
257 1.33814713725
258 1.05283416338
259 1.07089925694
260 1.29544676783
261 0.827101525055
262 0.376228985659
263 1.18075067666
264 0.612010098303
265 0.737927350165
266 0.859499346495
267 0.902246667495
268 1.09865138642
269 1.28054706538
270 1.05770458396
271 1.17853369715
272 1.03357942303
273 1.12908149203
274 0.987690342665
275 1.5247946823
276 1.2668062612
277 1.27962307169
278 1.68740971101
279 1.50674058013
280 1.35994832823
281 1.46090137941
282 1.53838573396
283 1.35823457616
284 1.24324524435
285 1.41029161356
286 1.63798992767
287 1.62722201484
288 1.54445929316
289 1.20030511153
290 1.43231409101
291 1.55342257149
292 1.64594763747
293 1.7034214579
294 1.71597658297
295 1.3331926638
296 1.40195899258
297 1.26767539134
298 0.934396560516
299 1.0490610814
300 1.15582693708
301 1.09395242787
302 1.54324857717
303 1.52252941523
304 1.32416661523
305 1.43067724861
306 1.63488674101
307 1.63410133567
308 1.74521310965
309 2.05620466666
310 1.87988611956
311 1.88089713735
312 1.54167559461
313 1.21693196675
314 1.05078815245
315 1.01866582109
316 1.35022925576
317 1.38726006866
318 1.25138583253
319 1.21905440395
320 1.48750052643
321 1.57452291154
322 1.65988586861
323 1.83589456799
324 1.73824110114
325 2.08554466534
326 1.99861175364
327 1.87044332629
328 1.89998037527
329 1.84111790325
330 1.36121503461
331 1.55506938849
332 1.60108012793
333 1.84107436637
334 1.78080267483
335 1.55711801229
336 1.64196032171
337 1.46810019509
338 1.78895352116
339 1.64324951946
340 1.35697313207
341 1.31982329616
342 1.83638922425
343 2.10845118441
344 2.39377501529
345 2.03526498751
346 2.16304461938
347 2.41467374911
348 1.99974987991
349 2.27389125909
350 1.90719308342
351 2.02786882588
352 2.01673080964
353 1.569287362
354 1.077417288
355 1.08142219834
356 1.2835048565
357 0.787911824939
358 1.18849863196
359 1.2636785052
360 1.30802132834
361 1.135005442
362 1.41242629665
363 1.31920152669
364 1.32885473648
365 1.52570080137
366 1.22463504061
367 1.72269280654
368 1.40991997289
369 1.42935357436
370 1.43737373289
371 1.31851583947
372 1.35198721042
373 1.33087088737
374 1.63610816234
375 2.03597444018
376 1.92436174244
377 1.63066461931
378 1.65841978802
379 1.7678775365
380 1.75858048435
381 1.50989639675
382 1.80813223983
383 1.76693122478
384 1.98065094541
385 2.17014944855
386 2.27291273036
387 2.4205019186
388 2.59793716879
389 2.82221025174
390 2.55545556882
391 2.28883703716
392 2.50848781562
393 2.46345894591
394 2.52163311951
395 2.38143622896
396 2.50457904717
397 2.64864570442
398 2.5067114076
399 2.52530287945
400 3.0548541746
401 2.89413763026
402 3.08117869227
403 2.89176415603
404 2.95359607417
405 2.60654330943
406 2.70847996635
407 2.36003504482
408 2.71511927446
409 2.32355916757
410 2.44476998975
411 2.04867596701
412 2.17342742156
413 2.07641830067
414 1.99919218797
415 1.66131427518
416 2.78766733972
417 2.69717648208
418 2.75562319792
419 2.75412229728
420 2.97786426748
421 2.80616935835
422 2.59986886339
423 2.75430075296
424 2.35530363054
425 2.97361525772
426 3.26917410013
427 3.08369118994
428 3.30571604966
429 3.06936049006
430 3.25799013307
431 2.91783200361
432 3.21747452864
433 3.15969392796
434 2.77348652351
435 2.61864214507
436 3.01102115554
437 2.92825914444
438 3.47476105979
439 3.34869532421
440 3.52866216895
441 3.7886151884
442 3.30227225532
443 3.0599091553
444 3.23189640778
445 3.63757094776
446 3.58905607632
447 3.66084031169
448 3.15406275556
449 3.63679874391
450 3.74133855082
451 3.57858853347
452 3.49250249164
453 3.04333177947
454 2.55354058783
455 2.91540474526
456 2.98463747339
457 3.44856603582
458 2.7135075154
459 2.71444428809
460 2.94450005747
461 3.02939958746
462 3.00811414651
463 3.20984494445
464 2.87588915427
465 2.70092201477
466 2.73448683248
467 2.81435236187
468 3.09562743233
469 3.57687321012
470 3.37506545655
471 3.71981851942
472 3.47924269607
473 3.62415706617
474 3.69966100619
475 3.74219876509
476 3.72269598198
477 3.1654274886
478 3.82696862892
479 3.74343818195
480 3.16783506928
481 3.54557985472
482 3.48147688011
483 3.17178771964
484 3.4882817129
485 3.61990199762
486 3.24937129074
487 3.24107466067
488 3.18445214478
489 3.49365478311
490 3.44254263442
491 3.48582253218
492 3.31218357231
493 3.34531554767
494 2.79396024885
495 3.09395595917
496 3.2721217413
497 3.44104033024
498 2.98698150179
499 2.71927937125
500 2.63926582537
501 3.15758706867
502 3.78403748617
503 3.63007448522
504 3.82280399563
505 3.54868487036
506 3.26932384858
507 3.67881063628
508 3.62547624953
509 2.77124560286
510 3.11342771993
511 3.27266503452
512 3.28311494789
513 3.04087235733
514 3.83389986786
515 3.67403338045
516 4.00903452674
517 3.73068497229
518 3.66501088353
519 3.6443405596
520 3.00994675719
521 3.24255216137
522 3.24930211597
523 3.3195261791
524 3.45277753896
525 3.49706697166
526 3.57629846174
527 3.67733838971
528 3.88614526273
529 3.75786246842
530 3.9241718622
531 3.44603013657
532 3.17046601481
533 3.31791094515
534 3.34061972434
535 3.4111643744
536 3.71177716167
537 3.35246184729
538 3.66196698476
539 3.49317066231
540 3.90997905202
541 3.86480624159
542 3.72985760467
543 4.02516908313
544 3.93384803423
545 3.521956444
546 3.37925653886
547 3.66250466884
548 3.25913405972
549 3.27420814688
550 3.17898168759
551 2.94689715419
552 2.90809065832
553 2.8039378271
554 2.86051210369
555 2.41681884203
556 2.70310081944
557 2.77548708704
558 2.97024575217
559 2.88329656914
560 3.03350231661
561 2.32208948642
562 2.43281542534
563 2.53142833945
564 2.41336669306
565 1.93113140661
566 2.26175549985
567 2.15250429548
568 2.22273464372
569 2.11826216982
570 2.1230905024
571 2.29524755274
572 2.30029098997
573 2.27436263494
574 2.37485082914
575 2.82959350031
576 2.47951251876
577 2.18579371429
578 2.52762143379
579 2.59409205207
580 2.59550639041
581 2.8018738888
582 3.00311641761
583 2.7590017335
584 3.18555163255
585 3.06571721215
586 3.17085397111
587 3.29033620197
588 2.37230387068
589 2.96717980376
590 2.94425186335
591 2.81047905262
592 3.06074100577
593 3.0489155035
594 2.71289173515
595 2.53785473312
596 2.71746887024
597 2.65381673803
598 3.22039328209
599 2.48404675903
600 2.61039360629
601 2.89685480364
602 2.9137156001
603 2.51875520796
604 2.45546530118
605 2.69042805231
606 2.49835468149
607 2.86169309943
608 2.17596177816
609 1.92160639955
610 2.27253327583
611 1.88337469456
612 1.9428704579
613 2.23710211871
614 2.82063406816
615 2.86113828553
616 3.35540083127
617 3.46790714412
618 3.29578305914
619 2.86040608077
620 2.83916626981
621 2.92514166775
622 2.75252881657
623 2.72127189758
624 2.85644484066
625 3.37260926478
626 3.06308584143
627 3.25129141548
628 2.75769049509
629 2.80438342819
630 2.86477644569
631 3.21047657869
632 3.48272056972
633 3.61420602413
634 3.81648991222
635 3.91434529745
636 3.51153556621
637 3.34438990756
638 3.59309307905
639 3.80733760252
640 3.77122799499
641 3.879188227
642 3.91398895246
643 3.6693897358
644 3.82980987789
645 3.79291602618
646 3.53928986431
647 4.0047070367
648 4.56940555283
649 3.81279322236
650 4.30855572225
651 4.48167374212
652 4.44297289583
653 4.74072066766
654 3.98975041568
655 4.33451142213
656 4.32563718702
657 4.0028591743
658 3.81749179725
659 3.20308916024
660 3.24721400263
661 3.48295886264
662 3.43631668189
663 3.43510776433
664 3.49187718891
665 3.64167238297
666 3.38704906246
667 3.30681017993
668 3.5211506768
669 4.16121000485
670 3.68828452217
671 3.67152239951
672 3.27961631621
673 3.80196742627
674 3.54526023686
675 3.0886869485
676 2.71344130454
677 2.2313222469
678 2.4368720267
679 2.71517274017
680 2.55026475611
681 2.59972222243
682 2.99667424297
683 2.89122457685
684 2.98576785969
685 3.17797724175
686 3.43826417261
687 3.57967879448
688 3.85876692515
689 4.03198983015
690 3.81356488335
691 3.88587498691
692 3.92533386655
693 4.31628155692
694 4.37015548379
695 4.16022597509
696 3.93229771981
697 3.53939741174
698 3.22442947962
699 3.74239775277
700 3.46609955699
701 3.72423323651
702 3.80848437069
703 4.12409854485
704 4.008974678
705 3.90447905766
706 3.96570115335
707 4.02446534614
708 4.08370267029
709 4.19650246776
710 4.37458357482
711 3.74274786133
712 3.47427270065
713 3.74222855777
714 3.9780274433
715 3.40152977849
716 3.74480517346
717 3.69465043998
718 3.91455771101
719 4.21146250603
720 4.31036293055
721 4.21089112183
722 4.02547787591
723 3.98219480205
724 4.1577677119
725 4.0828485086
726 4.1286061183
727 4.22368722622
728 3.90942759522
729 3.89268687987
730 3.89781653499
731 3.71059435542
732 3.70223986219
733 3.75176013114
734 3.88416436045
735 4.16041735042
736 3.79495445149
737 3.7974714211
738 3.93602806287
739 4.17930616959
740 4.07999057018
741 3.79542385331
742 3.50937721574
743 3.44895077562
744 3.72671936209
745 3.68503676491
746 4.13149435083
747 3.73414301936
748 3.89468172701
749 3.95266958574
750 4.02052709466
751 3.71895882532
752 3.83726308865
753 3.9659023332
754 3.84633976689
755 3.57045399494
756 3.87827302464
757 3.89739724481
758 3.67787329223
759 3.74644678152
760 3.86893272413
761 4.226072938
762 4.14906127362
763 3.7999963201
764 4.28672819672
765 4.56612056644
766 4.22896534808
767 3.742368189
768 3.87267683166
769 3.64802505537
770 3.56373499359
771 3.5527044438
772 3.70835215992
773 3.63674661906
774 3.7895623648
775 3.68807321137
776 3.8907047859
777 3.36638930504
778 3.65863262688
779 3.79345539143
780 4.2719244682
781 4.063371282
782 4.35809853317
783 4.45664327056
784 4.43306169221
785 4.22354638291
786 4.18478663327
787 4.35223029086
788 3.77705100854
789 4.17657958589
790 3.84334337509
791 4.05358642435
792 4.1781175413
793 4.09735042487
794 3.81830557036
795 4.21395656409
796 4.32931844458
797 4.37992489363
798 4.18994381797
799 4.30701039811
800 4.31778567828
801 4.43430006732
802 4.66384750785
803 4.70844673501
804 4.47736882828
805 4.36864749323
806 4.68645742191
807 4.25410240129
808 4.36486080304
809 4.79656734925
810 4.68949950537
811 4.05215719047
812 4.35460894149
813 4.01231297581
814 4.0926674643
815 3.80693651083
816 3.95990274324
817 4.13761507097
818 3.71991190528
819 4.44118588377
820 4.13963440551
821 4.23049618624
822 4.29864507213
823 4.72580345896
824 4.51966623572
825 4.32508166599
826 4.25056515809
827 4.13084971444
828 4.28119042461
829 4.41292471237
830 4.24153713843
831 4.12697053847
832 4.41167504971
833 4.45290713185
834 4.5368193182
835 4.37307232641
836 4.37934345395
837 4.03691695916
838 4.53575898495
839 4.38924913632
840 4.56475499147
841 4.62218977432
842 4.13358821516
843 4.61293552113
844 4.49062198514
845 4.53501076627
846 4.39591450367
847 4.01947193224
848 4.22643373504
849 4.46140617953
850 4.45539355199
851 4.44270799209
852 4.24992988744
853 4.13706006761
854 4.6292241348
855 4.78956294666
856 4.62608121916
857 4.42517160602
858 4.33408505512
859 4.62322494739
860 4.77925826495
861 4.61931258046
862 4.72990948268
863 4.80991947497
864 5.10435004989
865 4.66527711996
866 4.67770605766
867 4.75791560088
868 4.89202755253
869 4.9685732459
870 4.93815065309
871 5.07708821455
872 4.97746493551
873 5.16501955851
874 4.82178232753
875 4.85198286033
876 4.52876771348
877 4.64806708826
878 4.191282742
879 4.61800183217
880 4.32923930701
881 4.47190782045
882 4.59141861962
883 4.94666861793
884 4.50611647528
885 4.53140008071
886 4.34249263524
887 4.65678992936
888 4.923370646
889 4.90080629201
890 4.83164843922
891 4.82431286028
892 4.86412097777
893 4.97983619523
894 4.69228865654
895 4.64690401941
896 4.28852370469
897 4.78526938069
898 4.94477568517
899 5.17091458214
900 5.46581491896
901 5.52674919469
902 5.5550625751
903 5.28288762418
904 5.54980072676
905 5.70411637911
906 5.60783314812
907 5.49501447733
908 5.57572047248
909 5.57197983355
910 5.58205850252
911 5.2411157042
912 5.16921392657
913 5.53624952925
914 5.64596146738
915 5.94687190116
916 5.64140195626
917 5.61278872364
918 5.41619386166
919 4.98963062567
920 5.35185270599
921 5.67940479849
922 6.06568999944
923 5.54643352291
924 5.63458777133
925 5.60174238585
926 5.01475746326
927 4.85540869774
928 5.37680427536
929 5.27263497256
930 5.39237001312
931 5.19673679371
932 5.3193513601
933 5.13930361355
934 5.68497013302
935 6.09090926056
936 5.66732567599
937 5.81982242588
938 5.97446520939
939 5.86983542488
940 6.01144900471
941 5.61108417788
942 5.90170301573
943 5.91103685172
944 5.50032327626
945 5.10149267438
946 5.1805559416
947 5.32574780204
948 6.02885699903
949 5.59139999748
950 5.60216762955
951 5.34231437066
952 5.443580961
953 5.75672260826
954 5.91813066523
955 5.8100880003
956 6.05657761205
957 5.84306475525
958 6.20307467841
959 6.47628987204
960 6.50706648066
961 6.59793892477
962 6.68906427679
963 6.97581357906
964 6.79319831103
965 6.81118761928
966 6.65111091739
967 6.57988940546
968 6.96390953036
969 7.03295615879
970 6.67708127756
971 6.89562125792
972 6.83435605509
973 6.84359919425
974 7.33534903236
975 7.6113956345
976 7.54326108062
977 7.58385789169
978 7.41631717846
979 7.50343520006
980 7.79381910412
981 7.96848569159
982 7.97409469463
983 7.9670851162
984 7.915964836
985 7.91924259911
986 8.09749656973
987 7.4151774944
988 7.37716051758
989 7.77627426743
990 7.5778610515
991 7.36590696981
992 7.09685635272
993 6.95423784407
994 7.23583041576
995 7.02532236832
996 6.93799264934
997 7.02759415512
998 7.32544320654
999 6.86165279021
