0 0.0
1 0.0933256432615
2 0.062472473544
3 0.301384587429
4 0.0574337204811
5 -0.0521104926894
6 0.175613101647
7 0.118172136465
8 0.0991242670138
9 0.397219683273
10 0.328478428741
11 0.209084728665
12 0.220078940906
13 0.241977817665
14 0.380573586565
15 0.343783534065
16 0.0845294408361
17 0.349089237637
18 0.27018241616
19 0.184112535668
20 0.43831499074
21 0.187872724736
22 0.170894156686
23 0.592566504078
24 0.533359532499
25 0.228767755936
26 0.485585438029
27 0.207182450597
28 0.175225709345
29 0.103569506683
30 -0.0300898291897
31 0.191053704557
32 0.201915939253
33 0.160327973878
34 0.10172229703
35 0.182425419884
36 0.267974035693
37 0.225037586126
38 0.471059661802
39 0.257652427482
40 0.202753652356
41 0.364538276473
42 0.521406320805
43 0.630364101701
44 0.444075456934
45 0.277191837113
46 0.556830433227
47 0.884632032239
48 0.755360691175
49 0.60289269588
50 0.814677614911
51 0.823665623708
52 0.627737003859
53 0.868951277363
54 0.574296908226
55 0.260603030367
56 0.718557583189
57 0.516340085281
58 0.786336591506
59 0.748426992914
60 0.683189608933
61 0.76993314825
62 0.77265357895
63 0.819143468607
64 0.811202592893
65 0.661103254238
66 0.767541449162
67 0.825434456453
68 0.601278537674
69 0.751897951734
70 0.715769172874
71 0.822008851967
72 0.812141340095
73 0.766361595154
74 0.854815359035
75 0.72226342888
76 0.947243309268
77 0.652024405985
78 0.784518882181
79 0.877873163691
80 0.910912749488
81 0.952552585686
82 0.726006967951
83 0.680294826594
84 0.828451935009
85 0.539258298657
86 0.885399836077
87 0.636502886068
88 0.658735892489
89 0.642573021157
90 0.638337618317
91 0.540612070664
92 0.84871878967
93 0.657391114983
94 0.599378273549
95 0.772748046524
96 0.735564688409
97 0.897427408279
98 0.753578672484
99 0.365722561868
100 0.637781713358
101 0.75979215837
102 0.72168276353
103 0.936158655195
104 0.67503271321
105 0.888202778327
106 0.74018647026
107 0.876736045497
108 0.942418164335
109 0.648845444027
110 0.674171216158
111 0.818687874779
112 0.873746111007
113 0.907532330425
114 0.406308584573
115 0.740710840023
116 0.848092948379
117 1.09890816531
118 0.777684259257
119 0.723617434576
120 0.7692556006
121 0.841583836784
122 0.823518616484
123 0.562435666364
124 0.637992761103
125 0.990912692386
126 0.803324285694
127 0.745776329755
128 1.28099277991
129 1.08314172063
130 1.12455818378
131 1.30188200621
132 1.23310619741
133 1.06704704543
134 1.02423202757
135 0.783880718362
136 0.889924455121
137 0.924420250292
138 0.840190605304
139 0.774369595338
140 0.968496454377
141 0.66828329915
142 0.718287941347
143 0.457978545418
144 0.454408258693
145 0.775810377981
146 0.733104469717
147 0.394871956402
148 0.74654641472
149 0.482322984534
150 0.401482289378
151 0.664318539583
152 0.548822761104
153 0.816894649618
154 0.741123712352
155 0.796366785972
156 0.617285522024
157 0.536517899465
158 0.610797311252
159 0.685354176386
160 0.524453058302
161 0.483997617141
162 0.694228975674
163 0.608487361847
164 0.794203228357
165 0.782836934452
166 0.720705760827
167 0.446949323832
168 0.990900580292
169 0.790254595231
170 1.12743928265
171 1.07258492643
172 1.04803202609
173 1.22300336769
174 0.911687615965
175 1.52187835444
176 0.935891667244
177 1.03232784947
178 1.00208578551
179 1.22855738732
180 1.04898461793
181 1.05232038363
182 1.28988118249
183 1.20256740628
184 1.38534891005
185 0.850923611021
186 0.872272371332
187 1.05040665549
188 0.919332523645
189 0.786656422969
190 1.10918060569
191 1.06397468578
192 1.03471190827
193 1.09770728665
194 0.853975258523
195 1.43334419264
196 1.52798494779
197 1.55984488939
198 1.30551400092
199 1.28635901729
200 1.27887198712
201 1.14238580986
202 1.48141397514
203 1.48063214724
204 1.13013796969
205 1.10009487821
206 0.937428942362
207 0.849198500628
208 1.0928019645
209 1.43315515162
210 1.19788674759
211 1.14168123085
212 1.11533103482
213 1.07808148133
214 1.47922996487
215 1.29455175804
216 1.20453779804
217 1.35569190342
218 1.69220206067
219 1.43142224384
220 1.37651162734
221 1.41461218408
222 1.44105977797
223 1.34699447191
224 1.34224944573
225 1.68456704456
226 1.69163572285
227 1.63264162882
228 1.17192205824
229 1.39467546853
230 1.23385297175
231 1.49830931542
232 1.64155297137
233 1.66371864999
234 1.74645344328
235 1.93277786566
236 1.60103374705
237 1.68602762031
238 1.55398002223
239 1.76151573961
240 1.67782318976
241 1.81865071672
242 1.90285696905
243 2.13101003272
244 1.98530740092
245 2.28168039855
246 2.11537079218
247 2.18862760434
248 1.99870035573
249 1.96337521825
250 2.07411604279
251 2.01918568305
252 2.02773370082
253 1.89722474123
254 1.97839604555
255 1.91933177412
256 1.86071423479
257 1.94996046816
258 2.12300133414
259 2.17200811375
260 2.15978093749
261 2.10137702624
262 1.85820282797
263 1.98338913518
264 2.16430252761
265 2.0204280074
266 2.08834805053
267 2.14762001737
268 2.19810077579
269 2.03592272172
270 2.26508387712
271 2.11933533763
272 2.50230969575
273 2.43627792341
274 2.14563169386
275 2.31620052142
276 2.3233082095
277 2.157989143
278 2.00194159678
279 2.18700037254
280 1.94272673091
281 2.1500069694
282 2.22934721269
283 2.31418724165
284 2.26331738074
285 2.32228078578
286 2.45981962013
287 2.37778795485
288 2.4199267076
289 2.47865860701
290 2.7063464136
291 2.94462170638
292 2.55743009739
293 2.77216828535
294 2.53547801131
295 2.96425979378
296 3.10866915045
297 3.01446215141
298 3.16370276317
299 2.88251321338
300 2.95153407558
301 3.50101724304
302 3.68820230502
303 3.66226009652
304 3.5261471316
305 3.59161271719
306 3.74827785291
307 4.07030660351
308 3.88321481568
309 3.83923194826
310 3.92956663816
311 4.22485825925
312 4.06221190011
313 4.40404207058
314 4.31515358617
315 5.00943675914
316 4.80618601876
317 4.79984249977
318 4.85786404749
319 4.80070086804
320 4.77192587831
321 4.76758511323
322 4.45722074598
323 4.90360657653
324 4.52352215195
325 4.58508171318
326 4.82296839065
327 4.73737185704
328 5.11312760435
329 5.0711939729
330 4.95109430574
331 5.15820382008
332 5.1226461173
333 5.07243688139
334 4.88786274863
335 4.74994187023
336 4.82379364747
337 4.94079246856
338 4.72020484282
339 4.34989958241
340 4.57902724586
341 4.49523524387
342 4.74579615539
343 4.94498963457
344 5.11305114087
345 4.98304393011
346 4.75210013603
347 4.76332263938
348 5.28568656794
349 5.18232635259
350 5.10146778527
351 5.07442684489
352 4.88064216024
353 5.18680889488
354 5.24306480053
355 5.01146696023
356 5.04894759397
357 4.88723947458
358 5.17792065196
359 4.89264717484
360 5.66987355717
361 5.33222760195
362 5.29826978979
363 5.47362521826
364 5.27932686139
365 5.37908506977
366 5.31700746577
367 5.43543864375
368 5.16702041317
369 4.89119689531
370 4.97213255322
371 4.80484941729
372 4.45062676663
373 4.40951759604
374 4.30209385577
375 4.76514930243
376 4.78284003811
377 4.92547252472
378 4.60515078507
379 4.57018400094
380 4.92296283781
381 5.40768204803
382 5.50749375361
383 5.80099048526
384 5.97577246476
385 6.0804845345
386 6.47963860718
387 6.1807165848
388 6.31516370577
389 6.57266091258
390 6.28459013791
391 6.19001748158
392 6.93131621866
393 6.29738697934
394 6.88620042843
395 7.15853862114
396 7.01732357233
397 6.83046247821
398 6.64535393596
399 6.66525288527
400 6.25347756986
401 5.98654278284
402 6.05172762504
403 6.50428258875
404 6.46300215725
405 6.42682833729
406 5.68261234176
407 6.09286256946
408 6.09558994784
409 6.50464189578
410 6.11910700431
411 5.79403843578
412 5.58590597059
413 5.47424373348
414 5.34087636288
415 5.31424059388
416 5.73627582205
417 6.21676122546
418 6.06569611178
419 5.92898353522
420 6.24708122024
421 5.87012927295
422 5.76700235361
423 5.44167730184
424 5.55314424755
425 5.51593888237
426 5.1002790455
427 5.02782322008
428 5.10739958683
429 4.80983850153
430 4.93215226151
431 4.98579938907
432 4.52611474655
433 5.17729619568
434 4.45343839977
435 5.13599026503
436 4.90595875597
437 5.08705353681
438 5.0976147154
439 4.81616651751
440 4.92840574934
441 4.82968608367
442 4.92308867554
443 5.22611589013
444 4.96646597438
445 5.22521879155
446 5.06407956737
447 4.83960797087
448 4.9140674874
449 5.17219137769
450 5.80022447807
451 5.71292064973
452 5.14701821681
453 5.50691525263
454 5.73119670873
455 5.35837836818
456 5.23625842904
457 4.96979817064
458 5.27885428634
459 5.693155963
460 5.68558245071
461 5.92358906007
462 5.67334085762
463 5.4094980741
464 5.91442065613
465 5.38891610808
466 5.72741555878
467 6.16867177179
468 6.03304883545
469 6.52063552925
470 6.14908580663
471 5.83382224372
472 6.07288977554
473 6.50053838743
474 6.66167405904
475 6.7089726189
476 6.21660368175
477 6.41430929232
478 6.52643166551
479 6.32654955198
480 5.94157140506
481 5.35462180756
482 5.70328807388
483 6.17483700105
484 6.40444576241
485 6.1033021397
486 5.70496035457
487 5.58731682773
488 5.81399936211
489 5.6574706853
490 5.57763436299
491 5.33925219564
492 5.63258362414
493 5.31096692685
494 5.81991004265
495 6.12489986277
496 5.9658702076
497 5.95410187762
498 6.09646968341
499 5.99463309728
500 6.31092249158
501 6.48086381078
502 6.81709245749
503 6.93330219997
504 6.89529523384
505 6.38022805319
506 6.0277908533
507 6.28090978214
508 6.23714382952
509 6.42205890363
510 6.4081043653
511 6.29816230561
512 6.50200482311
513 7.02472318436
514 7.26111020826
515 6.71442236571
516 6.44004244714
517 6.43473370955
518 6.43589609064
519 6.47721964546
520 6.31615612835
521 6.81196919452
522 6.57720902636
523 6.47081838121
524 6.40896473763
525 6.35530169572
526 6.06794145288
527 5.98106289894
528 6.5272174671
529 5.90146062268
530 6.51007023315
531 6.5826116583
532 6.34147728324
533 6.30158020219
534 5.72751413772
535 5.73914494866
536 5.43694398525
537 5.76794929004
538 5.5033187898
539 5.62061943229
540 5.81310541553
541 5.79967216936
542 5.5198798619
543 5.80878229705
544 5.88652654712
545 5.78264530609
546 6.13727913127
547 5.78073339063
548 5.65250684909
549 5.67388898997
550 5.71603285276
551 5.64141563457
552 5.57446756975
553 5.95896705117
554 5.75489248481
555 5.64043406954
556 5.39487017915
557 5.78791328703
558 5.78597723124
559 6.28678318979
560 6.46629766662
561 6.26955884445
562 6.91414251038
563 6.60579505216
564 6.15083573989
565 6.01872465524
566 5.70765746497
567 5.60375819527
568 5.95559182955
569 6.04829866617
570 6.6425948542
571 6.66026995658
572 6.66419315543
573 5.9757687375
574 6.54092302722
575 6.30467662373
576 5.96547516491
577 5.74985113839
578 5.82686655678
579 5.27638878455
580 5.78520584117
581 5.99671009028
582 5.96362957024
583 6.26989391727
584 6.25631134495
585 6.20800987843
586 6.07614528438
587 5.79253899453
588 5.9638867602
589 5.79901128982
590 6.3199357456
591 5.85671345089
592 6.09789241486
593 6.08977436854
594 6.07757566883
595 6.05847693343
596 5.82410232533
597 5.68067590354
598 6.11772334138
599 5.88655210384
600 6.05707462276
601 5.77196318496
602 6.03627528487
603 5.81765549089
604 5.50631603672
605 6.13418815754
606 5.7463620996
607 6.0241270958
608 6.30057819415
609 6.2911114274
610 6.31368056626
611 5.9740158284
612 5.71130742954
613 5.75172740838
614 5.78634701972
615 5.56901565901
616 5.9684365467
617 6.07720852476
618 6.19344101048
619 6.40563821187
620 6.071086992
621 5.6262677064
622 5.89777314046
623 6.42942374624
624 6.07391339226
625 6.3433030377
626 6.48717905854
627 6.40334881837
628 6.29331346909
629 5.76226604639
630 6.11418418446
631 5.78406565034
632 5.9262134087
633 6.21968632127
634 5.778110355
635 5.91454159852
636 5.90758741769
637 5.76209342086
638 5.87015215749
639 6.22277379757
640 5.93094275806
641 5.86562457263
642 5.97374853597
643 6.45374574254
644 6.03090626469
645 6.15676816925
646 6.18226282695
647 6.4493709662
648 6.3766680182
649 6.65644087796
650 6.22437705177
651 6.36229109464
652 6.10764675481
653 5.75286715807
654 6.46434758064
655 6.2705476027
656 6.2530529135
657 6.34472355343
658 6.57225559011
659 6.77690305909
660 6.5685427622
661 7.06184343023
662 6.76777443911
663 6.56854701506
664 6.54821934779
665 6.6559932765
666 7.10973500433
667 6.95571109922
668 6.92022638446
669 7.171781392
670 7.18408996154
671 7.37066045209
672 7.87543858118
673 7.63721444042
674 8.16556464671
675 7.97420817287
676 8.63984367123
677 8.85475545203
678 8.8348309351
679 8.57102637765
680 8.47994447952
681 8.43981550937
682 8.42553445937
683 8.04316489855
684 7.86060504874
685 8.02833635563
686 8.0873658675
687 8.14190923001
688 8.8511720382
689 8.96931157276
690 9.48815022563
691 9.52182862386
692 9.35630020096
693 9.4856595375
694 9.05589984628
695 8.81313829052
696 9.34523720015
697 9.73648318468
698 10.014337842
699 9.84318527815
700 9.37007231239
701 9.06063390618
702 9.77734760292
703 9.62796336677
704 9.66847561882
705 9.68138954382
706 9.42379008238
707 9.63892559686
708 9.60627264247
709 9.41280348142
710 9.84880515428
711 9.38672655976
712 9.30292350058
713 9.52992674467
714 9.21637209324
715 9.62505717175
716 9.51175335002
717 9.48070987997
718 9.64015242059
719 9.7448605809
720 9.78365947868
721 10.1271192881
722 10.4608678418
723 10.2381260223
724 10.3671334201
725 10.344568053
726 10.2212337146
727 10.5956934546
728 10.417042667
729 9.62385612354
730 9.35912400088
731 9.74430809824
732 9.63789715466
733 9.49674035288
734 9.71136228065
735 9.58315163884
736 10.0980173704
737 9.94270967258
738 10.1042319484
739 10.1359177728
740 10.1055066599
741 10.2762433372
742 11.0129918111
743 10.9613464709
744 10.6268705088
745 11.2856922044
746 11.4290189157
747 10.6117663145
748 11.2974894933
749 11.3927398358
750 11.9606556909
751 11.6791542194
752 12.1096506065
753 11.9086272841
754 11.4269163243
755 11.3153444121
756 11.1089285295
757 11.2364173725
758 11.5958038715
759 11.13734247
760 11.4074804482
761 11.0860606294
762 10.9606388403
763 11.2386573003
764 11.1325129453
765 11.2276801409
766 11.5843245833
767 11.7080057795
768 11.9537136916
769 11.4431437667
770 11.0968727273
771 11.6103071984
772 11.1426113372
773 10.8902467201
774 10.6033159909
775 10.1690683781
776 10.4952613877
777 10.3521274525
778 10.2239784387
779 10.7028932373
780 10.7005202543
781 10.6729091881
782 10.3223107897
783 10.8488271953
784 10.7553471416
785 10.9327942691
786 11.0860194274
787 11.3823221747
788 11.399775802
789 11.0627012694
790 11.0228572601
791 11.3944738828
792 10.8676958249
793 10.7276862633
794 10.3497212975
795 10.0841798022
796 10.2041508607
797 10.4390134126
798 10.3951198145
799 11.1407636627
800 10.7688192071
801 10.885068406
802 10.8141929013
803 10.9002205906
804 10.9088938733
805 11.1120061766
806 10.7009672283
807 10.8570073569
808 10.7643888649
809 10.8914993801
810 11.6363701883
811 11.2503307211
812 11.1377557484
813 10.799145383
814 11.1058725264
815 11.2084145239
816 11.7139824213
817 10.8961352894
818 10.2515522805
819 10.1522147727
820 10.3112576203
821 10.1029038545
822 10.5870447586
823 10.6218304409
824 10.3977778893
825 10.2046507323
826 9.90175034757
827 10.184891107
828 10.4304197402
829 10.0963403653
830 10.396486668
831 10.3708512988
832 10.3296275166
833 10.0658161084
834 9.9198569195
835 9.66354143123
836 9.74035490305
837 9.58078882595
838 9.66588310074
839 9.57574127319
840 9.25434049408
841 9.5438906558
842 9.32184043333
843 9.39636709808
844 9.5059460398
845 9.24001489267
846 9.40888218686
847 9.68788264453
848 9.58170045919
849 9.176984332
850 9.49079731415
851 9.70482553127
852 9.2340026649
853 8.86915657852
854 8.82798197942
855 8.64878285603
856 8.74383982044
857 8.22113668483
858 8.23929031768
859 8.89048966242
860 8.66493706902
861 8.45619444582
862 9.04587334563
863 8.53920677338
864 8.17651172359
865 8.42937412807
866 9.03524427726
867 9.81152444292
868 10.0634718958
869 10.7015449575
870 10.2235712585
871 9.96809571871
872 10.3447055955
873 10.527945833
874 10.1936079818
875 9.88263196053
876 9.55207677481
877 9.82652877077
878 10.0521841091
879 10.7639387279
880 10.967440134
881 11.2069106776
882 11.2525648259
883 10.8291911882
884 11.0371157025
885 10.9536426792
886 11.0671949631
887 10.7086978525
888 10.8579934207
889 10.2477016201
890 10.6373445515
891 10.749530494
892 10.4856197896
893 10.0301764319
894 10.7952932794
895 11.3529963985
896 12.0022201541
897 12.2074792365
898 11.5642466455
899 11.9108541191
900 11.5001624442
901 11.4009693113
902 10.813003925
903 11.7585783944
904 12.1470841717
905 12.0528900761
906 11.7024790254
907 11.2530753997
908 11.561440212
909 12.1158527805
910 12.3872693556
911 12.4306196547
912 12.078176792
913 12.4195402593
914 12.3179390601
915 11.8828807137
916 11.7716211216
917 12.1213555752
918 11.6614754453
919 12.1985158984
920 11.5286792936
921 10.8641577915
922 10.7511402977
923 10.538096128
924 10.3155725739
925 10.4268681838
926 10.7273166996
927 10.9176635951
928 10.5218093749
929 10.1054287309
930 10.3029540318
931 10.2984880456
932 10.618173983
933 10.7144221265
934 9.87540224706
935 10.0694293853
936 10.188672332
937 10.1310286541
938 9.67180418796
939 9.69349981946
940 9.79150502217
941 9.67349960863
942 10.1961010187
943 9.48545444304
944 8.61834592351
945 9.36497221724
946 9.22762720199
947 9.43747881756
948 9.69591439516
949 9.63586011761
950 10.2324073449
951 9.41788237281
952 9.2761193959
953 9.42317853625
954 9.37595897328
955 9.41809269818
956 9.66801050229
957 10.3972624788
958 10.3879325973
959 10.3932433689
960 10.2144905504
961 9.89604510285
962 9.447963381
963 10.4263267127
964 9.50472549619
965 9.79352934921
966 9.46276086181
967 9.32730307169
968 9.51619023959
969 9.28963688658
970 8.9136783135
971 8.57696724125
972 8.36608114084
973 8.62833516632
974 8.92780234289
975 9.46459535147
976 9.31078966592
977 9.22658476906
978 9.78916522253
979 9.27519565664
980 9.62648512083
981 9.42836368879
982 9.8652560746
983 10.1165879251
984 10.8987347266
985 10.9611801798
986 9.87081152244
987 9.59708630232
988 9.33639972536
989 9.71756724326
990 9.4201148517
991 9.67644304523
992 9.74676327156
993 9.377691283
994 9.15830354182
995 9.57277674984
996 9.81851067825
997 9.33833013971
998 9.31217903665
999 9.34601896917
