0 0.0
1 -0.0709072564947
2 -0.0502572087369
3 -0.184742035061
4 -0.26800791053
5 -0.358668709981
6 -0.171586116361
7 -0.230925877701
8 0.0609783393259
9 -0.304105867363
10 -0.440327228815
11 -0.532473316724
12 -0.75754439406
13 -0.458228555667
14 -0.673821878081
15 -0.69269444403
16 -0.797734176333
17 -0.730915397208
18 -0.512725944549
19 -0.504190173964
20 -0.405171073577
21 -0.195646678145
22 -0.120798728343
23 -0.26908714522
24 -0.36877825312
25 -0.369042102725
26 -0.121274885244
27 -0.245034125124
28 -0.189213544427
29 -0.163022816546
30 -0.128578567967
31 -0.33461167679
32 -0.222404176272
33 0.124448338279
34 -0.0650629269012
35 -0.0743815495537
36 -0.0678922183771
37 -0.149844603279
38 -0.0820533980661
39 -0.11980388834
40 -0.0849044185465
41 -0.0727558209295
42 -0.210991598629
43 0.194799578596
44 -0.0966544174531
45 -0.116260794323
46 0.0254638769633
47 0.205481040452
48 -0.0964127799557
49 -0.148939236775
50 0.111390299035
51 -0.03309333813
52 -0.0588755342676
53 0.0482441918659
54 -0.135585829429
55 -0.205557049959
56 0.026191195723
57 -0.145127858251
58 -0.251600816711
59 -0.314102508937
60 -0.399202308572
61 -0.0845801878929
62 -0.0415048756665
63 -0.063285422262
64 -0.227678444519
65 -0.201207868627
66 -0.291201746534
67 -0.184647573549
68 -0.07204243549
69 -0.166086878063
70 -0.0482713643712
71 -0.0897836371876
72 0.039984677443
73 -0.084407233723
74 -0.00146039659832
75 -0.0207006063202
76 -0.162837544337
77 -0.184928805442
78 -0.0581170753169
79 -0.292562604016
80 -0.0550942894321
81 0.0798393246258
82 -0.0839547225303
83 -0.4972919518
84 -0.200930678077
85 -0.0653796854292
86 0.00633171319292
87 -0.154672674488
88 0.236382854624
89 -0.139323626575
90 -0.218549703742
91 -0.211757516066
92 -0.606155830088
93 -0.0103154226898
94 -0.00376239940984
95 -0.262958445987
96 0.304437050498
97 0.0604255472633
98 -0.055723373547
99 0.00128186469068
100 0.205514286782
101 -0.171899798027
102 -0.00817202067186
103 0.251614674796
104 0.0184508434537
105 -0.110950516925
106 -0.129919333673
107 0.115134862616
108 -0.0320163767864
109 -0.229469220637
110 0.0766259986634
111 -0.0576308134385
112 -0.0617689870536
113 -0.510187064064
114 0.0297105721037
115 -0.420988710014
116 0.118735426006
117 -0.113911517475
118 -0.00937491250881
119 -0.285796921876
120 0.163737936488
121 0.0583018051795
122 0.080412704786
123 0.0325861832
124 0.182178364046
125 0.115868789303
126 -0.0527485491813
127 -0.0364396045528
128 0.0149273507902
129 -0.418285625497
130 -0.281142804369
131 -0.116867786624
132 -0.221091502552
133 -0.292927789515
134 -0.288843393179
135 -0.236481362471
136 -0.343805307876
137 -0.339103224271
138 -0.107310128897
139 -0.393128549561
140 -0.262668230932
141 -0.610341285296
142 -0.52146493951
143 -0.194172883228
144 -0.298173166564
145 -0.270512487166
146 -0.342269874276
147 -0.144126357176
148 0.213280933504
149 0.0158864011509
150 -0.0151516930626
151 -0.288028463595
152 0.00539586874882
153 -0.10405448722
154 -0.129142618013
155 -0.419003485991
156 -0.370833897116
157 -0.199436702442
158 -0.332372066351
159 -0.39113369455
160 -0.13187633091
161 -0.304120115967
162 0.132509829059
163 -0.0296273417932
164 -0.127005095875
165 0.0192974553168
166 -0.222321059518
167 0.0905154371131
168 -0.253742134541
169 -0.0674417062857
170 0.427701800079
171 0.575474598125
172 0.10780791066
173 0.122601848233
174 0.168533622258
175 0.266049016928
176 0.101678020077
177 0.2857895259
178 0.376495432794
179 0.00903142189923
180 0.0954419072784
181 0.297974147894
182 0.416032059309
183 0.33555647028
184 0.457682357784
185 0.325238147302
186 0.553824345516
187 0.584673725936
188 0.884525619327
189 0.544681272392
190 0.619441432117
191 0.51602280329
192 0.341719955274
193 0.44403888645
194 0.303065087783
195 0.228785298677
196 0.423236488779
197 0.550650033954
198 0.479680075046
199 0.601018672762
200 0.771632809314
201 0.738081174606
202 0.70715495128
203 0.670570260086
204 0.736713365529
205 0.80210015422
206 0.903742994485
207 0.974715538337
208 0.957070979228
209 1.18948549224
210 1.13434673109
211 1.36970364192
212 1.76174873166
213 1.53201642621
214 1.38284399288
215 1.43458506905
216 1.31293978181
217 1.52417442917
218 1.14787899116
219 1.55914123066
220 1.63504842439
221 1.43474402381
222 1.45771553401
223 1.38520204382
224 1.29310959614
225 1.44307475073
226 1.55060336395
227 1.38889186073
228 1.85786161137
229 1.96728869087
230 1.78726803478
231 1.7642885906
232 1.63137077802
233 1.58059041538
234 1.38561860502
235 1.25779618598
236 1.23974505904
237 1.26562658505
238 1.31138545869
239 1.27897980953
240 1.23735761668
241 1.52725473197
242 1.4284181786
243 1.30975621077
244 1.45507699591
245 1.2488212915
246 1.40124195483
247 1.55671980733
248 1.8331033414
249 1.53975263572
250 1.49283655092
251 1.4023083426
252 1.5223559564
253 1.75952304173
254 1.35905035423
255 1.78648457574
256 1.49122390882
257 1.6641050521
258 1.44686243015
259 1.55658029872
260 1.7103895786
261 1.52457538129
262 1.64922175542
263 1.59749408584
264 1.64838287403
265 1.48026449481
266 1.38701503891
267 1.60899280802
268 1.68502742171
269 1.5977066645
270 1.64411220139
271 1.8018174303
272 1.81293144927
273 1.62618853472
274 1.3937874894
275 1.88682896936
276 1.63388616961
277 1.74769774856
278 1.9509446852
279 2.0789042988
280 2.03481776041
281 2.12756693147
282 2.41653979613
283 2.15907458495
284 2.43718494131
285 2.46088228688
286 2.56887445401
287 2.53796852171
288 2.46095807586
289 2.22230625551
290 1.7300994074
291 1.98695214207
292 2.19154484976
293 2.22712764272
294 2.03318830416
295 2.10154053206
296 2.11394700431
297 2.54415929152
298 2.50526481049
299 2.39205765245
300 2.32957086612
301 2.43021405906
302 2.82477008467
303 2.4813723386
304 2.3515381435
305 2.3113106258
306 2.44270712139
307 1.80334740956
308 2.40314850638
309 2.41619399679
310 2.59904329154
311 2.53688574227
312 2.52151777854
313 2.4420422248
314 2.5789675468
315 2.57221559807
316 2.22486582683
317 2.57231340167
318 2.89031656474
319 2.40808283425
320 2.37470063764
321 2.55283101427
322 2.40202270004
323 2.51631290426
324 2.27674557594
325 2.25915092624
326 2.52293320075
327 2.70562285521
328 3.08847550086
329 2.65997281059
330 2.79842021758
331 2.65170612565
332 2.53157969704
333 2.1962221374
334 2.33007132466
335 2.26670741459
336 2.33047006169
337 2.32603034935
338 2.08402285445
339 2.28684887019
340 2.38504872139
341 2.29314380436
342 1.89276783289
343 2.28023041032
344 1.88240052936
345 2.14450104249
346 2.06347840674
347 2.1649656952
348 1.79357484979
349 1.62734756639
350 1.80695997272
351 1.91975987277
352 1.98914499462
353 2.18944115265
354 1.92241818234
355 2.18731168511
356 1.8776536702
357 1.59168181063
358 1.83818034881
359 1.95312903042
360 2.08135865219
361 2.12600678301
362 2.15510454811
363 2.21463610483
364 2.22562409903
365 2.27684561896
366 2.53484380755
367 2.50730533608
368 2.13442732813
369 1.64825603315
370 2.06405501535
371 2.22028433792
372 1.90748085298
373 1.84183641838
374 1.88215540233
375 2.18305044125
376 2.1556326401
377 1.72063022115
378 2.41881342357
379 1.61995241475
380 1.78959236869
381 1.58895253762
382 2.02057422427
383 1.72335098856
384 2.0483558789
385 1.85064948207
386 1.98955604569
387 1.68725528314
388 2.06964487575
389 1.86703876228
390 1.85988034627
391 1.66597715016
392 1.96955477557
393 1.93726314287
394 1.85909404251
395 1.64256922584
396 1.72994322851
397 1.8232820817
398 2.1557675521
399 2.66779574731
400 2.88596773489
401 2.5557264167
402 2.3918563949
403 2.24993057992
404 2.25114134127
405 2.11164667337
406 2.4416991167
407 2.00726571338
408 2.66678804214
409 2.39099773466
410 2.47349487927
411 2.67013168885
412 2.33931174731
413 2.54979074288
414 2.49831572107
415 2.80720629072
416 2.63007641996
417 2.23854975854
418 2.50113724927
419 2.62895026711
420 2.35576344351
421 2.61282554096
422 2.53999495738
423 2.302807835
424 2.17202354993
425 2.41133499712
426 2.56458566529
427 2.56844716021
428 2.67253487853
429 2.96449949855
430 2.72139703538
431 2.73980133902
432 2.53780998746
433 2.90005467302
434 2.7917313483
435 3.03137763242
436 3.00086808897
437 2.53350986559
438 2.27095560491
439 2.84497325062
440 2.47900809629
441 2.42524820704
442 2.47880527794
443 2.5024819636
444 2.8517019582
445 2.73444398682
446 2.55026276494
447 2.49503775508
448 2.8065129882
449 2.89322949027
450 3.12914231463
451 3.2551732704
452 3.69171336942
453 3.49988858321
454 2.97814971603
455 3.08220266321
456 2.73719886415
457 2.95748520406
458 2.88545664167
459 3.02810909836
460 2.60866013622
461 2.72597276786
462 3.0112660084
463 2.59423518542
464 2.8293187537
465 2.63277939292
466 2.82701442704
467 2.73547747796
468 3.24000691898
469 3.19377878411
470 2.99369426397
471 3.13112853028
472 2.99903735671
473 3.4989714295
474 2.90405234965
475 3.08088959188
476 3.29465073636
477 3.11935571429
478 3.43338282041
479 3.4909849591
480 2.96647760117
481 2.81129270396
482 2.75784569957
483 2.75029256795
484 2.92624540315
485 2.6504835276
486 2.61546864551
487 2.69237772697
488 2.68717948705
489 2.98880358051
490 2.83870164134
491 2.9658616423
492 2.63803152957
493 2.67681894104
494 2.42036694818
495 2.39937363502
496 2.56715283144
497 2.45080431625
498 2.75726616037
499 2.65540696514
500 2.58827930973
501 2.70778113892
502 2.8946397608
503 2.93436803622
504 2.89876199324
505 3.06602585152
506 2.68178740746
507 2.77106220201
508 2.70530509621
509 2.83525749472
510 3.16763485357
511 3.14979331968
512 3.1523380093
513 3.43237453874
514 3.02732604677
515 3.12602099086
516 3.88308828126
517 4.19228581619
518 3.78121481433
519 4.00782173595
520 3.85099654239
521 3.67159338465
522 3.82740818138
523 3.7638953537
524 4.04637208277
525 3.62697637525
526 4.33421328731
527 4.34328169104
528 4.53823409883
529 4.58746687415
530 4.43327048513
531 4.03483208896
532 3.84109839976
533 3.89861675061
534 3.81958413743
535 3.72332085142
536 3.46925167291
537 4.05627399208
538 3.95452552947
539 3.99152273523
540 4.33538637921
541 4.04516399344
542 4.17069883458
543 4.42702060914
544 4.1988637076
545 5.15240805535
546 5.40067555215
547 4.63747006461
548 4.62557657715
549 4.17053850086
550 4.00182497889
551 3.92559393259
552 3.98945458195
553 4.57610481368
554 4.71451175762
555 5.06406531658
556 5.04340967778
557 5.06992530868
558 5.17550402263
559 4.80968464932
560 5.41922075775
561 5.46167049492
562 5.01174691631
563 5.22073067085
564 5.88371650207
565 5.72125086642
566 5.41250457109
567 5.52376347107
568 6.32332278614
569 7.18847070398
570 6.97299304984
571 6.89855112057
572 7.34749203931
573 6.9739828232
574 7.33801717517
575 6.99055930422
576 7.27040749876
577 7.23671521375
578 7.32240015203
579 7.2115377378
580 6.72889409948
581 7.07785750043
582 7.13782193914
583 6.82433763837
584 6.51397617215
585 6.4174543794
586 6.45409540078
587 6.63303900616
588 6.21403313166
589 6.39508060643
590 6.63022249036
591 6.63830299769
592 6.06211302141
593 6.50761166413
594 6.97487958063
595 6.33650881626
596 6.25314158249
597 6.30905907539
598 6.44861935619
599 6.12774499842
600 6.4914475248
601 6.22514265849
602 6.0644255194
603 5.76307876336
604 6.30774233194
605 5.75251579638
606 5.49205606718
607 5.04161123552
608 5.14248899427
609 5.0866413041
610 5.7846977838
611 5.26381014212
612 5.38648515245
613 5.06935216811
614 4.67406229089
615 5.11303033439
616 5.36457731676
617 4.84995046349
618 5.26583702272
619 5.40127798981
620 5.42325710172
621 5.38763966906
622 5.45147979513
623 5.50399510961
624 5.19077975387
625 5.74900383773
626 5.75747312491
627 5.45385133506
628 5.75554199723
629 6.25673429615
630 6.88131596547
631 6.6303632038
632 6.79925935799
633 6.47910771791
634 7.14564021057
635 7.10895064011
636 7.02354182711
637 7.28775137186
638 7.44127788979
639 7.98338990293
640 7.66281081133
641 7.25948493839
642 7.26355023736
643 7.38787018122
644 7.80578657774
645 7.92032820428
646 7.60687179389
647 7.75930555358
648 7.77633746551
649 7.39384961223
650 7.6580274025
651 7.75116090382
652 7.48020212909
653 8.07490744765
654 7.59071045954
655 7.21150487686
656 7.48198497943
657 7.93316929615
658 7.45295282832
659 7.96736023313
660 8.10130762031
661 7.98913226986
662 7.60555157692
663 8.47228107792
664 7.67645654643
665 7.72773452987
666 8.05966783365
667 8.63463340238
668 8.43788464825
669 8.44598246575
670 8.35511798641
671 8.18462736438
672 8.56165473139
673 8.54668504852
674 8.19692186037
675 8.23705738529
676 8.35640266733
677 8.565012127
678 8.86806782161
679 9.242305435
680 10.0029024295
681 9.24234860245
682 9.55015317458
683 9.31562504964
684 9.37122094113
685 9.02014016147
686 8.73138987692
687 8.79331874805
688 8.69519036137
689 8.76523012236
690 8.74463381901
691 8.81344938317
692 9.04476805065
693 8.89377485062
694 8.62102828731
695 8.5307172902
696 8.43793338947
697 8.34603439017
698 8.69440420516
699 7.87791937092
700 7.57048946122
701 7.6133267389
702 7.92398246773
703 8.27217432234
704 8.2512362459
705 8.40894276683
706 8.72669026707
707 9.19693561828
708 9.16740540778
709 8.91914726576
710 8.70597471156
711 8.94813619525
712 9.24278251834
713 8.19697458605
714 7.86212981483
715 8.07243163038
716 7.96027340538
717 7.99358799661
718 8.48363799945
719 8.85681521891
720 8.97953335598
721 8.39611672262
722 7.87264083835
723 7.30875440679
724 7.59440868823
725 7.51065640888
726 6.79552140752
727 6.68393080308
728 5.91757378291
729 5.84075975414
730 5.75983856223
731 5.54858785999
732 6.19488247048
733 6.00873115568
734 4.99922850853
735 4.77906651483
736 5.07741602046
737 4.85086078245
738 4.83200260427
739 4.93659710192
740 4.70771004376
741 4.82607352162
742 4.92357414388
743 5.11771216708
744 5.14065605461
745 4.76553968741
746 4.93426057404
747 4.75715653623
748 4.97505029167
749 5.10411593398
750 4.35447987122
751 4.13086533491
752 4.10848824482
753 3.81036761599
754 3.30345223846
755 3.27701062593
756 3.02611306944
757 3.62058090927
758 3.07713228644
759 3.64537235471
760 3.71550939176
761 3.8439116844
762 3.78013882309
763 4.20928527104
764 4.32342889375
765 3.8603682767
766 3.72988359124
767 3.87718288657
768 3.67356525181
769 3.81202989519
770 3.65675925719
771 3.61492133008
772 3.88885584754
773 3.49805691504
774 4.00050036104
775 3.80359528541
776 4.31641349535
777 4.10699521756
778 4.09343888497
779 4.70155023015
780 4.90179551805
781 5.02578802434
782 4.97562383592
783 5.36751926575
784 5.4558808662
785 5.50529483142
786 5.14832951113
787 5.79843796131
788 5.97516854635
789 5.77456420176
790 5.84103280307
791 5.97976888533
792 6.36925425892
793 6.26550212408
794 5.63076391188
795 5.18646923847
796 5.29789121462
797 5.6099619684
798 5.84418965822
799 5.51765252839
800 5.19843933782
801 5.29287334115
802 5.16226350692
803 5.29583765226
804 5.65128443111
805 5.92033320551
806 6.32318910113
807 5.92032468065
808 6.39829064886
809 5.91425549491
810 5.85455010786
811 5.95370938636
812 5.618364372
813 5.69689448333
814 5.51757900557
815 6.03164267325
816 6.16008267093
817 6.03758700241
818 5.34479179839
819 5.54842474548
820 5.43230237458
821 4.75505829246
822 4.67734539824
823 5.02275842858
824 4.75403851189
825 4.66702103376
826 4.60766848893
827 4.89639628105
828 5.10992544104
829 5.04674965466
830 5.26278819559
831 5.87837589574
832 5.74672680834
833 5.89975195059
834 5.71682281339
835 5.3678003472
836 5.31349162849
837 5.12106170044
838 4.48621436499
839 4.63782763348
840 4.12220089695
841 4.8363984662
842 5.12079331102
843 5.07068555554
844 4.83459237495
845 5.2187488553
846 5.49619821783
847 5.32298445596
848 5.56353626727
849 5.57189139792
850 5.28757401506
851 5.79867730786
852 5.61239593261
853 5.37279002153
854 5.38549557611
855 5.43968421005
856 5.90780004267
857 5.90982518421
858 5.76950988871
859 5.20891958928
860 5.61374437853
861 5.51157222975
862 5.16394888116
863 5.62772160125
864 5.84461005548
865 5.94210870108
866 6.11630326468
867 6.01535211921
868 6.1575349072
869 6.21347977849
870 6.28447608927
871 6.23577592383
872 6.2301874274
873 6.24814319212
874 6.53366314592
875 6.03714351095
876 5.8386171648
877 5.90849674573
878 5.6151820054
879 5.36459738533
880 5.51868043583
881 5.55297076943
882 5.62331490576
883 6.09462921468
884 5.92316576098
885 6.26394090936
886 6.16819822005
887 6.33857644866
888 6.48673985498
889 6.72624164808
890 6.19520359469
891 6.33765248213
892 6.30865104757
893 5.935569231
894 6.41190280344
895 6.51358238499
896 6.60806411516
897 6.46292765239
898 6.48486761332
899 6.47810444568
900 6.28514295093
901 6.11406871001
902 6.05238368924
903 6.53681399726
904 6.73950947816
905 7.07809106311
906 6.65746147706
907 6.94079338374
908 6.83459136148
909 7.0293675828
910 6.84900628889
911 6.69108042793
912 6.37132904992
913 6.61246974646
914 6.16798324644
915 6.1440581435
916 5.9657878984
917 6.43726115034
918 6.34125117333
919 6.61204439366
920 5.84902234239
921 5.86643934313
922 5.9125851426
923 6.61098578518
924 6.45430351722
925 6.14630203041
926 6.11121533518
927 5.86961407944
928 6.18556986266
929 6.33327265219
930 6.70060720251
931 6.60836843135
932 6.50200916755
933 6.79325805448
934 6.66318902698
935 6.75240872321
936 6.67392913462
937 6.16195473783
938 6.25606547177
939 6.41202919047
940 6.56523334451
941 5.75160798997
942 5.96362867137
943 6.33994006635
944 6.16895540173
945 5.74356997115
946 6.16244306546
947 6.13051231009
948 6.00079478069
949 6.44659729742
950 6.39744625195
951 6.2677209562
952 6.1832688538
953 6.16205293739
954 5.98772879795
955 5.72059937581
956 6.21361153182
957 6.24740623063
958 6.29505617579
959 6.53883907856
960 6.9702739178
961 6.55510980542
962 6.61920132464
963 6.91979642777
964 6.71479059254
965 6.65440343674
966 6.43631502815
967 6.78675320421
968 6.67887838838
969 6.90751464211
970 6.21608898912
971 6.41239239306
972 6.62299774959
973 6.83688990611
974 6.90722695907
975 7.35243187226
976 6.98716016526
977 6.9896204981
978 6.81693718922
979 6.59963579424
980 6.62501850683
981 6.69239733959
982 6.96008276418
983 6.92993936007
984 6.79541828614
985 6.73729342061
986 6.59059656124
987 6.78356528312
988 6.97465385413
989 6.42472122175
990 6.71120132051
991 6.5079246317
992 5.92941206976
993 6.00749384789
994 5.98266115494
995 5.49213601293
996 6.16067928686
997 6.59000048305
998 6.83660263649
999 6.51966965904
