0 0.0
1 0.21376227637
2 0.215006050611
3 -0.0520346512997
4 0.168525675475
5 0.0848188876369
6 -0.0154908962509
7 -0.123385564047
8 0.0806945463298
9 0.170257385255
10 0.107592631292
11 -0.0550111440057
12 0.0301307446082
13 -0.0203705830496
14 -0.0922573612997
15 0.158664869831
16 -0.00812194442723
17 0.147129252891
18 0.197657658933
19 0.0480548781244
20 0.00144688906026
21 0.147105247794
22 0.0304815703191
23 0.290128372575
24 0.473113161694
25 -0.0109285257783
26 -0.0680066716361
27 0.176825126224
28 -0.233057869545
29 -0.0783349758497
30 -0.441049701062
31 -0.245459535863
32 -0.0629142682559
33 -0.0599046157129
34 -0.263561288848
35 -0.295270009093
36 -0.285743876993
37 -0.155326286446
38 -0.0351914448744
39 -0.0974501942654
40 -0.0611231565839
41 -0.036995846534
42 -0.16886602335
43 -0.192398115285
44 -0.294479209241
45 0.0391023112033
46 0.0295167681558
47 -0.154598039617
48 0.0356053475911
49 -0.00621720483377
50 0.0517032115003
51 0.0405803637408
52 0.14180677648
53 0.341382042659
54 0.0731214454581
55 0.010798849524
56 0.250604210776
57 -0.0942131507493
58 -0.28283803198
59 0.192346488171
60 0.105368694712
61 0.0736273424338
62 0.0555387308748
63 0.0882194757554
64 -0.00177205686282
65 -0.0193112219528
66 -0.0236529059792
67 0.00238145468639
68 -0.0669549738645
69 0.00268282670745
70 0.185860468394
71 0.248282996167
72 0.461170521684
73 0.13156094895
74 0.509542032124
75 0.261626975578
76 0.561910976955
77 0.238406452878
78 0.401047277715
79 0.0452182310081
80 -0.0171276935364
81 0.308555294657
82 0.296715295891
83 0.0877249672508
84 0.138529965696
85 0.184503667199
86 0.319006823291
87 0.122783204935
88 0.408514613049
89 0.395035627819
90 0.344673874213
91 0.150508238178
92 0.197049613389
93 0.195914570299
94 0.0642106883834
95 0.225771412513
96 0.141839000456
97 0.0845168378041
98 0.203742336181
99 0.0564853971546
100 0.0856712920787
101 -0.0879211553699
102 0.0580626223651
103 -0.138921919907
104 0.0206245451335
105 0.182104400036
106 0.400580162677
107 0.300774317663
108 0.104873630768
109 0.291380384508
110 0.194171829313
111 0.360521098701
112 0.174308800305
113 0.436915336838
114 0.116674647827
115 0.276001186585
116 0.320618157015
117 0.404784600608
118 0.602846145108
119 0.362063122303
120 0.378744686451
121 0.465486441373
122 0.164830582757
123 0.414410336111
124 0.338836733299
125 0.113956003682
126 0.312800755299
127 0.0984216436155
128 0.0501591890088
129 0.313024291173
130 0.40405591558
131 0.221933658144
132 0.0195234256448
133 -0.0169940020058
134 0.37389323004
135 0.149052288008
136 0.171591104511
137 0.26543609394
138 0.271108495116
139 0.503714159194
140 0.18799820298
141 0.418056476277
142 0.157309598259
143 0.239188144976
144 0.299265887939
145 0.326388594023
146 0.363341059099
147 0.495599443363
148 0.422859352967
149 0.444905993967
150 0.30325267558
151 0.187130618363
152 0.167118624903
153 0.211874046649
154 0.325359638031
155 0.463883698063
156 0.417333694178
157 0.117100196831
158 0.238326799764
159 0.0849012106274
160 0.16700510156
161 0.0779948366945
162 0.23608939072
163 0.38781966496
164 -0.00657734414882
165 0.0819131454675
166 -0.0551108611361
167 0.0163676512367
168 0.378559779212
169 0.387592145619
170 0.512360508086
171 0.497194244387
172 0.402550183092
173 0.292350908437
174 0.106981860397
175 0.276030944918
176 0.0660616537712
177 0.241873208404
178 0.366855811622
179 0.197135725405
180 0.609203624251
181 0.462893847823
182 0.470151928799
183 0.471511056304
184 0.265482188977
185 0.308545959358
186 0.113820352245
187 0.547119018571
188 0.488272467547
189 0.725618709757
190 0.569037812057
191 0.625786918341
192 0.284795896058
193 0.182677691788
194 0.23793744383
195 0.251803103909
196 0.428817229471
197 0.274904439785
198 0.400612966433
199 0.544569677846
200 0.575059378969
201 0.691497084708
202 0.705576809272
203 0.600267560752
204 0.690725393992
205 0.674989399775
206 0.671565306594
207 0.298964957689
208 0.512953427521
209 0.499611429716
210 0.44764650514
211 0.563924110986
212 0.787837074635
213 0.285018575212
214 0.808099283302
215 0.687959071652
216 0.704750510909
217 0.514358726603
218 0.53221862646
219 0.588692180847
220 0.768412565907
221 0.861195454977
222 0.722295873124
223 1.02606055022
224 0.750285974377
225 1.14275484887
226 1.15654640556
227 1.17503414067
228 1.04368746158
229 1.13939354535
230 1.23815293493
231 0.98455819804
232 1.40015195654
233 1.39117200017
234 1.26874832577
235 1.410610877
236 0.899514581524
237 1.15191071671
238 1.35056732896
239 1.36514597485
240 1.30406019329
241 1.14990984367
242 1.00113124332
243 1.29455798515
244 1.4029985765
245 1.40709676666
246 1.23318696366
247 1.44893533653
248 1.79496846013
249 1.75872902984
250 1.64850933742
251 2.24675441853
252 2.15024536347
253 2.08094838957
254 1.99603927314
255 1.9921109833
256 1.70984178268
257 2.05150997905
258 1.81563360779
259 2.0982036845
260 1.87283440492
261 1.78193375984
262 2.13305890927
263 1.96726210615
264 1.78879107561
265 1.75017226531
266 1.67108843658
267 1.5303458698
268 1.56624887756
269 1.73780260092
270 1.6686712578
271 1.52826547291
272 1.97564027371
273 1.49061796551
274 1.90053583895
275 1.92540910356
276 1.62854195141
277 1.6723560147
278 1.44920364655
279 1.87618944911
280 2.20518452004
281 2.37204075405
282 1.82432550265
283 2.03082938303
284 2.04661733661
285 2.09274251767
286 2.19682865957
287 1.90387863995
288 2.07317330316
289 1.8911992395
290 1.80121383484
291 1.67840883216
292 2.03440443641
293 1.63298264497
294 1.94351933025
295 1.9658629762
296 1.89686823607
297 1.66514109387
298 1.77158825668
299 1.98062243431
300 1.76658503058
301 1.57974928827
302 1.82509190581
303 1.69601202594
304 2.74966282783
305 2.53867815131
306 2.07310611397
307 1.89155644498
308 1.80007639598
309 1.763319092
310 1.8042810267
311 2.07069791567
312 1.9550685689
313 2.01218364215
314 1.91165316061
315 1.89435328967
316 2.16869939981
317 2.01284495938
318 1.87920960094
319 1.91454598972
320 1.86208876002
321 1.92643239457
322 2.07270092278
323 2.22721952072
324 2.02068108784
325 2.10912091809
326 2.34693267317
327 2.41535560664
328 2.37533751812
329 2.03197615089
330 2.42497774647
331 2.41729747152
332 1.97929327568
333 1.97177665975
334 1.99536378318
335 2.21165302016
336 2.26267761227
337 2.5813116359
338 2.40181963152
339 2.15288947141
340 1.85939985152
341 1.99494241178
342 1.98585829013
343 2.11880899749
344 2.37711051244
345 2.39404448591
346 2.27979390797
347 2.05555490903
348 2.92460280936
349 2.93234568493
350 2.80108922172
351 2.6297553175
352 2.65990169612
353 2.64267731546
354 2.26335020276
355 2.15338315395
356 2.27312334002
357 2.6478277182
358 2.47837746246
359 2.43102997517
360 1.85941895266
361 2.32680305865
362 2.31712400891
363 2.05550437155
364 2.25391766709
365 2.46359086108
366 2.67694918291
367 2.5153419904
368 2.83891539459
369 2.62140783802
370 3.03921743293
371 2.6894487432
372 2.75588710264
373 2.31301064041
374 2.53310485755
375 2.60441997443
376 2.53395645442
377 2.78254087934
378 2.44849802665
379 2.24520850289
380 2.51363143779
381 2.03804329927
382 2.34480373212
383 2.5302730861
384 2.49046182859
385 2.5232018622
386 2.18106692768
387 2.487088986
388 2.46272137285
389 2.12272742018
390 2.32049280259
391 2.4595618477
392 2.4780229016
393 2.34190564142
394 2.57347176878
395 2.35408742623
396 2.92668907382
397 2.95551629034
398 2.54392086696
399 2.49930427256
400 2.83856818728
401 2.71986225409
402 2.45370780786
403 3.06460080413
404 2.76302012503
405 2.37869881063
406 2.32112334086
407 2.34733441881
408 2.44297752736
409 2.83987892352
410 2.81306805343
411 2.73932959149
412 2.79832235867
413 3.2290176997
414 2.97465798551
415 2.84429199349
416 2.49864783702
417 2.86794778387
418 2.94666941042
419 2.621966566
420 3.00101680856
421 2.99394154845
422 2.71354539903
423 2.67856453593
424 2.81749519899
425 2.88083368061
426 2.81962722539
427 2.88120064463
428 2.89319125844
429 2.71230269767
430 2.83096029342
431 2.84784396425
432 2.64835306162
433 2.62976376708
434 2.71132238744
435 2.47115384123
436 2.86961654005
437 2.82204800209
438 3.07058456398
439 2.64042031304
440 2.30061346666
441 2.84940668597
442 2.60689155277
443 3.40775064345
444 3.32635203391
445 3.35482586673
446 3.15625748572
447 2.95013801046
448 3.13444894702
449 3.09470184713
450 3.21598167348
451 2.78527101653
452 3.22172290716
453 2.86637047158
454 3.047209208
455 3.36494014015
456 3.5421770305
457 3.3558807129
458 3.23151916006
459 3.30214523924
460 3.14586805535
461 3.25221671758
462 3.47640866704
463 3.38437746638
464 3.09100026149
465 3.82893956603
466 3.30072375729
467 3.30288532669
468 3.3270227201
469 3.02409219035
470 3.04389068386
471 3.27146225967
472 3.26159270301
473 3.49146974531
474 3.30327220628
475 2.89076247093
476 3.50918121929
477 3.5649004553
478 3.41308576095
479 3.27597645783
480 3.40362420123
481 3.01761720007
482 3.16740896229
483 3.00143514144
484 2.76406690236
485 2.71264320523
486 3.2849386137
487 3.05771550987
488 2.71592937462
489 2.80344372395
490 2.9494519527
491 3.27878321333
492 3.32183254537
493 3.37405785129
494 3.64908243425
495 3.6393113843
496 3.45930609227
497 4.09867554382
498 4.15665097416
499 4.47732844125
500 4.31838134919
501 3.92369454647
502 3.62566243189
503 3.97163187986
504 3.5176074313
505 3.65105564372
506 3.31369231856
507 3.56492791722
508 3.68114623566
509 4.16195298104
510 4.66227079074
511 4.14471145591
512 3.58220234683
513 4.43041846443
514 4.66210001577
515 4.63613590299
516 3.67298956062
517 4.3516668009
518 4.14323640171
519 4.19913723307
520 4.11296791606
521 3.88410838022
522 3.93212648885
523 3.75593622178
524 4.0150717528
525 4.2675293908
526 4.2396224154
527 4.88455091334
528 4.95000814149
529 4.69021520953
530 4.2868904852
531 4.98492272896
532 4.90200135721
533 4.80159742499
534 4.6917239256
535 4.70346240835
536 4.9191019932
537 5.1691632831
538 4.98302566977
539 5.02561596381
540 4.82536280927
541 4.83306365349
542 4.51952668934
543 3.92913562522
544 3.24446932696
545 3.02114520998
546 2.81438485362
547 3.19038135726
548 3.35392820838
549 3.19647808814
550 3.4685945112
551 3.13218797384
552 2.85884650586
553 3.19863971781
554 3.21347202472
555 3.2438229748
556 3.91028147034
557 3.37717753076
558 3.24980377073
559 3.49711091945
560 3.07054827667
561 3.45311370154
562 3.46561507008
563 3.39552878708
564 3.53899496903
565 3.70555620882
566 4.07247151035
567 3.79770701174
568 3.77883522158
569 4.3590222547
570 3.98033277103
571 4.90124189786
572 4.75200875392
573 5.07615385493
574 5.26976201282
575 4.86878077073
576 4.41496546011
577 4.36657027287
578 4.64440351051
579 4.15364787728
580 3.6298135199
581 3.58837598642
582 3.67688387036
583 3.64604942937
584 3.53032776985
585 3.93369414445
586 4.16801069588
587 4.55768870915
588 4.82560136194
589 4.87030535981
590 4.04833508016
591 4.01983559902
592 4.4301647288
593 4.43639204942
594 4.70383834515
595 5.16581152381
596 5.0782719517
597 5.42906376329
598 5.04049922668
599 5.27395759003
600 4.95457559017
601 4.68688407419
602 4.77296782899
603 5.22101551792
604 5.27471282759
605 5.69061200077
606 5.31402027327
607 4.96182561187
608 4.46911984476
609 4.33355152233
610 3.60678565747
611 3.05794720053
612 2.78321224141
613 3.1426037875
614 3.59442701428
615 3.82286260304
616 4.18278078349
617 4.22052578892
618 4.41601562731
619 4.31943717024
620 4.12887938669
621 4.23159778165
622 4.16143983248
623 3.89715171547
624 3.85278003469
625 4.40375121432
626 4.53489179018
627 4.52572887266
628 4.74001699107
629 5.17064598405
630 4.78268406584
631 5.06972069557
632 5.36777487878
633 5.1213282701
634 4.480278876
635 5.03177323262
636 5.02014160535
637 4.72197032566
638 5.23252309864
639 4.65298019743
640 4.51634483198
641 4.25731585937
642 4.60151027428
643 4.52625198235
644 4.56406819022
645 4.2424105376
646 4.11468907055
647 4.2087092392
648 3.82008685079
649 3.88909791735
650 3.85088695053
651 3.78152276271
652 3.78524427617
653 3.68158228768
654 3.42889769908
655 3.57105838612
656 3.73800179152
657 3.74388917431
658 3.79331164126
659 3.92065306278
660 3.71270526885
661 3.64990920791
662 3.83845025357
663 3.834451291
664 4.15529961889
665 4.22039591943
666 4.2126835163
667 4.4696015236
668 4.52025836592
669 4.77450372523
670 4.5414001042
671 4.78443805999
672 5.04319522218
673 5.32074079078
674 5.37625298507
675 5.14781319862
676 5.55353928311
677 5.57778203525
678 6.55308781288
679 6.58705793508
680 6.45168599659
681 6.6456848315
682 6.8324480068
683 6.80569593131
684 6.20674624422
685 6.61232938234
686 7.57793758525
687 7.4958087153
688 7.24050073433
689 6.98044403126
690 7.46503901512
691 6.56398751253
692 6.48967232014
693 6.04653931458
694 5.97071545271
695 6.12844291526
696 6.29680251401
697 6.04473341206
698 6.06557597392
699 6.9807186427
700 7.09773719087
701 7.1820732604
702 7.25124170915
703 6.86510640589
704 7.16606044846
705 7.49077922393
706 7.28283317553
707 6.93593327026
708 6.92489100905
709 6.77987935757
710 6.05891016095
711 5.60707098536
712 5.47863366504
713 5.23124150836
714 5.07792854096
715 4.87691898079
716 5.73130020855
717 5.74503886201
718 5.69735523467
719 6.09969515309
720 5.66046217897
721 5.75774217517
722 6.2673717442
723 7.03118238759
724 7.6345365639
725 7.49417752125
726 7.74729295093
727 7.91150839918
728 7.77917163119
729 8.20604444511
730 8.16867151065
731 8.31890572334
732 8.61310097215
733 7.86026607013
734 7.30723993493
735 7.75943062613
736 7.14916646008
737 7.39711425857
738 6.89591945716
739 6.79182017686
740 6.99078677416
741 7.86664582081
742 7.84832486071
743 7.95132753929
744 7.47025235839
745 6.90281621259
746 7.41594955197
747 7.13680847495
748 7.27805706041
749 7.23028450866
750 8.25304118137
751 8.34168163903
752 8.65346852384
753 8.5031169081
754 8.16790418095
755 8.77913783718
756 8.37660397887
757 8.90718133314
758 8.54969377169
759 8.68289931307
760 8.82525494758
761 8.94518724971
762 8.57670098937
763 8.7824339752
764 8.76979535109
765 8.77562655268
766 8.36775761929
767 8.07378216653
768 8.23157891243
769 7.82782222621
770 6.87001529362
771 7.13111321243
772 7.32267228994
773 7.85976701605
774 7.20930919224
775 7.19853661145
776 7.64572591863
777 8.52744831822
778 8.59962618471
779 8.54793218543
780 8.04147968778
781 8.20633172647
782 8.81970280637
783 8.67149905672
784 8.4640101037
785 8.94113279765
786 8.83626421438
787 8.38432587986
788 8.05869970726
789 7.48321808146
790 6.69768376754
791 6.43952182072
792 6.91010784686
793 6.63470029211
794 6.76323937986
795 6.71279273596
796 7.14726450153
797 7.77694560412
798 7.38594336018
799 6.8605639505
800 6.5647159171
801 6.64212327679
802 6.7993376563
803 6.89703753813
804 7.15473972052
805 7.06225449244
806 7.15849337423
807 6.83401635213
808 7.24967977041
809 6.72831319981
810 6.83104923269
811 7.42130203744
812 7.08417541367
813 6.91948657618
814 6.9016602514
815 6.5179613725
816 6.35980409554
817 6.26186202917
818 6.13134311264
819 5.64695351938
820 5.00030066574
821 4.70042002655
822 4.88832597988
823 4.83182028683
824 5.2870135316
825 5.23182773005
826 4.88164107876
827 5.32153765918
828 5.48153026374
829 6.07784469969
830 5.49371356409
831 5.47312918764
832 5.8487910058
833 5.63761074214
834 5.73266199115
835 5.66538440648
836 5.91266045409
837 5.81333325555
838 6.31227507093
839 6.00756200738
840 6.24493665721
841 6.36347077988
842 5.84773627295
843 6.05717901611
844 6.31666503466
845 6.61196536615
846 6.83065485781
847 7.3084967242
848 7.87623814038
849 7.80902981194
850 7.56950660514
851 7.68711672749
852 7.87034416082
853 8.62395548976
854 8.84341535263
855 9.26747711966
856 8.54317287262
857 8.32075911121
858 9.27887324622
859 8.53630984278
860 8.78471582147
861 8.31239665346
862 8.46674034129
863 8.17711874187
864 8.41958260296
865 9.18497940259
866 9.05614351994
867 9.87729693476
868 10.1828205168
869 9.82014957242
870 9.48383657804
871 8.96610468672
872 9.05569449784
873 8.75847653327
874 8.13656486001
875 8.04654015867
876 8.42966107129
877 8.0377759112
878 7.27316588905
879 6.97584129785
880 6.30639852519
881 5.76911761412
882 6.10647204338
883 6.36073990992
884 6.10545763808
885 5.85671668217
886 5.81667221075
887 6.30697408773
888 6.03925086667
889 6.57982896245
890 6.57864907845
891 6.6136210847
892 6.487602123
893 6.73863353324
894 6.67185699067
895 7.03125390882
896 7.28933945899
897 7.29056939212
898 7.32357377867
899 7.38388022496
900 7.04748823711
901 7.12366432004
902 6.96623468486
903 7.19523741548
904 7.65620639421
905 7.66227345228
906 7.96617438977
907 7.42477524117
908 7.38757449003
909 6.69536679115
910 6.79817304896
911 6.770949691
912 6.44984031167
913 6.87892836267
914 7.11480223053
915 7.25846937994
916 7.9108390986
917 7.70317195975
918 8.03188975997
919 7.51575039771
920 7.19966956612
921 6.89717928128
922 7.03779209368
923 7.42677395008
924 8.14123204041
925 8.04243862175
926 8.32528001144
927 8.1264128451
928 7.99174352917
929 8.2864099002
930 8.49820188844
931 8.51869479639
932 8.49694574818
933 9.96066073034
934 9.39205322554
935 9.05446734111
936 8.95362339752
937 9.26817358731
938 9.76214442262
939 9.07771735804
940 9.54397026751
941 9.74537959858
942 10.0715203153
943 9.8843502729
944 9.68186119178
945 9.82120796457
946 9.6162760445
947 10.3183136582
948 10.0375537485
949 10.3810546195
950 10.9995483103
951 10.6845869387
952 10.7121877685
953 10.2931258713
954 10.2328305872
955 10.4189507548
956 11.0826037422
957 11.1048526089
958 11.0006915008
959 11.7899478491
960 11.6252240289
961 12.0924167184
962 12.1080946035
963 11.5940323724
964 11.4704409441
965 11.3497050641
966 11.0310946906
967 10.943631873
968 11.2662377704
969 11.4564746811
970 11.1176338387
971 11.8397218127
972 12.8894205846
973 12.7290760412
974 12.2962497074
975 12.2119666098
976 12.5737775532
977 13.1564079768
978 13.5224031626
979 13.7859829333
980 13.2675458155
981 12.5129353537
982 12.2508671113
983 12.3113166148
984 13.1389560677
985 12.5541736244
986 12.2322783283
987 12.2941298116
988 12.6923972256
989 12.6906647547
990 13.143474195
991 12.8671585765
992 12.4320046283
993 12.7772866633
994 12.8880191004
995 13.2509666202
996 13.203220864
997 13.7347798296
998 14.0904021284
999 14.5872735554
