0 0.0
1 -0.0449112218193
2 -0.112579668167
3 0.162552818738
4 -0.0190843834406
5 -0.123265784822
6 -0.304056376479
7 -0.131860582309
8 -0.131459974384
9 -0.338789816377
10 -0.157586501531
11 -0.0981887490764
12 0.113221113155
13 0.0810063835976
14 -0.122889772306
15 -0.034973518927
16 0.0436643248881
17 -0.00494262471939
18 -0.155472124397
19 0.0350474501205
20 0.161007928849
21 0.109883240927
22 0.225257228225
23 -0.168137305077
24 -0.255254272525
25 0.318746140212
26 0.135531772708
27 0.0895203742393
28 0.0659106703181
29 -0.0562921765883
30 0.0983678021595
31 -0.0127493604243
32 0.0836051252632
33 0.121667104603
34 0.0972787445764
35 0.225373579707
36 0.0889157540351
37 0.238696620739
38 0.0766146500615
39 0.098353281086
40 0.0228659119442
41 0.0732772486159
42 0.137499137431
43 -0.0128049441178
44 -0.0702940055484
45 0.108177043352
46 -0.0342255172837
47 0.128789334329
48 -0.0275811671231
49 -0.00248990878848
50 0.0837337779113
51 0.406818929615
52 0.371326261146
53 0.265636815788
54 0.373022063098
55 0.303869741361
56 0.247758858564
57 0.21269607962
58 0.399488856074
59 0.248894313692
60 0.229314075699
61 0.254325380756
62 0.368657631328
63 0.318028785211
64 0.531373633138
65 0.217134669171
66 0.435314288273
67 0.132972253772
68 0.355939310984
69 0.331664857387
70 0.189536916419
71 0.304787330418
72 0.336506537498
73 0.538699841748
74 0.126481411189
75 0.40911433967
76 0.323319097345
77 0.11752177303
78 0.355518141274
79 0.294878835183
80 0.254619571223
81 0.0850572101993
82 0.268124420065
83 0.250162337588
84 0.0301222388455
85 0.124795688053
86 0.198749629475
87 0.135035631507
88 -0.0169732885978
89 0.428382651876
90 0.383286239652
91 0.497079885413
92 0.595643202863
93 0.0561852222169
94 0.00573256140778
95 0.423733773844
96 0.579298337447
97 0.239786521478
98 0.319667574328
99 0.552637163885
100 0.286723989309
101 0.487404198019
102 0.212300737369
103 0.188382071522
104 0.376287077313
105 0.349426281889
106 0.609360513076
107 0.27352173692
108 0.46786935643
109 0.846879904442
110 0.734448225248
111 1.09295322244
112 0.889780859685
113 1.00480410992
114 0.905181779422
115 0.586129790082
116 0.781225841565
117 0.811725508952
118 0.487734260624
119 0.87006460212
120 1.0189313297
121 1.24141681269
122 1.04586715155
123 1.07042561862
124 1.16447559181
125 1.41344724796
126 1.0420174479
127 0.940456100581
128 0.929549481874
129 1.01851277163
130 1.1609065548
131 1.34643970135
132 1.10478591981
133 1.33485108454
134 1.20225349228
135 1.1447375873
136 1.64454207249
137 1.22929416231
138 1.42809369848
139 1.2988578041
140 1.25342588752
141 1.31500011384
142 1.17170282349
143 1.32337085685
144 1.49347601511
145 1.34906555422
146 1.60158481997
147 1.61699984575
148 1.87686424964
149 1.7165083872
150 1.73121181956
151 1.99509543758
152 1.79439518204
153 1.84825214479
154 1.80949239715
155 1.93129406011
156 1.94079893534
157 1.91189101632
158 1.8434158067
159 2.22860696604
160 2.0491066943
161 2.13707289998
162 1.79322066151
163 1.80888471829
164 1.9496430947
165 2.12030962696
166 2.28588082367
167 2.5028534157
168 2.49383213158
169 2.12693159863
170 2.62116674561
171 2.85480200176
172 2.67045319909
173 2.37302802753
174 2.76641253514
175 3.17554870727
176 3.06820231943
177 3.70153792335
178 3.86154292398
179 4.01119567095
180 3.85472394545
181 3.63618143105
182 3.53558459699
183 3.28063427197
184 3.95423373702
185 4.12786048963
186 4.34426915048
187 3.83394171895
188 4.058633379
189 4.32925946394
190 4.31951353478
191 4.3089300372
192 4.06664782857
193 4.13293401715
194 4.05423387151
195 3.77203997238
196 4.41649314849
197 4.09654116397
198 4.60013463502
199 4.90728422724
200 4.6678430822
201 4.54300395983
202 4.28037319802
203 4.6284855702
204 4.75636766738
205 4.32141025032
206 4.14121757179
207 4.37176874524
208 4.36686232813
209 4.28650811038
210 4.1523077985
211 4.03473352123
212 4.64794602551
213 4.52106320738
214 4.01028018287
215 4.65464297869
216 4.80928848925
217 4.82776947496
218 4.58304086356
219 5.0912986977
220 5.35022237673
221 5.11258695072
222 4.77366529858
223 4.37485060351
224 4.68844417753
225 4.42911097873
226 4.59938052672
227 4.82427258227
228 4.74051552367
229 4.91396565337
230 4.86032039304
231 4.84756102158
232 4.26432766439
233 4.10867107712
234 4.18798548054
235 4.05615122594
236 4.12214241615
237 4.18755027716
238 4.71682046138
239 4.45131066274
240 4.01994823434
241 3.82465324631
242 3.94022210914
243 3.61354421629
244 4.00942634415
245 3.72613206797
246 3.72800372778
247 3.42386468622
248 3.42154123351
249 3.59334707107
250 3.80454959912
251 3.78127879246
252 2.99704243795
253 3.21952671303
254 2.67144962861
255 3.10239983674
256 2.96263970977
257 2.54851085968
258 3.00071258204
259 2.61134013509
260 2.25846451621
261 2.42648795698
262 2.58118131574
263 2.56261300198
264 2.74506435653
265 2.95007905819
266 2.71461698765
267 2.59174112781
268 3.2252052029
269 3.03788377788
270 2.62923598449
271 2.98139872483
272 2.90495756473
273 3.21877758447
274 2.85705355222
275 3.62418087795
276 3.74547015041
277 3.51388386569
278 3.04305981198
279 3.16537131207
280 2.56268241472
281 2.87374820939
282 3.09175679415
283 3.57926845668
284 3.70213358695
285 3.94693442647
286 4.16914709003
287 4.03051968593
288 4.34644938537
289 3.84004023711
290 3.67229328841
291 4.05140397402
292 4.41981089851
293 4.29627734304
294 4.1534568186
295 4.27311566471
296 4.59213543118
297 4.64874234564
298 4.53996763458
299 4.18290991505
300 4.50925981701
301 4.72462416661
302 4.9215026053
303 5.40859618838
304 5.37779043941
305 5.21397121564
306 4.87995645931
307 5.26832885519
308 5.52472712788
309 5.68689037212
310 5.72164530824
311 5.37591043112
312 5.45752599541
313 6.0391506615
314 6.84207180165
315 7.00916277033
316 7.20997654313
317 7.35245692645
318 7.1031425848
319 6.74370121652
320 7.36189312339
321 8.04365469331
322 7.61626592197
323 7.93372917057
324 8.30757398084
325 8.38502413988
326 8.62369344513
327 8.8821556594
328 8.83278526303
329 8.81914775679
330 9.19028794938
331 9.81862518315
332 9.34798867173
333 9.36010363593
334 8.79174036947
335 8.89299105111
336 9.20913553161
337 9.495925126
338 9.42552728468
339 9.06473994585
340 8.64922839675
341 8.96208445446
342 8.91723289806
343 9.02799158949
344 8.65855402095
345 8.30214781537
346 8.0332733729
347 7.8448099594
348 7.44757886734
349 7.26625934252
350 7.53588927176
351 7.20599973355
352 7.30940239259
353 7.19696276429
354 6.84243206995
355 7.09502738562
356 7.59323023332
357 7.31791437462
358 7.95288623198
359 8.12727466573
360 8.33872540318
361 8.15297498413
362 8.31621967564
363 8.31144900597
364 7.88659734449
365 8.17626017914
366 8.13590673131
367 8.2309562579
368 8.62004050041
369 8.66994570932
370 8.44157826369
371 8.73350608504
372 8.79362452997
373 9.69745411515
374 8.88302463499
375 8.42291531048
376 7.91463249359
377 7.83489097158
378 8.00120268702
379 7.49669587777
380 7.97298067866
381 7.46371895713
382 7.40485238556
383 8.06599605209
384 7.90351729078
385 8.05654931799
386 8.45734177655
387 8.90505192626
388 8.78351787493
389 8.02324724814
390 7.86752526762
391 7.96625737898
392 8.93996388807
393 9.3544609065
394 9.34628881371
395 8.88810649415
396 8.87961972667
397 9.17154441606
398 8.96080100364
399 8.50675946388
400 8.92449181279
401 8.82796472253
402 8.64297090016
403 8.79460075738
404 8.81894426038
405 8.47394937093
406 8.91649539291
407 8.47327348477
408 8.11495500802
409 7.88616803427
410 8.52194732867
411 8.27535855763
412 8.19025492108
413 8.28092578879
414 8.75773368252
415 9.34338248793
416 9.05024108091
417 9.03631934841
418 8.72801713046
419 9.20120050286
420 8.98696897156
421 9.39285360126
422 8.99487748146
423 9.16258417263
424 9.04151096035
425 9.12781260957
426 9.26027674257
427 9.64564270281
428 9.81203660437
429 10.1548117514
430 9.84800170906
431 9.78673982082
432 10.2467401744
433 10.4027744486
434 10.089213968
435 10.0193242398
436 10.3751905534
437 10.4554958064
438 11.0382921778
439 10.8900300074
440 10.6663320358
441 10.7360686055
442 10.0800622045
443 9.96979984248
444 9.34636922029
445 9.66549712315
446 9.194743945
447 8.86958926061
448 8.98907982625
449 9.32013988836
450 9.47606493385
451 9.76888739442
452 10.1856724668
453 10.5816583908
454 10.549122034
455 10.8557611156
456 11.1932219075
457 11.277059638
458 12.0886933604
459 11.7293720946
460 11.762021812
461 11.8714453131
462 11.3632724497
463 11.896376739
464 11.8237637641
465 12.6690148511
466 12.6345046904
467 12.513876022
468 12.7468545356
469 11.9062863383
470 11.7953210427
471 11.7539415667
472 11.697186264
473 11.865076435
474 11.5301372283
475 11.3499649528
476 11.6726327193
477 11.2528193884
478 11.4195556015
479 11.5386274314
480 11.6476736044
481 11.4066540043
482 11.4361400954
483 12.0917691465
484 11.5694131256
485 12.1564285727
486 12.2516129195
487 11.280642931
488 10.9768838698
489 10.6372490898
490 11.2903116726
491 11.4449963769
492 11.7523153499
493 12.6550626156
494 12.7095671892
495 12.2723935062
496 12.3345041507
497 12.4866854285
498 11.7714284939
499 10.6141642373
500 10.7495846126
501 11.2796488107
502 11.315087365
503 11.283099878
504 10.9541018483
505 10.4440552713
506 10.5387202488
507 10.3576014731
508 10.3459688331
509 10.0730326554
510 9.81167220157
511 9.6076436555
512 9.24880538669
513 9.66755769749
514 10.2160727526
515 10.5129771777
516 9.81097542974
517 10.2366951269
518 9.9823811836
519 10.4365262737
520 10.5785238179
521 10.3154606134
522 10.4260066162
523 10.5784400676
524 10.2610587205
525 9.98260727407
526 10.6035880723
527 10.6829842398
528 10.456507537
529 11.0844776966
530 11.2292309218
531 11.4421621749
532 11.4712650123
533 11.9049060035
534 11.8030377689
535 11.7220417124
536 11.7746257362
537 11.5366873849
538 12.0414542412
539 12.1363675848
540 11.7974244501
541 11.2855358696
542 11.3722403994
543 10.7465944579
544 10.2450769451
545 10.4584298031
546 9.90407920441
547 9.77915202873
548 10.0813609492
549 10.1634314224
550 10.2763683224
551 10.3761958999
552 10.2293084576
553 10.5519099344
554 10.694580784
555 10.5909072015
556 10.7059421933
557 10.2945285561
558 10.4617280727
559 10.5491062126
560 10.611682759
561 11.0051466409
562 12.1165088876
563 12.1091498334
564 11.9028410614
565 12.5301770406
566 11.8865543623
567 11.8816718653
568 11.9530520712
569 12.0739926244
570 12.4459018138
571 11.8699128386
572 11.6975858769
573 12.1415360562
574 11.8645691703
575 11.2263040316
576 11.5386067569
577 11.6199640944
578 12.064663957
579 12.1781792972
580 13.0464483538
581 11.2098109733
582 11.7119491488
583 11.2991767355
584 11.2637144227
585 11.0111489006
586 11.1799095834
587 11.1358434629
588 11.2589829188
589 11.3138106832
590 11.1877267078
591 11.4032363542
592 11.5454251329
593 11.01635795
594 11.5042189368
595 11.0946009584
596 10.7040512186
597 11.1587062832
598 11.201568745
599 11.3172190284
600 11.0079071995
601 10.6961370921
602 10.6605543278
603 10.3422583378
604 9.67392334396
605 9.53831331588
606 9.9346093886
607 9.96088010556
608 10.607869936
609 10.6283254578
610 10.5679563711
611 10.5573618689
612 11.0353379143
613 11.2981197253
614 11.1613276804
615 11.0814803041
616 11.1317893363
617 11.0407204713
618 10.8301970652
619 10.2088974722
620 10.037147934
621 10.0154224114
622 10.2723121858
623 10.3008209648
624 10.2736403741
625 10.78512996
626 10.9782955107
627 11.1549305289
628 11.0230518965
629 10.677384163
630 10.6507709745
631 10.9251410973
632 10.6450811255
633 10.776282752
634 10.3490002182
635 10.0697229121
636 10.1901205635
637 9.51158872331
638 9.47031623743
639 9.60035673948
640 9.43023898135
641 9.04249081956
642 8.82795739612
643 8.43689237729
644 8.88929694741
645 8.55917452858
646 8.51647722677
647 8.78400843637
648 8.22156088125
649 8.04028744308
650 8.27896180794
651 8.4939419612
652 8.27183287781
653 8.09612274589
654 8.29966310661
655 8.35314197441
656 9.03431357763
657 8.87188306953
658 8.43367173151
659 8.62740498093
660 8.96087110755
661 9.00580484443
662 8.86622586155
663 8.19240083515
664 8.91330947929
665 9.16579547939
666 8.88963994728
667 9.5134568733
668 9.89357057555
669 9.34424583635
670 8.9732575974
671 9.1352013885
672 8.93736297028
673 8.93606851262
674 8.92284941354
675 8.49713772789
676 8.72797961142
677 9.01989504828
678 8.91753035472
679 8.45912147905
680 8.16786232726
681 7.69039464175
682 7.98974478666
683 7.80237873082
684 7.85318976754
685 7.50176145035
686 7.49153125801
687 6.96061589054
688 7.45676536219
689 6.28588504213
690 5.65686666373
691 5.86767196448
692 6.8151343964
693 7.09879479738
694 7.10989576553
695 7.24152883178
696 7.04150363896
697 6.63929729993
698 6.35308538411
699 6.75104817307
700 7.20464051057
701 7.52075695364
702 7.62181190732
703 7.88525027127
704 7.8717961611
705 8.28051939151
706 7.8861962433
707 7.8424854509
708 8.40723730812
709 8.21671372646
710 8.40773552936
711 8.39935343791
712 8.06986367953
713 7.76184349382
714 7.58557643861
715 7.85388671249
716 8.24868658443
717 7.70610184655
718 7.86559045537
719 7.47894102891
720 8.09715331771
721 8.41036580903
722 9.09287110046
723 8.56868471899
724 7.90957285798
725 7.47826870206
726 7.03820279506
727 6.18647621779
728 6.87734804921
729 6.66538831203
730 7.04998169586
731 6.65958238659
732 6.572015228
733 6.37932226479
734 6.73345309434
735 6.65972627801
736 6.6067679034
737 6.42539748931
738 6.82764947913
739 6.55928003691
740 7.17969700625
741 6.7261347411
742 6.61104136735
743 6.76735453893
744 6.68427187833
745 6.6736279665
746 7.23257237485
747 6.44969273488
748 6.3340502805
749 6.92451122758
750 7.22365614796
751 6.94943374073
752 6.91570485736
753 7.02665447153
754 7.04853816666
755 6.84681088599
756 7.31004440512
757 7.47629047743
758 7.68589056397
759 7.70472714174
760 7.26748407432
761 7.28622700622
762 7.46773469815
763 7.83255973711
764 7.34898205274
765 7.49951185232
766 7.49156746757
767 7.20532280965
768 7.37672194759
769 6.96962779163
770 6.63500460817
771 6.50548189467
772 7.01855780263
773 7.18848765609
774 7.02470438286
775 7.41768810734
776 7.62685779099
777 7.81370924389
778 7.50585545299
779 6.61777644942
780 6.92622520986
781 7.42850963768
782 7.36592312641
783 6.84313436807
784 7.16131259392
785 7.24081952541
786 7.12795480637
787 7.26364275152
788 7.05118737907
789 6.92589702864
790 7.38837130497
791 6.78976734598
792 6.04795484347
793 6.18367142092
794 6.59861659009
795 6.69718448933
796 6.66194522941
797 7.23768582227
798 7.60497453195
799 7.64070558151
800 7.66490026704
801 7.97829812408
802 8.01224693779
803 7.74815548733
804 8.13604971534
805 8.3012189351
806 8.35719946883
807 7.71729238351
808 8.42368707836
809 7.96516296109
810 8.1875742332
811 7.83232056857
812 7.39074743789
813 7.99585403772
814 8.03159998951
815 8.22266571063
816 8.33195192931
817 8.31860698027
818 8.57742196928
819 8.20373726032
820 8.10343671616
821 7.67552290506
822 8.53181675336
823 8.22876015176
824 8.34172473453
825 8.66953180676
826 8.23105488769
827 8.97960360057
828 9.19273747343
829 9.3520720409
830 15.2438051059
831 15.4317854963
832 15.0373136287
833 14.9570405786
834 15.2423254663
835 15.6747501256
836 15.6292553207
837 15.4929828272
838 15.7481293389
839 15.7569568374
840 15.7710873406
841 11.6048801338
842 11.1393406793
843 11.5598736245
844 10.7348496696
845 10.4332665199
846 9.8371141018
847 10.2839768408
848 10.1328130465
849 9.91382470694
850 9.86913422237
851 9.06727596891
852 8.9088338018
853 9.01934485967
854 9.35044963878
855 9.63177282432
856 9.01878660369
857 9.27050195579
858 9.7270435687
859 9.52308820536
860 9.58924885485
861 10.0498830706
862 9.9762826941
863 9.83362163435
864 9.94166470708
865 10.063508545
866 9.67551639397
867 9.70527693802
868 10.1547021385
869 10.4571990488
870 10.7858830806
871 10.6006087903
872 10.3916278085
873 10.270310584
874 9.63778493191
875 9.66748772267
876 9.58159672936
877 10.2102527953
878 9.67465504009
879 10.2625190564
880 9.61153838828
881 9.56188923008
882 9.70968360706
883 9.8164876945
884 9.79290434905
885 9.52875281603
886 9.36995361401
887 8.6878056029
888 8.67051633768
889 8.38562981374
890 8.35071958539
891 7.81237842207
892 7.83137985426
893 8.16115880373
894 8.20395312481
895 8.72060723663
896 8.61852279123
897 9.12473508974
898 9.35393971364
899 9.30038909252
900 9.72099788352
901 9.57902352887
902 9.90112033176
903 9.86628598396
904 10.0691944516
905 10.1244467783
906 10.461295184
907 10.3608590723
908 10.5165152924
909 10.2802524749
910 10.332146919
911 10.2428712426
912 10.8084640882
913 10.4930091165
914 10.2383360759
915 10.4386044073
916 10.0605243206
917 10.2767192366
918 9.49184459757
919 9.85369283047
920 9.83170175841
921 9.62589470861
922 9.44571708188
923 9.03953713407
924 9.20003855311
925 9.49422743289
926 9.29581187266
927 8.72220627044
928 8.40216964
929 8.81513341838
930 9.49435189523
931 10.4040036347
932 10.1540175999
933 9.74776960604
934 10.0255260394
935 10.379677912
936 9.63147308232
937 9.57143070286
938 10.4459788371
939 10.6328716551
940 10.5421864596
941 10.7555141517
942 11.0568286637
943 10.7416785058
944 11.5677054477
945 11.6277199849
946 11.3465630754
947 11.2339605586
948 11.209105952
949 11.6848405842
950 11.2768990715
951 11.0947742479
952 10.4325848726
953 9.68337934237
954 10.3586379499
955 10.5206361981
956 10.510171164
957 9.70613194061
958 10.2485033172
959 10.4871588906
960 9.85635534329
961 9.17048059277
962 9.42203808879
963 9.64478492561
964 9.25842775097
965 9.41394068482
966 9.09531747497
967 9.3126925821
968 9.30561145215
969 9.76338125769
970 9.65416810398
971 9.5938101343
972 9.44683829195
973 9.19225928295
974 9.60858550479
975 9.93313646258
976 9.3573057783
977 8.63437034313
978 8.56703923635
979 8.54090135594
980 8.77479862208
981 9.09659121759
982 9.47895494966
983 10.2865072124
984 10.5554593591
985 10.5616910453
986 9.84317344641
987 10.0127611722
988 9.75321013714
989 9.66993538248
990 9.34891696717
991 9.60580859238
992 9.36033724936
993 9.55124387754
994 9.36188674638
995 9.78686841341
996 10.2128027823
997 9.76069697823
998 9.48109216248
999 9.43417697434
