0 0.0
1 0.286061790194
2 0.545990424558
3 0.559170916795
4 0.370596495071
5 0.297850239193
6 0.35342510027
7 0.323558494567
8 0.476413721134
9 0.543027818496
10 0.516406585477
11 0.503376433174
12 0.191257061656
13 0.194281534543
14 0.341749085024
15 0.362558701469
16 0.26626312599
17 0.104689133716
18 0.356106324216
19 0.339213664276
20 0.422392328291
21 0.179232523925
22 0.320784054871
23 0.277121197644
24 0.507817151817
25 0.602419174804
26 0.473112486909
27 0.211931781314
28 0.383470500463
29 0.185740257415
30 0.32660885469
31 0.56624897204
32 0.339993295249
33 0.422121559878
34 0.588558346662
35 0.679261862489
36 0.411079265241
37 0.381807048815
38 0.63710992796
39 0.379704562462
40 0.354012216398
41 0.56712589777
42 0.449541932606
43 0.479733729556
44 0.354860165253
45 0.130462608725
46 0.351255777018
47 0.181067356067
48 0.309090378181
49 0.408576942349
50 0.51110439957
51 0.326498101492
52 0.241449088996
53 0.475338640447
54 0.362298268107
55 0.247497394332
56 0.289235600065
57 0.358280371985
58 0.305796696809
59 0.558226213778
60 0.440271485128
61 0.377834853587
62 0.515522111395
63 0.484017328826
64 0.523928002774
65 0.334787687437
66 0.387114050413
67 0.52567164108
68 0.373540610329
69 0.402487028977
70 0.3653670582
71 0.49622892038
72 0.48763773688
73 0.419767142244
74 0.640654406635
75 0.352103339093
76 0.531525694985
77 0.591925329125
78 0.559622689186
79 0.370688013432
80 0.629921874901
81 0.444067039341
82 0.443968618006
83 0.682681387861
84 0.685667865404
85 0.48109504722
86 0.49871917556
87 0.64123684216
88 0.708237141915
89 1.01980064543
90 0.754773335513
91 0.537369939924
92 0.375420114013
93 1.01383520027
94 0.617411460049
95 0.648267184349
96 0.660080571525
97 0.812514886824
98 0.69795717464
99 0.794408448567
100 0.657911862599
101 0.900500427132
102 1.04064263
103 0.849477400399
104 0.622582044943
105 0.641944089917
106 0.421826374852
107 0.709121254616
108 0.636982858353
109 0.857295556472
110 0.765364714286
111 0.561555155145
112 0.325912666522
113 0.804786996287
114 0.473808306982
115 0.105115875517
116 0.0492683342891
117 0.414014712566
118 0.403642673537
119 0.461204189337
120 0.695048255338
121 0.573667775041
122 0.730793828299
123 0.865353747568
124 0.727018414589
125 0.734214302164
126 0.943787286624
127 1.01162908796
128 0.710650438367
129 0.974615670072
130 0.79846833483
131 0.911779596893
132 0.85103852268
133 1.13582384511
134 1.04471581288
135 0.770499104665
136 0.543044040761
137 0.651406156747
138 0.780727853166
139 0.60113391886
140 0.827560283868
141 0.554098184213
142 0.761937700407
143 0.767355080062
144 0.625915080122
145 1.08577175937
146 0.923839355668
147 0.74586147747
148 0.954271983066
149 0.987926418146
150 0.954605645367
151 0.942727121178
152 0.775047858299
153 0.998457260578
154 0.790890790385
155 0.760689603958
156 0.806809669526
157 0.933881098011
158 0.83934072469
159 0.810362938977
160 0.743692861233
161 1.00737117308
162 0.61444325424
163 0.79693501209
164 0.512534352228
165 0.742005240627
166 0.860855401821
167 0.78506193784
168 0.905777164379
169 0.859483423127
170 0.934038392084
171 0.670495132329
172 0.833704163547
173 0.622413816632
174 0.499393207207
175 0.779255085637
176 1.11917042746
177 0.830028226511
178 0.950740293891
179 1.12310898688
180 0.943579623215
181 0.884840032891
182 1.06783824031
183 0.868954994677
184 0.956595177868
185 0.803959191917
186 1.31847518109
187 1.58376095467
188 1.39067806483
189 1.35301478997
190 1.22424447088
191 1.86111036286
192 1.46935809774
193 1.49846479581
194 1.51788868079
195 1.43985955627
196 1.88013327791
197 1.63940013238
198 1.54332814002
199 1.79698517461
200 1.57433101875
201 1.69580842657
202 1.47272348281
203 1.50131357244
204 1.35253238067
205 1.46302407019
206 1.21943701018
207 1.23961925468
208 1.3610884449
209 1.69436143866
210 1.71281338293
211 1.52694023902
212 1.82294357173
213 1.89278776054
214 1.95760377307
215 1.81170131664
216 1.78845651119
217 2.05967151266
218 1.5901574919
219 1.25240378717
220 1.41992323851
221 1.67446771321
222 1.58274881722
223 1.52907383166
224 1.55439553302
225 1.83732427591
226 1.55836771685
227 1.64947429777
228 1.54583181558
229 1.39430390396
230 1.28935082197
231 1.54913435539
232 1.3530845437
233 1.31762122162
234 1.7540279893
235 1.83181665281
236 2.07557007974
237 2.05671845834
238 1.96910167679
239 2.10707004676
240 2.43444279052
241 2.34605639259
242 2.1748544105
243 2.112793914
244 2.3564193419
245 2.27580988019
246 2.29181289724
247 2.28510853938
248 2.48065508902
249 2.29477875066
250 2.34804877676
251 2.51079393366
252 2.84097733652
253 2.88265609338
254 3.11891595674
255 2.87684961803
256 2.69464529292
257 2.75233870934
258 2.65768699477
259 2.74383442534
260 2.93367962218
261 2.83839992835
262 2.86812957032
263 2.57501191981
264 1.91484042706
265 1.88043322736
266 1.82301141393
267 2.31318830946
268 2.04038690932
269 2.33945227417
270 1.79461418865
271 1.93702461292
272 1.92735135996
273 1.8336827988
274 1.82846145078
275 1.86383079775
276 1.98311334153
277 2.10211939553
278 2.67155767115
279 2.32371939846
280 2.20241657393
281 2.06681873782
282 2.26599024218
283 1.9335873378
284 2.22958895579
285 2.23603612651
286 1.98290678921
287 2.41716922247
288 2.45186784417
289 2.54390824592
290 2.33490292278
291 2.31221223446
292 2.75070628454
293 2.66625414141
294 2.90533547212
295 2.5792724973
296 2.55857954051
297 2.15570329932
298 2.52580225081
299 2.61159458155
300 2.66990148803
301 2.59185628053
302 2.44400666902
303 2.38107034132
304 2.41605292059
305 2.5440491146
306 2.47566747054
307 1.78184574879
308 2.21612461284
309 1.83452090664
310 1.98763641263
311 1.71357750411
312 1.51465591644
313 1.65676554226
314 1.72117081066
315 1.69777593043
316 1.86828710336
317 1.88712351737
318 1.93556774435
319 1.79703140481
320 1.51334845881
321 1.6124339278
322 1.22556916857
323 1.53455348627
324 1.19224882811
325 1.35884361969
326 1.41419459036
327 1.9313755429
328 1.96712077827
329 1.77797950823
330 1.96082549283
331 1.64022054227
332 1.56334824007
333 1.35121300598
334 1.92822220929
335 1.86676718542
336 2.35766220298
337 2.19304934144
338 2.00456923106
339 1.79775428524
340 1.89530034209
341 2.23266580007
342 1.77054632195
343 1.98044264622
344 1.98512783847
345 2.37515330895
346 2.15304417843
347 2.48770514011
348 2.58219739373
349 2.60299465347
350 2.74350828846
351 2.53859092394
352 2.04398725533
353 2.6114319624
354 2.27541388288
355 2.30260958098
356 2.35214610592
357 2.33600949724
358 3.00512370481
359 3.18809016889
360 2.89971447072
361 2.73975479895
362 2.81329948318
363 2.90721553747
364 2.69024251133
365 2.43739388914
366 2.69395843608
367 2.32604941682
368 1.98374797414
369 2.55876531694
370 2.95025986806
371 2.81651959584
372 3.02548037185
373 2.96772591752
374 3.0661622424
375 3.00173448224
376 2.81601052477
377 2.66434060048
378 2.89030892035
379 2.37633313628
380 2.84015452647
381 2.61122980183
382 2.82299529831
383 2.4774203966
384 2.57763287079
385 2.47293339789
386 3.00144626123
387 3.13783624847
388 3.32817923788
389 3.52792657136
390 3.0264354951
391 3.05482906209
392 2.42596698192
393 2.98721873936
394 3.27100804075
395 3.0367607397
396 3.14893279817
397 2.68829210793
398 2.68421420729
399 2.24224786964
400 2.4293565116
401 1.90409168623
402 1.38173656618
403 2.15909693657
404 2.07649359946
405 1.94339392132
406 2.19664727537
407 2.09148469038
408 2.39180897604
409 2.27331731849
410 2.11384645359
411 2.17378058246
412 2.39249183109
413 2.31336501173
414 2.65616345482
415 3.13909515765
416 3.14115340231
417 2.84339928691
418 2.58399548801
419 2.51707670194
420 2.50591801353
421 2.32531726221
422 2.5976823815
423 2.36002630305
424 2.34013392956
425 2.42343387712
426 2.65537317238
427 2.51445299646
428 2.83398610383
429 3.14269668013
430 3.77720948704
431 3.24987655093
432 3.05750733525
433 3.28773838964
434 3.25771486685
435 2.74552835844
436 3.16490581863
437 3.50594105781
438 3.10138222437
439 3.1849033703
440 3.16316957774
441 3.33064919404
442 3.50090309243
443 3.88527703995
444 3.85336652847
445 3.39411145365
446 3.84490649023
447 3.78634686206
448 3.3931959295
449 4.32485720525
450 3.76438715461
451 3.83681247845
452 3.6627140634
453 3.67880171889
454 3.7863840797
455 3.51965513926
456 3.59535119509
457 3.28482127576
458 3.39414719309
459 3.5835267382
460 3.62816862522
461 3.72525221565
462 4.38756377223
463 4.01745633423
464 3.79538933503
465 4.07455176599
466 4.19496956576
467 4.93962742927
468 4.889972063
469 5.01726189469
470 4.98507464254
471 5.1631343293
472 5.61072640592
473 5.54052541833
474 5.46783332239
475 5.30539754212
476 5.26784566295
477 5.29426690949
478 5.52510887781
479 5.20065085471
480 5.2029133946
481 5.36254423379
482 5.18020757289
483 5.02198778301
484 4.18423175218
485 4.55169615747
486 4.28492063113
487 4.94151605827
488 5.0996175797
489 4.8935201257
490 4.89831379809
491 4.95420134221
492 5.07170331518
493 5.3086908103
494 5.06559083913
495 4.76337419163
496 4.50057880021
497 4.77931545279
498 5.30595781176
499 5.05710811095
500 4.89292977648
501 4.62960692006
502 4.74865522656
503 5.43644298566
504 4.94960336645
505 4.76414173177
506 5.31710845599
507 5.5589847209
508 5.65149321087
509 4.95736703047
510 5.16188631075
511 5.06609603335
512 4.98439224017
513 5.15777830709
514 5.24510388835
515 5.29460381297
516 5.43677097785
517 5.27657270251
518 5.42317060298
519 5.64145871977
520 5.53735124376
521 5.39611946653
522 5.13835811916
523 5.06449754268
524 5.04059933203
525 5.30677647674
526 4.89492895316
527 5.02517307098
528 5.13831875586
529 5.12670965739
530 5.38235104009
531 5.10091447824
532 5.2327642979
533 5.62044075907
534 5.63261719164
535 6.05275181281
536 6.19429240195
537 6.64840483746
538 6.58127122872
539 7.19010251168
540 7.08740462054
541 6.94778622103
542 7.00594924752
543 7.38831257106
544 7.26045176492
545 7.51966456625
546 7.1286435666
547 7.6329308449
548 7.74910683448
549 7.75555611928
550 7.98337526146
551 7.76812243101
552 7.99174423586
553 8.22158745018
554 7.67720934202
555 7.96470210571
556 7.7426995657
557 7.86746654155
558 7.67035887207
559 7.52030936879
560 7.29122640574
561 7.41417175483
562 7.40333824781
563 7.79450979295
564 7.83969512551
565 7.2853377295
566 7.80638299532
567 7.97449638239
568 7.86731663165
569 7.44504385801
570 7.43659178881
571 7.52130242723
572 7.42465493459
573 7.41089157005
574 7.84603639529
575 7.69164465315
576 7.87923507001
577 8.18045570078
578 8.01207259469
579 7.65043126075
580 8.08348834273
581 8.17610097316
582 7.95191853254
583 7.61459196196
584 7.64616469006
585 7.97609494396
586 8.02305445158
587 7.88151262984
588 7.69908411531
589 7.8427448588
590 8.03142133765
591 8.01297941454
592 8.18242234835
593 8.51853427248
594 8.41652302629
595 8.37835625715
596 8.62212228321
597 8.79419784681
598 8.59769995648
599 8.33164712947
600 8.57404095275
601 8.25148969414
602 8.51199637414
603 7.93130989322
604 7.77537512629
605 7.88084673193
606 7.92169658788
607 7.18514624658
608 7.57525824923
609 7.29931019674
610 7.28037132728
611 7.8451243049
612 7.89030088458
613 7.87849763519
614 7.92641161343
615 8.1563756969
616 8.17140907129
617 8.57613658385
618 8.72773519008
619 8.55409620421
620 8.62528396997
621 8.37847165035
622 8.28993485301
623 8.00724162695
624 7.94901604118
625 8.11529929706
626 8.26962320254
627 7.73788149224
628 8.00127852943
629 7.94393833761
630 7.76096903705
631 7.65050380497
632 7.79223979207
633 7.73991130541
634 7.95786547551
635 7.67434787724
636 7.20266878955
637 7.69475253916
638 7.90687288714
639 7.54189121342
640 7.37137358852
641 7.40158945055
642 7.13019591899
643 7.27632787074
644 7.45921219915
645 6.60469658103
646 7.12591499634
647 7.26982565027
648 6.99069395444
649 6.96481307219
650 7.20223892157
651 7.16159865856
652 7.04597835982
653 6.67216248297
654 6.89886778957
655 6.49995297045
656 6.8145397898
657 6.65831373181
658 6.68255757517
659 6.87171206937
660 7.23488999212
661 6.81928870369
662 7.14288030784
663 7.33776489068
664 7.47237132253
665 7.58347480116
666 7.48999993481
667 7.73550263626
668 7.71154467618
669 7.70634874042
670 8.07986288468
671 7.50660988707
672 8.10035797393
673 7.74266628726
674 8.16193622504
675 7.97297589072
676 7.93404637786
677 7.87655042295
678 8.06755895953
679 8.07302356345
680 8.1998116904
681 7.86308044486
682 7.5590682697
683 7.54340459747
684 7.71699195098
685 7.66763496665
686 7.77118382589
687 7.44289628925
688 7.93000953239
689 7.65356602642
690 7.44517977826
691 7.90832073601
692 7.66986662247
693 8.05867925756
694 8.05816731726
695 7.5115445793
696 7.52258774794
697 7.63114369164
698 7.46048029708
699 7.52305859863
700 7.88582523118
701 7.73846176122
702 8.08947812967
703 8.37759964858
704 8.14124315184
705 7.81211896911
706 7.6118056773
707 7.17417541889
708 7.97077000762
709 7.79169257197
710 7.81152294226
711 7.51749535411
712 7.9144283216
713 8.19079482306
714 7.92632192079
715 8.25885346538
716 8.1580324121
717 8.64144764104
718 8.52010842401
719 8.66460018167
720 9.02063228655
721 9.03997835084
722 8.50044533155
723 8.37592852155
724 8.23028423267
725 8.37063519382
726 8.33070443951
727 8.32622179503
728 8.01887699843
729 8.61749784705
730 8.55758282701
731 8.30134103142
732 8.23230209301
733 8.3251061645
734 7.77015776739
735 7.81255318044
736 8.14766453149
737 8.30372167098
738 8.01847653154
739 8.28202384252
740 7.91590835455
741 8.71639845005
742 8.02665150651
743 8.35584431216
744 8.15741091169
745 7.94291016885
746 8.18692975805
747 7.74804916173
748 7.57686408145
749 7.71917877803
750 7.7139453765
751 7.76200278929
752 8.07063469858
753 8.02149943901
754 8.20871180599
755 8.23268255006
756 8.35281536415
757 8.35213542003
758 8.38792440569
759 8.20351587868
760 8.25379336826
761 8.68699153346
762 8.37579731324
763 7.88181221454
764 8.17860386111
765 8.33766623088
766 7.67855243179
767 7.73891099915
768 7.70426073767
769 7.46635330893
770 7.40991395135
771 7.68858555549
772 7.45999429041
773 7.72305301765
774 7.87669292372
775 8.45093344128
776 8.25762387383
777 8.24723595155
778 8.27839736616
779 8.58036609341
780 8.81546854742
781 8.34573955067
782 8.21933071709
783 7.77706244022
784 8.50071567633
785 8.81031392115
786 8.71869756845
787 8.02258297372
788 8.6235333796
789 8.39178452629
790 8.65389902974
791 8.17687359827
792 8.38765935416
793 8.53657916978
794 8.49671338815
795 8.76141857322
796 8.17431118568
797 7.67123311706
798 8.18976323301
799 8.02893226396
800 8.21750511924
801 8.41607601551
802 8.37350941544
803 8.22174442575
804 7.94815759641
805 8.06786029839
806 8.1243109838
807 8.24566969768
808 8.69306978018
809 8.52291444489
810 8.43791208107
811 9.12947659447
812 8.87122021344
813 8.6656292195
814 8.43142048517
815 8.22219568887
816 8.67952980663
817 8.35083142284
818 8.45584581262
819 8.49770573245
820 8.42986897484
821 8.44906779581
822 8.6785822084
823 8.44130999498
824 8.50646998389
825 8.62499554105
826 7.97213056424
827 8.42465030113
828 7.88130780734
829 7.98894987037
830 7.96833523362
831 8.51683757175
832 8.02907533805
833 7.63980868564
834 7.81059305825
835 8.26313117057
836 8.71309911773
837 8.5540066615
838 8.2298019549
839 8.2104927702
840 8.69374314874
841 8.43503957896
842 9.08599830257
843 8.66024371213
844 8.92078326118
845 8.44328985388
846 8.66353694345
847 8.31788757714
848 8.58889941728
849 8.36837216434
850 8.88308245688
851 8.70168210612
852 8.85088651589
853 8.93503426077
854 8.42791937881
855 8.62795572654
856 9.04321602409
857 9.25710123197
858 9.19554103164
859 9.45853844852
860 9.25281707173
861 9.20230937508
862 9.29186340208
863 9.00104337778
864 8.90826416842
865 8.90796087499
866 9.18719599002
867 8.97880668302
868 8.99899300682
869 8.56693492713
870 8.95393493089
871 9.28344857406
872 9.26053670106
873 9.46039432998
874 9.58482677382
875 9.78634684611
876 9.812098657
877 9.86949807867
878 9.86019910831
879 10.1927633638
880 9.71467883721
881 9.5330877193
882 9.50713772929
883 10.0135637829
884 10.0171966015
885 9.69976321167
886 10.2748549575
887 10.1751813221
888 9.91239992823
889 10.3428932199
890 10.3522150111
891 10.0847435853
892 10.3608075212
893 10.1139830132
894 10.2407684796
895 10.5372294175
896 10.218608647
897 10.5196148738
898 11.0193962274
899 10.506530234
900 10.1159309583
901 10.4502389534
902 10.0324727969
903 10.1054440729
904 10.4841814007
905 10.4678879218
906 10.5673733763
907 10.6925120158
908 10.8419314004
909 10.3278827772
910 10.9251070191
911 10.7349575447
912 10.154960149
913 10.3417956763
914 10.1809506262
915 10.3389079863
916 10.3020960459
917 9.64571731413
918 9.9137922558
919 10.0657618725
920 10.4717938361
921 10.0422909552
922 9.88720801077
923 10.1020065771
924 9.67093470698
925 9.84542992265
926 9.62811993493
927 9.83651957926
928 9.63471777215
929 9.4196494583
930 9.4796707688
931 9.27164571505
932 9.37656997719
933 9.55403794685
934 9.70540682121
935 9.16130943827
936 9.45641694286
937 9.55606076281
938 8.94950174504
939 8.82910970371
940 8.92096108175
941 8.71825033492
942 9.25104905208
943 9.38938137168
944 8.76737191445
945 8.73086618983
946 9.17615872329
947 9.03222147223
948 9.04115006889
949 9.38846175591
950 9.22208261259
951 9.080302676
952 9.57332842953
953 9.51126378315
954 9.47379873272
955 9.51641331137
956 8.63929700172
957 8.92940787987
958 8.94590709869
959 8.66069697172
960 9.36819640874
961 8.86477421121
962 9.31000390589
963 9.64776871394
964 9.02580054645
965 9.48841092801
966 9.81968940411
967 9.45123474828
968 9.38901612639
969 9.34559406001
970 9.2198482993
971 9.24518334421
972 9.09145524704
973 8.71528585949
974 8.80482203014
975 8.62618143881
976 8.80999766274
977 9.07911737844
978 8.88113627249
979 9.00382549561
980 8.97800484294
981 9.43147095555
982 9.37104881178
983 9.90731077995
984 9.79545087971
985 10.2071568285
986 10.249072065
987 9.60293628803
988 9.5523277855
989 9.74534746692
990 10.2542506602
991 9.56449989629
992 9.9028276511
993 9.82835296818
994 10.3277384231
995 10.7300628284
996 10.6637144145
997 9.89851002869
998 10.4092576524
999 10.4955705347
