0 0.0
1 0.0631524654981
2 0.00406677628419
3 -0.053601843336
4 0.0260994374408
5 -0.291582641267
6 -0.24203410441
7 -0.0955582861426
8 -0.215204005099
9 -0.0688540208794
10 -0.160382131303
11 0.211952288189
12 0.161898264288
13 0.115396197884
14 -0.195819051381
15 0.00514580985683
16 -0.204213856499
17 -0.572279929666
18 -0.240558498811
19 -0.0649064125978
20 0.00925931170927
21 0.367639488373
22 0.153070396761
23 0.269027605811
24 0.365512830226
25 0.516335146884
26 0.15203057374
27 0.137271865435
28 0.235944423409
29 0.135390402667
30 0.340463420006
31 0.445577786869
32 0.304875022222
33 0.384524753743
34 0.41827311526
35 0.187912529325
36 0.433797623162
37 0.415646181464
38 0.266645812328
39 0.247637164687
40 0.150046970038
41 -0.14273592304
42 0.0195156265929
43 -0.228383818883
44 0.36509289632
45 0.047486826757
46 -0.116655742085
47 0.0201610626238
48 -0.0470630028112
49 -0.0858132045063
50 0.0189752994459
51 0.162930110665
52 0.145803393107
53 -0.0560936940836
54 0.0278175103613
55 0.132724434703
56 0.180800150728
57 0.077223983923
58 -0.0752725699656
59 0.0342212857647
60 -0.0292297776937
61 -0.0809927439559
62 -0.0837435333183
63 -0.0600017302925
64 0.0225422075522
65 -0.0182653629595
66 -0.0358988087018
67 0.107461102335
68 -0.229367131706
69 -0.228475661573
70 -0.0690712940029
71 -0.020713726311
72 -0.136702306406
73 0.10331512956
74 -0.0425102176367
75 -0.0180997333346
76 0.0571757394823
77 -0.237037998719
78 -0.286468365808
79 -0.242327608318
80 0.204499914311
81 0.150125238573
82 0.140339560352
83 -0.147091091281
84 0.036645086488
85 0.055936989789
86 -0.0367782535484
87 0.038994059573
88 0.37255911921
89 0.0555855333379
90 -0.176073705645
91 -0.190236063919
92 0.00743073839696
93 -0.118473669585
94 -0.0965685973092
95 0.0491510769266
96 -0.14293813489
97 0.0959902404174
98 0.219409952053
99 -0.0510324062278
100 -0.150581072235
101 0.168096923011
102 0.278292919643
103 0.051343190375
104 0.21001485518
105 -0.0644301795983
106 0.078135304511
107 0.288412616952
108 0.147649292996
109 0.0730777503044
110 0.298449321428
111 0.186110489014
112 0.344822618905
113 0.443630289303
114 0.4678543568
115 -0.115390928327
116 0.0630024539044
117 0.363848761989
118 0.460020102034
119 0.230363896457
120 0.609034859682
121 0.596978384372
122 0.424954538287
123 0.709806725819
124 0.647283543882
125 0.278892848127
126 0.372914526298
127 0.288905304212
128 0.014332137476
129 0.374891133883
130 0.311149774562
131 0.0220390493958
132 0.425244789644
133 0.206994875402
134 0.12433115606
135 0.428157215143
136 0.208907726344
137 -0.0665760890957
138 0.243694995069
139 0.222113474231
140 0.341384935828
141 0.0947537399696
142 -0.0866504442116
143 0.049468253206
144 0.0874027623515
145 0.0367713750234
146 -0.10720271227
147 -0.0531946059906
148 0.219161424233
149 -0.014073719971
150 0.20421923817
151 0.0424207457256
152 0.11854079196
153 0.0841862772825
154 0.210177724021
155 0.277099330983
156 0.337162474746
157 0.595400834224
158 0.262786980512
159 0.339191620746
160 0.293180486416
161 0.340350628793
162 0.58598107565
163 0.39837551501
164 0.444430588044
165 0.396911849173
166 0.215585619513
167 0.464602157019
168 0.414775516609
169 0.234244585858
170 0.391000892353
171 0.0823616611148
172 0.299150250982
173 -0.0207751198872
174 -0.0305094306817
175 0.212726343418
176 0.240301354803
177 0.344764699621
178 0.256090325789
179 0.252186818354
180 0.200416669775
181 0.226695538597
182 0.260608655287
183 0.437079308266
184 0.43789612082
185 0.428037814345
186 0.693029686128
187 0.262604939213
188 0.420702744267
189 0.594073646659
190 0.273830911158
191 0.670781892489
192 0.705422582311
193 0.496967507176
194 0.501915464067
195 0.401448972198
196 0.300421096682
197 0.299793590531
198 0.334734809572
199 0.201799112011
200 0.328420890605
201 0.503289847515
202 0.611328579034
203 0.369205946922
204 0.726480507677
205 0.758713863996
206 0.612271792983
207 0.410847763207
208 0.783015981127
209 0.295393671952
210 0.3255802067
211 0.272285606197
212 0.336374947749
213 0.259202065662
214 0.342936153145
215 0.266769407666
216 0.185967747105
217 0.316349043728
218 0.566661744503
219 0.452915432403
220 0.421136034605
221 0.45940255614
222 0.539914503895
223 0.649567866472
224 0.622000707702
225 0.394622947053
226 0.557661666827
227 0.531299121078
228 0.197193321852
229 0.547979985205
230 0.499852535239
231 0.583691208965
232 0.760478695788
233 0.883135537891
234 1.15322945746
235 1.05107770347
236 1.09610247856
237 0.904412176534
238 1.6223758611
239 1.61170187297
240 2.09386510181
241 1.49955864148
242 1.39633339477
243 1.72306987955
244 1.57307177026
245 1.68016686267
246 1.5644884546
247 1.44536401601
248 1.73627837095
249 1.69195309568
250 1.84900803207
251 1.77574335665
252 1.73723682045
253 2.09008204808
254 2.55206110517
255 2.10751255661
256 2.44006177987
257 2.77271714304
258 2.54227932266
259 2.16869767192
260 2.3366618162
261 2.07453337249
262 2.68624627754
263 2.63432790818
264 2.50274826223
265 2.39070285634
266 2.53774317672
267 2.50626885314
268 2.22662686329
269 2.73624592221
270 2.65303484738
271 2.76763188589
272 2.16059852408
273 2.47812817483
274 2.67331256375
275 2.93005543806
276 2.57197765302
277 2.47767460884
278 2.85562658263
279 2.98684037925
280 3.30165209496
281 3.48904320799
282 3.46492645756
283 3.71852036253
284 3.05928063134
285 2.68620160676
286 2.65888956809
287 2.31394119086
288 2.01758028203
289 2.04885016141
290 2.12700862641
291 1.89657476443
292 2.32361471075
293 2.17295109092
294 1.83969150319
295 2.1868846152
296 2.26538491414
297 2.29424804227
298 2.43893007148
299 2.39434077024
300 2.26073577728
301 2.3834764752
302 2.57237539446
303 2.52973972523
304 2.6816619062
305 2.46741859047
306 2.52764442457
307 2.19502404398
308 2.36112521878
309 2.42453715497
310 2.0241838522
311 1.73170664083
312 2.14277548879
313 2.29659238366
314 2.50638951685
315 2.79610858789
316 2.56989028895
317 2.6943331559
318 3.1154744509
319 3.16040471491
320 2.52598598485
321 2.9887133098
322 2.65247803953
323 2.95094039329
324 2.99021077022
325 2.89935830319
326 2.86221273591
327 3.00601944541
328 3.51506053439
329 3.38533574101
330 3.58336708903
331 3.52136916474
332 3.2157257924
333 3.07855973837
334 3.50091287395
335 3.66866373241
336 3.33205173416
337 3.51691505358
338 3.54377403202
339 3.87979506126
340 3.43476535146
341 3.30936640248
342 2.99214184844
343 3.00455285476
344 2.98343271189
345 2.77137918204
346 2.96900087251
347 3.13943874509
348 3.42453540156
349 3.24017168384
350 3.20681216563
351 3.25914225767
352 2.98737430903
353 2.67361037188
354 3.00853896141
355 2.9096367865
356 2.70788909925
357 2.85519242438
358 2.90928811611
359 2.98144390993
360 3.18996343621
361 3.17599467656
362 3.50810774452
363 2.98697088046
364 2.99473244058
365 2.96024706802
366 3.05914989118
367 2.85367077075
368 2.42743403761
369 2.23776345351
370 2.34957103037
371 3.00525794709
372 2.73803521858
373 2.70102108347
374 2.70124199099
375 2.96365944955
376 2.87516632363
377 2.55182844975
378 2.80507165445
379 2.62975193795
380 2.42712462497
381 2.40319308179
382 2.64426637063
383 2.01623622148
384 2.53082153884
385 2.48772337316
386 2.70668155783
387 2.36430574011
388 2.85822303109
389 3.13867504979
390 2.16282825114
391 2.39472771438
392 2.38124877455
393 2.27354374012
394 2.35586841143
395 2.4740664855
396 2.73282679012
397 2.25769947119
398 2.53571540199
399 2.618273106
400 2.28098597665
401 2.75476887277
402 2.79633378353
403 2.90243909496
404 2.74580497361
405 2.95021913459
406 2.60790309219
407 2.83859473522
408 2.86616901833
409 2.5699025288
410 2.44082474062
411 2.54690978707
412 2.62704166587
413 2.91400126424
414 2.76579124855
415 2.76371809309
416 2.62820713605
417 2.84048504477
418 2.41488327091
419 2.53345126426
420 2.62889800326
421 2.58640721745
422 2.73252513987
423 2.11809976522
424 2.47683547947
425 3.01280579773
426 2.68255343207
427 3.16359639629
428 2.85870160251
429 3.1856032849
430 3.27662559794
431 3.04718195035
432 3.29964729074
433 3.60257203991
434 3.68424090141
435 3.77400464203
436 4.0973735096
437 3.86264375637
438 3.92796614383
439 3.72797117201
440 3.82555823555
441 3.4783091342
442 3.27806345558
443 3.35345902358
444 3.52693584719
445 3.80315709569
446 3.71280975188
447 3.64557551844
448 3.6703233456
449 3.58073141229
450 3.68807323323
451 3.89447061352
452 3.80511975721
453 3.59936747352
454 3.81878420406
455 4.02035677515
456 3.77658776194
457 3.9539687849
458 3.82769593043
459 4.13729826144
460 3.65666880965
461 3.7448983452
462 3.57437049138
463 3.83927827315
464 3.66575092438
465 3.90022988434
466 3.67971956462
467 4.18472780414
468 4.50058171342
469 4.61506845297
470 4.56884754905
471 4.12128183926
472 4.38027458395
473 4.51966518404
474 4.51464640492
475 4.39756932218
476 4.25649280496
477 4.53956118895
478 4.51493111126
479 4.51338210558
480 4.20585994275
481 4.26606347312
482 4.40559912257
483 4.54033472911
484 4.39173224548
485 4.31481324036
486 4.36100534088
487 4.04798246946
488 4.39355912436
489 4.55480525115
490 4.27614706992
491 4.4416495759
492 4.23604946082
493 4.34212253683
494 4.35908301729
495 4.34217423532
496 4.41305385491
497 4.49253139626
498 4.7916967985
499 4.96471065484
500 4.77229399967
501 4.55264736497
502 4.46080951406
503 5.171629086
504 5.13971716211
505 4.87692304948
506 4.81710969532
507 5.06410755697
508 5.01073456727
509 4.44050219001
510 4.67036121999
511 5.55734656917
512 4.87898301094
513 4.85040036512
514 5.21125733597
515 4.9178525074
516 4.66378783366
517 4.88382471472
518 5.27045245287
519 5.35343979521
520 5.2076616972
521 5.36780793054
522 5.78058105386
523 5.55836002629
524 5.45951207233
525 5.28089350256
526 5.33884421092
527 5.44234683579
528 5.40108994507
529 5.09051656635
530 5.17845453
531 5.55873995859
532 5.7640200644
533 5.34778130285
534 5.55636058225
535 5.9733843345
536 5.71115977935
537 5.37867887535
538 5.26859328234
539 5.32341382433
540 5.43500088087
541 5.01375810886
542 5.58155509142
543 5.38771481593
544 4.98582658716
545 5.11606325405
546 5.1016564364
547 4.77718944304
548 5.20684964515
549 5.14341756423
550 5.33923625206
551 5.43301985997
552 4.90920643573
553 5.03306842565
554 5.08956931956
555 5.48174075533
556 5.17624640588
557 5.65912329009
558 5.97949318904
559 6.0321494078
560 5.94244268308
561 6.11039545673
562 5.75438577191
563 5.7306502187
564 6.00483016102
565 5.5240242028
566 5.93208932315
567 5.90829325642
568 5.53901904048
569 5.79824279018
570 5.71910534308
571 5.5716470906
572 5.49276540989
573 5.59813478524
574 5.78146016602
575 5.66903181892
576 5.72933515159
577 5.75212963088
578 5.57193520846
579 5.75798466106
580 5.64883958292
581 5.25473514811
582 5.61315456365
583 5.19092858587
584 5.32178915056
585 5.17808250057
586 5.4351240855
587 5.78761626936
588 5.45271712194
589 5.40418148079
590 5.24651550786
591 5.34248164858
592 5.5772425592
593 5.55390799334
594 5.49267726458
595 5.60637828945
596 6.2277941533
597 6.1634565706
598 6.08335960686
599 5.5309338035
600 5.79358919173
601 6.13024832233
602 6.00712020537
603 5.85375869879
604 5.58760530328
605 5.81828651659
606 5.99242378299
607 5.68874875674
608 5.50254955333
609 5.20435106139
610 5.14909699885
611 5.32662999518
612 5.51622584574
613 5.78011285496
614 5.28746900268
615 5.62387289234
616 5.46263623637
617 5.23384503985
618 5.20753932115
619 5.64407249025
620 5.58772116947
621 5.9993359747
622 5.37648385684
623 5.27960888922
624 5.26387361411
625 5.46914195433
626 5.55808623474
627 5.47797146823
628 5.67953911957
629 5.57643940521
630 5.60680791377
631 5.59471806006
632 5.66939854533
633 5.51703565984
634 5.62576149242
635 5.62830069396
636 6.19066561486
637 5.90352403347
638 5.44876071679
639 5.73987426939
640 5.08348463944
641 5.42937341892
642 5.96751782666
643 6.39762311386
644 6.29675670165
645 6.03283001952
646 5.60274646506
647 5.55058354826
648 5.83902853343
649 5.1999464936
650 5.70665296582
651 5.24373442886
652 5.84580627818
653 5.37313778025
654 5.87567813887
655 6.02334488306
656 5.35957340571
657 5.66503491919
658 5.66101150793
659 5.78962601272
660 5.60313874627
661 5.81418909666
662 5.66284290191
663 5.76279776583
664 5.88957829267
665 6.2316288681
666 5.79137161462
667 5.87030247517
668 5.9894709224
669 5.69454420764
670 5.67939815007
671 5.70004426243
672 5.70217665441
673 5.50411407657
674 6.03692563282
675 6.10682281289
676 6.33608987063
677 5.93804908464
678 6.09495294573
679 6.19010540354
680 6.62381849826
681 6.35086444638
682 6.38902351885
683 6.3958553512
684 6.12030566471
685 6.31629918279
686 6.29126650603
687 6.11478760819
688 5.98131165869
689 6.0923811921
690 5.38676899343
691 5.59326434219
692 5.56198887231
693 5.62029201298
694 5.52239262169
695 5.38564552256
696 6.04514504393
697 5.69005114653
698 5.27060257351
699 5.63004942424
700 5.8237998306
701 5.59375081501
702 5.592756014
703 5.59623574031
704 5.5606707894
705 5.03457720561
706 5.55488512896
707 5.67840176389
708 5.51487042404
709 5.10499998646
710 5.38902016968
711 5.30968698076
712 5.48282344242
713 5.61671512516
714 5.86865715505
715 5.7852411812
716 5.88716738921
717 5.72366971214
718 6.49883201219
719 6.64747468674
720 6.26115059864
721 5.60880870874
722 5.28462348194
723 5.54264727704
724 5.76470926222
725 5.35213923007
726 4.94468502063
727 5.15432218472
728 5.34812915197
729 5.15765429752
730 5.30321108325
731 5.29693073779
732 5.13422879192
733 5.01534317571
734 5.37308645365
735 4.95992410249
736 4.93452836986
737 5.39336357739
738 4.9438830424
739 4.78639979549
740 5.16684368216
741 4.98929717672
742 4.91069447979
743 4.41633683635
744 4.24903881446
745 4.83705723725
746 4.85766979329
747 5.10203751133
748 5.35297966032
749 4.85222392466
750 4.50526892094
751 4.09860230357
752 3.49866228619
753 3.74438539737
754 3.59408625993
755 3.60519697919
756 4.02831990311
757 4.18998710159
758 4.51591606803
759 4.25640823895
760 3.70409891128
761 4.02708558573
762 4.25974538051
763 3.85945952875
764 4.09349276135
765 3.95498202174
766 4.2012415838
767 4.31563872181
768 4.11574658927
769 4.52200158604
770 4.53861376499
771 4.82105808308
772 4.64004190102
773 4.81535399655
774 5.01307859062
775 5.17377192035
776 5.27402355072
777 5.52550509901
778 4.9844461679
779 4.69370899214
780 4.63013351743
781 4.3301496912
782 4.34624926102
783 4.94451518146
784 4.86702927095
785 4.73969638864
786 5.31866756939
787 5.42894557463
788 5.33085640231
789 5.51247699444
790 5.74168850411
791 5.80599076217
792 5.87138135103
793 5.23620747663
794 5.1739334698
795 5.08829969384
796 5.39845343651
797 5.45090236067
798 5.21986252703
799 5.38304784242
800 5.29478095949
801 5.48914173506
802 4.97945132067
803 5.47939057636
804 5.53714518087
805 5.35706993049
806 5.21922029532
807 5.34749649194
808 5.34327425839
809 6.12734606221
810 6.06666748333
811 6.17611130894
812 5.74835918033
813 5.30162686242
814 5.28639273439
815 6.02930948125
816 5.59297453861
817 5.6853496489
818 5.98470124158
819 5.80666230035
820 5.75346345161
821 6.1657225118
822 6.16367897724
823 5.72177845366
824 5.87293308177
825 5.37279609881
826 5.5319231848
827 5.43981063393
828 5.37189630503
829 5.67555436749
830 5.81539084806
831 5.53877543331
832 5.2881712876
833 5.75763203576
834 5.59344289154
835 5.90393824314
836 5.45093053192
837 5.4442541208
838 5.33963872962
839 5.57111498037
840 6.21200507375
841 6.06177746497
842 6.18558956934
843 6.04630231464
844 6.04119231397
845 5.9705735081
846 6.5612688538
847 6.00272020088
848 6.15822147953
849 5.85798104756
850 5.78913204185
851 5.71068762385
852 6.22016802897
853 6.213190237
854 6.18218561806
855 6.48253108777
856 6.31324718429
857 5.85770215906
858 6.50102154739
859 6.50971951559
860 6.75526998426
861 6.54344969162
862 6.6437806639
863 6.70613632301
864 6.82346277779
865 7.13058011312
866 6.94960123659
867 7.2171391631
868 7.4351548675
869 7.2639470836
870 7.40481311642
871 7.24982007082
872 7.25901810461
873 7.33410590611
874 7.20079501915
875 6.56454586044
876 6.82016597052
877 6.75398827075
878 6.90130101932
879 6.40158429555
880 6.25055831928
881 6.24112934929
882 6.19651440489
883 5.90171663681
884 6.81385580965
885 6.56830078779
886 7.04687823761
887 6.94697046922
888 6.72262830331
889 6.75137752817
890 7.00642045894
891 7.23200799964
892 7.01337199781
893 6.89781691562
894 7.25312886671
895 7.47305155284
896 7.21800465631
897 7.15875451227
898 6.74452157039
899 6.82988480808
900 6.85465105784
901 7.12042011773
902 7.5474392386
903 7.46444858811
904 7.7237136093
905 7.85206644625
906 7.78624240284
907 7.28309878501
908 7.48165804651
909 7.27846454075
910 7.11545615124
911 7.55361015997
912 7.522611459
913 7.49049651798
914 7.38009004092
915 7.73268264945
916 7.56471991273
917 7.50049859255
918 7.74956369913
919 6.95472639564
920 7.11739258553
921 7.15606673411
922 7.01504862277
923 7.74790776078
924 8.04587793057
925 7.751770335
926 7.73732214343
927 7.67743992079
928 8.025493462
929 7.89351346069
930 8.06625661049
931 7.69613944342
932 7.51772804597
933 7.97451013093
934 7.95237640308
935 7.75523284129
936 7.75500395379
937 7.83662002292
938 7.98256225347
939 8.15487673606
940 8.07512820883
941 7.79314667709
942 7.25779839759
943 6.90209837449
944 7.04289287624
945 7.54268512285
946 7.67932210469
947 8.04830630464
948 7.7580208997
949 7.84112344045
950 7.46764019263
951 7.6436923225
952 7.80171571062
953 7.55614852801
954 7.74396271245
955 7.71854167696
956 7.58785025569
957 7.32166148209
958 7.51452541087
959 7.59966776401
960 7.29092234015
961 7.58262310627
962 7.45160768839
963 7.7752165808
964 8.23507921993
965 8.45851699406
966 8.45050826027
967 8.20751441102
968 8.30809793136
969 8.03095554574
970 8.09024749507
971 8.13509253212
972 8.3554932088
973 8.34357931294
974 8.63010871269
975 8.40126456841
976 8.19422071518
977 8.45991600762
978 8.3340890337
979 8.49916044652
980 8.44881834781
981 8.20295312656
982 8.74399942715
983 8.60288052333
984 8.51778389933
985 7.99430073099
986 7.88271318962
987 8.08417151493
988 8.12832996863
989 8.18849445175
990 8.41834418432
991 8.19230277986
992 8.3209517358
993 8.44346750977
994 8.70237375316
995 8.57634791189
996 8.42070812012
997 8.76939954449
998 8.40796294818
999 8.62216855136
