1005000 698.263
1012500 558.81
1020000 491.814
1027500 474.263
1035000 483.83
1042500 439.918
1050000 512.0
1057500 584.008
1065000 623.379
1072500 472.921
1080000 471.221
1087500 501.281
1095000 457.304
1102500 461.757
1110000 481.74
1117500 398.552
1125000 379.161
1132500 491.741
1140000 414.976
1147500 467.062
1155000 437.502
1162500 299.252
1170000 446.615
1177500 511.501
1185000 406.527
1192500 386.652
1200000 448.043
1207500 552.583
1215000 415.602
1222500 448.833
1230000 533.085
1237500 490.276
1245000 347.742
1252500 529.273
1260000 494.98
1267500 378.453
1275000 345.793
1282500 381.6
1290000 479.941
1297500 372.954
1305000 360.267
1312500 235.805
1320000 409.624
1327500 430.15
1335000 242.845
1342500 319.069
1350000 341.049
1357500 335.666
1365000 385.972
1372500 129.747
1380000 346.025
1387500 231.19
1395000 76.3215
1402500 348.413
1410000 240.701
1417500 323.518
1425000 192.373
1432500 515.215
1440000 359.204
1447500 345.072
1455000 361.911
1462500 485.3
1470000 353.497
1477500 424.514
1485000 372.595
1492500 456.455
1500000 414.823
1507500 428.076
1515000 493.993
1522500 326.684
1530000 425.544
1537500 416.913
1545000 405.873
1552500 401.741
1560000 214.153
1567500 301.985
1575000 239.663
1582500 247.085
1590000 305.524
1597500 222.134
1605000 380.845
1612500 277.677
1620000 346.284
1627500 239.5
1635000 127.707
1642500 365.249
1650000 408.842
1657500 229.039
1665000 336.505
1672500 328.04
1680000 299.127
1687500 328.561
1695000 267.874
1702500 292.725
1710000 410.275
1717500 439.711
1725000 228.386
1732500 277.679
1740000 324.537
1747500 439.791
1755000 278.434
1762500 514.201
1770000 431.634
1777500 473.111
1785000 422.719
1792500 368.971
1800000 299.937
1807500 242.468
1815000 278.797
1822500 250.005
1830000 215.962
1837500 329.517
1845000 280.85
1852500 365.318
1860000 324.313
1867500 344.93
1875000 311.906
1882500 415.37
1890000 194.368
1897500 327.416
1905000 365.666
1912500 273.403
1920000 376.429
1927500 368.339
1935000 338.192
1942500 448.338
1950000 466.164
1957500 608.021
1965000 429.137
1972500 369.56
1980000 291.989
1987500 355.357
1995000 353.853
2002500 250.028
2010000 222.712
2017500 233.214
2025000 340.268
2032500 295.447
2040000 164.325
2047500 152.97
2055000 302.467
2062500 271.686
2070000 333.923
2077500 361.277
2085000 290.146
2092500 348.417
2100000 324.263
2107500 285.574
2115000 204.228
2122500 411.337
2130000 293.511
2137500 329.676
2145000 256.028
2152500 198.934
2160000 212.73
2167500 272.209
2175000 143.364
2182500 146.76
2190000 374.433
2197500 415.35
2205000 488.459
2212500 501.727
2220000 483.924
2227500 587.56
2235000 435.767
2242500 478.186
2250000 470.481
2257500 494.697
2265000 424.231
2272500 328.397
2280000 446.892
2287500 363.366
2295000 442.325
2302500 396.063
2310000 407.186
2317500 498.911
2325000 423.087
2332500 465.028
2340000 496.957
2347500 509.37
2355000 489.484
2362500 383.504
2370000 361.851
2377500 505.392
2385000 325.758
2392500 379.248
2400000 335.131
2407500 426.35
2415000 381.298
2422500 388.576
2430000 283.855
2437500 227.628
2445000 222.808
2452500 139.63
2460000 176.031
2467500 268.379
2475000 199.927
2482500 298.106
2490000 302.458
2497500 313.51
2505000 253.281
2512500 291.698
2520000 166.338
2527500 237.434
2535000 365.369
2542500 170.706
2550000 229.733
2557500 246.587
2565000 139.79
2572500 119.982
2580000 161.772
2587500 166.2
2595000 306.213
2602500 384.25
2610000 226.017
2617500 283.412
2625000 163.654
2632500 120.115
2640000 205.764
2647500 335.004
2655000 281.586
2662500 260.925
2670000 178.956
2677500 147.517
2685000 294.367
2692500 264.124
2700000 97.3145
2707500 354.993
2715000 431.759
2722500 245.292
2730000 251.233
2737500 184.748
2745000 271.793
2752500 277.272
2760000 408.606
2767500 407.477
2775000 311.158
2782500 334.062
2790000 328.368
2797500 176.924
2805000 71.2838
2812500 137.658
2820000 28.0278
2827500 -50.9141
2835000 -140.89
2842500 -189.692
2850000 -151.36
2857500 59.4415
2865000 -18.9363
2872500 83.2802
2880000 63.8757
2887500 36.2193
2895000 -21.3315
2902500 -5.84748
2910000 97.9448
2917500 126.857
2925000 39.1309
2932500 -117.695
2940000 -66.2428
2947500 -56.1086
2955000 -97.3801
2962500 14.4001
2970000 191.25
2977500 200.52
2985000 147.635
2992500 304.817
3000000 208.941
3007500 349.496
3015000 376.946
3022500 276.472
3030000 368.106
3037500 401.624
3045000 229.939
3052500 220.375
3060000 117.394
3067500 -20.7664
3075000 140.875
3082500 -52.0032
3090000 -77.7598
3097500 29.4556
3105000 264.32
3112500 271.764
3120000 39.1244
3127500 254.142
3135000 -10.4304
3142500 -104.576
3150000 -3.97326
3157500 118.384
3165000 227.053
3172500 239.414
3180000 80.1854
3187500 178.514
3195000 82.6088
3202500 179.249
3210000 61.9162
3217500 161.953
3225000 233.057
3232500 117.124
3240000 231.937
3247500 232.842
3255000 300.514
3262500 168.484
3270000 272.727
3277500 256.049
3285000 323.861
3292500 241.861
3300000 156.716
3307500 308.634
3315000 320.881
3322500 235.395
3330000 235.937
3337500 308.832
3345000 324.004
3352500 305.16
3360000 161.444
3367500 214.913
3375000 98.518
3382500 92.7718
3390000 89.3656
3397500 94.9683
3405000 222.363
3412500 218.159
3420000 -14.2761
3427500 344.184
3435000 387.284
3442500 309.253
3450000 200.358
3457500 228.38
3465000 215.21
3472500 103.82
3480000 158.374
3487500 169.128
3495000 168.539
3502500 322.243
3510000 262.486
3517500 206.051
3525000 265.799
3532500 290.924
3540000 197.37
3547500 -22.0478
3555000 17.4384
3562500 71.4149
3570000 111.588
3577500 56.2959
3585000 130.759
3592500 343.361
3600000 348.574
3607500 171.61
3615000 146.073
3622500 48.8829
3630000 16.3215
3637500 59.2368
3645000 93.7191
3652500 5.00432
3660000 39.6721
3667500 -10.9305
3675000 221.502
3682500 201.016
3690000 188.358
3697500 115.691
3705000 125.571
3712500 75.8356
3720000 -22.0615
3727500 -20.8487
3735000 -8.87156
3742500 122.932
3750000 65.421
3757500 232.244
3765000 66.5799
3772500 -132.211
3780000 -75.3711
3787500 44.7012
3795000 115.162
3802500 211.719
3810000 -18.5322
3817500 65.2126
3825000 128.715
3832500 160.56
3840000 143.008
3847500 326.703
3855000 298.311
3862500 41.5154
3870000 89.749
3877500 -58.9414
3885000 -60.9106
3892500 46.9044
3900000 204.145
3907500 346.816
3915000 144.511
3922500 181.064
3930000 112.763
3937500 153.548
3945000 98.1379
3952500 233.549
3960000 355.869
3967500 229.357
3975000 147.679
3982500 100.342
3990000 101.572
3997500 219.844
4005000 349.793
4012500 72.7503
4020000 187.062
4027500 95.5931
4035000 210.837
4042500 215.711
4050000 -5.60141
4057500 105.672
4065000 313.197
4072500 266.11
4080000 330.881
4087500 138.212
4095000 30.495
4102500 -80.3316
4110000 146.002
4117500 61.4238
4125000 -47.6323
4132500 -29.2955
4140000 -219.11
4147500 -16.4568
4155000 90.0961
4162500 28.3604
4170000 -219.079
4177500 -209.982
4185000 -137.409
4192500 -154.818
4200000 -122.419
4207500 -84.4156
4215000 112.725
4222500 68.0895
4230000 138.704
4237500 21.5868
4245000 18.8374
4252500 76.6401
4260000 4.20248
4267500 75.2078
4275000 34.268
4282500 35.9293
4290000 194.531
4297500 375.831
4305000 196.527
4312500 261.168
4320000 126.281
4327500 89.2935
4335000 229.752
4342500 20.7304
4350000 27.4597
4357500 39.537
4365000 101.596
4372500 2.34202
4380000 94.8999
4387500 227.933
4395000 211.468
4402500 233.821
4410000 78.0514
4417500 48.0153
4425000 90.822
4432500 -24.5096
4440000 -109.513
4447500 -149.262
4455000 -66.9491
4462500 -21.4479
4470000 39.0491
4477500 -92.8313
4485000 11.2145
4492500 81.7145
4500000 24.9371
4507500 27.2174
4515000 -78.2998
4522500 46.9274
4530000 -91.811
4537500 118.778
4545000 194.464
4552500 150.623
4560000 174.324
4567500 60.6707
4575000 -18.4196
4582500 -108.697
4590000 94.5476
4597500 181.259
4605000 -10.43
4612500 78.0581
4620000 40.397
4627500 -11.2193
4635000 29.0822
4642500 -58.4877
4650000 42.0544
4657500 170.692
4665000 177.25
4672500 180.894
4680000 164.18
4687500 -16.41
4695000 22.1628
4702500 -173.948
4710000 30.285
4717500 14.3606
4725000 -147.776
4732500 19.5038
4740000 -95.2665
4747500 -57.6843
4755000 -162.325
4762500 14.0432
4770000 0.833931
4777500 24.3737
4785000 -110.893
4792500 56.4647
4800000 288.735
4807500 129.745
4815000 8.51665
4822500 -28.1931
4830000 -103.704
4837500 160.42
4845000 69.4486
4852500 23.1329
4860000 127.165
4867500 150.5
4875000 18.9142
4882500 159.57
4890000 171.099
4897500 49.0738
4905000 187.963
4912500 185.359
4920000 188.947
4927500 10.4804
4935000 149.475
4942500 52.5931
4950000 188.275
4957500 36.2831
4965000 177.824
4972500 45.81
4980000 81.3797
4987500 152.699
4995000 119.454
5002500 129.939
5010000 276.4
5017500 368.355
5025000 244.101
5032500 112.388
5040000 12.4581
5047500 270.139
5055000 207.658
5062500 182.315
5070000 80.5584
5077500 269.773
5085000 49.6552
5092500 57.1565
5100000 -310.517
5107500 -106.859
5115000 -188.734
5122500 8.31918
5130000 -116.53
5137500 35.7562
5145000 -63.0404
5152500 -92.8698
5160000 0.134085
5167500 160.713
5175000 7.4911
5182500 154.038
5190000 140.181
5197500 -59.6326
5205000 -101.746
5212500 31.377
5220000 208.069
5227500 253.293
5235000 52.1836
5242500 43.0761
5250000 123.323
5257500 -16.7974
5265000 -8.53667
5272500 196.758
5280000 109.263
5287500 148.06
5295000 58.0442
5302500 6.51589
5310000 247.168
5317500 130.137
5325000 1.03384
5332500 63.2313
5340000 157.045
5347500 123.519
5355000 88.4314
5362500 218.567
5370000 125.748
5377500 22.8212
5385000 88.9714
5392500 108.423
5400000 58.3448
5407500 62.4674
5415000 246.244
5422500 205.838
5430000 -14.7611
5437500 114.983
5445000 107.376
5452500 -42.8818
5460000 140.161
5467500 55.1199
5475000 -99.3523
5482500 23.8485
5490000 3.16323
5497500 75.1044
5505000 11.601
5512500 79.1801
5520000 36.3558
5527500 -76.7129
5535000 -106.859
5542500 108.923
5550000 143.462
5557500 196.75
5565000 241.167
5572500 327.232
5580000 267.866
5587500 89.052
5595000 303.578
5602500 260.604
5610000 271.428
5617500 357.617
5625000 265.084
5632500 166.765
5640000 132.713
5647500 190.208
5655000 182.767
5662500 144.058
5670000 160.633
5677500 188.888
5685000 337.938
5692500 356.4
5700000 369.71
5707500 332.446
5715000 138.217
5722500 -11.2197
5730000 99.8275
5737500 130.802
5745000 227.97
5752500 219.171
5760000 136.845
5767500 176.686
5775000 199.953
5782500 191.598
5790000 165.468
5797500 163.346
5805000 20.878
5812500 -46.5516
5820000 132.15
5827500 5.29469
5835000 -39.59
5842500 13.6939
5850000 135.154
5857500 177.361
5865000 200.311
5872500 240.354
5880000 375.007
5887500 227.029
5895000 215.982
5902500 100.644
5910000 251.177
5917500 207.672
5925000 122.987
5932500 -38.8678
5940000 -58.3918
5947500 -101.365
5955000 -3.42809
5962500 215.709
5970000 148.659
5977500 45.1818
5985000 81.3974
5992500 24.1435
6000000 56.7944
6007500 -85.247
6015000 -129.219
6022500 -42.6242
6030000 -127.292
6037500 -55.0642
6045000 -181.198
6052500 45.4233
6060000 98.7567
6067500 22.7204
6075000 197.83
6082500 252.81
6090000 190.665
6097500 235.153
6105000 174.372
6112500 73.5123
6120000 135.068
6127500 43.1274
6135000 -33.1364
6142500 -36.6206
6150000 -171.32
6157500 -14.2286
6165000 158.171
6172500 241.142
6180000 218.972
6187500 283.598
6195000 158.584
6202500 90.6088
6210000 50.2361
6217500 -38.9538
6225000 144.231
6232500 -11.4573
6240000 144.879
6247500 49.4715
6255000 2.35695
6262500 147.671
6270000 30.5028
6277500 35.0007
6285000 115.34
6292500 225.021
6300000 214.067
6307500 210.06
6315000 18.9504
6322500 150.686
6330000 151.333
6337500 -26.7109
6345000 207.335
6352500 104.941
6360000 66.0488
6367500 114.986
6375000 165.27
6382500 -138.36
6390000 -170.216
6397500 39.923
6405000 68.2963
6412500 137.587
6420000 85.0936
6427500 320.157
6435000 38.0437
6442500 -57.597
6450000 2.94942
6457500 -58.9081
6465000 -116.831
6472500 122.653
6480000 163.17
6487500 104.109
6495000 77.7783
6502500 50.5147
6510000 39.1574
6517500 23.1321
6525000 53.9313
6532500 70.9182
6540000 282.019
6547500 39.7851
6555000 -146.931
6562500 -253.095
6570000 -236.857
6577500 -173.07
6585000 79.0009
6592500 142.72
6600000 -108.633
6607500 -111.321
6615000 -18.4792
6622500 -149.605
6630000 42.7117
6637500 81.1751
6645000 19.23
6652500 -5.63619
6660000 192.756
6667500 125.042
6675000 68.4258
6682500 211.358
6690000 24.6803
6697500 118.09
6705000 -7.91865
6712500 -23.1263
6720000 -9.86713
6727500 -94.9257
6735000 -112.559
6742500 -165.565
6750000 -202.219
6757500 -122.616
6765000 -43.1869
6772500 217.982
6780000 182.284
6787500 -170.988
6795000 144.861
6802500 134.772
6810000 154.091
6817500 123.194
6825000 -18.1332
6832500 84.9013
6840000 48.4736
6847500 241.97
6855000 236.894
6862500 21.9774
6870000 196.573
6877500 221.481
6885000 109.918
6892500 119.928
6900000 11.6772
6907500 52.0293
6915000 -2.69477
6922500 217.861
6930000 194.576
6937500 287.756
6945000 17.9256
6952500 -28.0877
6960000 227.134
6967500 63.5136
6975000 143.313
6982500 138.426
6990000 163.507
6997500 168.777
7005000 287.862
7012500 273.143
7020000 279.306
7027500 135.946
7035000 220.544
7042500 151.353
7050000 334.416
7057500 250.156
7065000 177.293
7072500 233.025
7080000 170.056
7087500 118.74
7095000 99.9536
7102500 273.935
7110000 69.1311
7117500 31.2547
7125000 -45.1551
7132500 107.825
7140000 93.51
7147500 9.39141
7155000 -45.8991
7162500 152.97
7170000 119.788
7177500 168.759
7185000 176.182
7192500 65.912
7200000 119.564
7207500 196.085
7215000 210.677
7222500 139.235
7230000 124.335
7237500 148.507
7245000 238.67
7252500 89.5241
7260000 128.532
7267500 125.916
7275000 257.334
7282500 274.753
7290000 242.106
7297500 178.554
7305000 237.553
7312500 126.889
7320000 199.113
7327500 117.807
7335000 66.7409
7342500 144.021
7350000 -20.8143
7357500 144.698
7365000 279.409
7372500 143.083
7380000 157.281
7387500 68.6352
7395000 211.123
7402500 125.573
7410000 312.232
7417500 78.3425
7425000 145.288
7432500 154.424
7440000 81.843
7447500 99.2884
7455000 383.256
7462500 234.652
7470000 171.824
7477500 106.242
7485000 238.201
7492500 260.17
7500000 188.806
7507500 255.856
7515000 299.029
7522500 439.997
7530000 275.318
7537500 331.178
7545000 418.157
7552500 264.031
7560000 383.098
7567500 437.951
7575000 203.575
7582500 500.327
7590000 353.188
7597500 248.07
7605000 309.45
7612500 323.008
7620000 210.134
7627500 334.25
7635000 330.545
7642500 291.247
7650000 225.9
7657500 103.007
7665000 156.081
7672500 92.8056
7680000 216.215
7687500 236.667
7695000 47.4008
7702500 92.4857
7710000 179.309
7717500 227.857
7725000 281.372
7732500 365.679
7740000 344.561
7747500 373.66
7755000 281.929
7762500 298.933
7770000 232.654
7777500 285.83
7785000 376.669
7792500 329.117
7800000 323.017
7807500 160.776
7815000 51.0354
7822500 87.8076
7830000 160.528
7837500 215.675
7845000 83.3754
7852500 68.5897
7860000 -19.1051
7867500 44.1898
7875000 1.27892
7882500 184.396
7890000 187.276
7897500 121.934
7905000 -11.8321
7912500 -44.0004
7920000 -185.528
7927500 53.9703
7935000 60.7782
7942500 61.794
7950000 59.9313
7957500 -4.6822
7965000 -26.7219
7972500 -37.0393
7980000 33.3171
7987500 74.246
7995000 11.0654
8002500 78.4229
8010000 -116.88
8017500 -80.4098
8025000 -30.3887
8032500 71.915
8040000 -7.37437
8047500 26.0731
8055000 17.64
8062500 39.5242
8070000 -163.881
8077500 -38.1828
8085000 29.3179
8092500 -142.785
8100000 -167.942
8107500 -102.33
8115000 -114.392
8122500 -20.8558
8130000 -92.5687
8137500 -24.7334
8145000 26.1202
8152500 -50.6554
8160000 -33.3683
8167500 -147.425
8175000 -147.95
8182500 -110.451
8190000 -246.003
8197500 -229.079
8205000 -194.945
8212500 -161.834
8220000 -117.672
8227500 -133.805
8235000 -257.444
8242500 -175.566
8250000 -191.605
8257500 -329.419
8265000 -280.608
8272500 -224.538
8280000 -201.542
8287500 -293.01
8295000 -208.565
8302500 -229.162
8310000 -88.4707
8317500 6.07236
8325000 -157.301
8332500 -163.033
8340000 47.7293
8347500 -30.7508
8355000 23.8948
8362500 114.227
8370000 -43.7102
8377500 108.311
8385000 130.489
8392500 -18.6771
8400000 86.2457
8407500 217.984
8415000 54.5012
8422500 -6.71076
8430000 5.07608
8437500 -57.5509
8445000 -87.5145
8452500 -0.946487
8460000 -9.71569
8467500 -132.134
8475000 51.582
8482500 71.7351
8490000 -80.3574
8497500 6.59329
8505000 -106.24
