0 0.0
1 -0.0620758195133
2 -0.00229536630734
3 0.094106743084
4 -0.246658096064
5 0.0517791858367
6 0.187389284096
7 0.204839547439
8 0.132426727592
9 0.203761684945
10 0.221037573836
11 0.0166152714057
12 -0.0535903861983
13 0.127034351799
14 -0.0568201918246
15 0.127056421873
16 0.215342284219
17 0.180383897825
18 -0.175691513341
19 -0.315451070633
20 -0.0694094869822
21 -0.203301065213
22 -0.275293220083
23 -0.25247244135
24 -0.366686917678
25 -0.0385972946266
26 0.0525683668254
27 0.114375292284
28 -0.0750524517844
29 0.216621757916
30 0.204802517047
31 0.154699328715
32 -0.0439624168148
33 -0.024233469313
34 -0.0383883004881
35 0.0869652717088
36 0.195509118163
37 0.0879922729889
38 -0.0690375561043
39 0.0872830526192
40 0.473412736077
41 0.352693635832
42 0.357266100448
43 -0.0947282878439
44 0.0776749035161
45 0.226892108008
46 0.092657262263
47 0.0267354156799
48 0.409139298563
49 0.565374487087
50 0.261418647263
51 0.301822789213
52 0.0949244456342
53 0.161282777942
54 0.0527532985839
55 0.0931799701124
56 0.0495907158545
57 -0.0711398100135
58 0.126995727843
59 0.177142976576
60 0.308186130346
61 0.0645147592182
62 0.053109250233
63 0.257234730605
64 -0.108550252309
65 0.0628219394549
66 0.229768507641
67 0.46974868881
68 0.263999104239
69 0.152212939776
70 0.335884375787
71 0.0355345585485
72 0.176282646274
73 0.42171851173
74 0.187881880534
75 0.350432808375
76 0.141839165688
77 0.472945253124
78 0.627966809932
79 0.264043761596
80 0.264586564011
81 0.429401279649
82 0.572783817737
83 0.741181010767
84 0.788704740062
85 0.807848916592
86 0.659035903329
87 0.252818778145
88 0.768741723061
89 0.476560520268
90 0.559492118774
91 0.473524350883
92 0.687888836598
93 0.615807293363
94 0.554897832082
95 0.445713427027
96 0.588897304986
97 0.342298323842
98 0.369076867816
99 0.151111666454
100 0.410156591861
101 0.0466383213067
102 0.204726296188
103 0.394863344872
104 0.494742750133
105 0.0634905278648
106 0.0480424699411
107 0.0245299556761
108 0.236030298398
109 0.31403976939
110 0.156463510571
111 0.103104242362
112 -0.258591137009
113 0.386620510492
114 0.377221271361
115 0.22849902831
116 0.278854132435
117 0.404383230234
118 0.283069844833
119 0.0240646616311
120 0.200910347856
121 0.465096351578
122 0.248609190356
123 0.188114936657
124 0.338865743217
125 0.468314416515
126 0.442045383366
127 0.348137363035
128 0.332615546347
129 0.422555111218
130 0.466883809819
131 0.659536052142
132 0.59862187753
133 0.225930138179
134 0.145938868231
135 0.402250384895
136 0.596623538775
137 0.184421326326
138 0.303956137873
139 0.202093407427
140 0.440506183078
141 0.297917975894
142 0.427968379318
143 0.288254607239
144 0.442878777478
145 0.777568635321
146 0.397792882871
147 0.41672102427
148 0.0898574993135
149 0.099074733592
150 0.0952392372436
151 0.0574358617407
152 0.296111527661
153 0.26058882115
154 0.400097222116
155 0.622890387745
156 0.553359918533
157 0.356327446513
158 0.529267894658
159 0.476792923679
160 0.506219175906
161 0.624909925606
162 0.0943215397443
163 0.125205068041
164 0.491872958243
165 0.310590655755
166 -0.0149236476857
167 0.210552807377
168 0.372303685871
169 0.68976484936
170 0.561914308228
171 0.525322893004
172 0.525295346828
173 0.2338857811
174 0.171130702089
175 0.309937340979
176 0.346616304073
177 0.482648258286
178 0.446354480861
179 0.353424806434
180 0.406829794502
181 0.404107183966
182 -0.0622514828691
183 0.437630526777
184 0.0304945114642
185 0.518536451399
186 0.342546285533
187 0.156398712644
188 0.469176472845
189 0.0862593193398
190 0.520625638836
191 0.173895905016
192 0.336188376566
193 0.348858298958
194 0.189263680411
195 0.267823981124
196 0.494106383755
197 0.280853451264
198 0.565748819647
199 0.851044119265
200 0.492892320877
201 0.656780566532
202 0.646285738212
203 0.305233716233
204 0.500656117746
205 0.877102949216
206 0.533827790631
207 0.971682920821
208 0.774354012835
209 0.822902846891
210 0.792252365452
211 0.696176907281
212 0.894582634267
213 0.542967913684
214 0.651764148291
215 0.56467916396
216 0.387698362749
217 0.751482724274
218 0.539544373701
219 0.509029687189
220 0.352982240872
221 0.421981994012
222 0.458595372721
223 0.447288382502
224 0.484121514459
225 0.268546540577
226 0.605725398743
227 0.468392148241
228 0.636536690861
229 0.496380305264
230 0.39513421731
231 0.696408973859
232 0.702297768906
233 0.631015138104
234 0.44900248406
235 0.643659880785
236 0.360580177128
237 0.711559211859
238 0.681058546526
239 0.682899645436
240 0.564302598015
241 0.560021221144
242 1.04981714878
243 1.08118216895
244 0.982283377687
245 0.561770890078
246 0.441345306641
247 0.485175676833
248 0.567245564214
249 0.417480353967
250 0.579226862128
251 0.708293260216
252 0.506210616423
253 0.392140080649
254 0.54296694885
255 0.592273401165
256 0.62157373534
257 0.527753605772
258 0.712731488042
259 0.649190332484
260 0.825417005875
261 0.580138127567
262 0.497658923455
263 0.958270281531
264 0.478538649809
265 0.612386229243
266 0.422371900616
267 0.855048641436
268 0.723501996918
269 0.85278286291
270 0.898859724194
271 0.667859103463
272 0.801805512127
273 0.89515362015
274 0.768826614118
275 0.727828159368
276 0.74119219262
277 0.705144645823
278 0.460396743643
279 0.489990378919
280 0.931015721635
281 1.10720005701
282 1.06045629506
283 1.06753726115
284 0.682802794571
285 0.775303726395
286 0.653962642996
287 0.701090598411
288 0.85662198707
289 0.576299002465
290 0.595521459597
291 0.506425468859
292 0.790803548341
293 0.923534582626
294 0.725758009756
295 0.684740850664
296 0.709418974179
297 0.86643045011
298 1.17631879717
299 1.08934890044
300 1.01146471647
301 0.891285988854
302 1.01674558131
303 1.13620924548
304 1.22398640265
305 0.691021435694
306 1.16000477852
307 1.44954090724
308 1.31871370962
309 1.95662811566
310 1.49159090286
311 1.67395094847
312 1.83138125221
313 1.88540297227
314 1.48705668993
315 1.61206286399
316 1.71919187306
317 1.41471984935
318 1.69232353044
319 1.52711378953
320 1.59387778221
321 1.4943527152
322 1.70016956493
323 1.90630076188
324 1.97595134686
325 1.70861702121
326 1.75573870129
327 1.77400091575
328 1.49901634099
329 1.69304981806
330 1.8780348304
331 1.93102277747
332 2.07827321894
333 1.57453869384
334 1.71331169152
335 1.65812916653
336 1.76347803954
337 1.84861902976
338 2.25603021447
339 1.81447652754
340 2.00613169202
341 1.7848946832
342 2.31490201373
343 2.31556902112
344 2.41129380124
345 2.46781007089
346 2.47955257066
347 2.62972074829
348 2.39376951704
349 2.78615411565
350 2.66738010164
351 2.25087045637
352 2.1049096653
353 2.49401109917
354 2.11155588287
355 1.9862865777
356 1.88573661124
357 1.7712332616
358 1.76106698205
359 2.13012164188
360 2.16304676095
361 2.31394486529
362 2.2053584705
363 2.17078024346
364 1.87725337808
365 2.03151090643
366 1.96957631125
367 1.98127527966
368 1.86609754002
369 2.44408728922
370 2.17060960524
371 2.02345785236
372 2.28357600146
373 2.18710306777
374 2.25029825158
375 2.47958932763
376 2.10091013647
377 1.80544932864
378 1.86411237178
379 1.8764590831
380 1.99571141424
381 2.04980845836
382 1.89320291658
383 1.63872816736
384 2.1615302282
385 1.70395733951
386 1.69159806944
387 2.30142608325
388 2.26523761288
389 2.08099403453
390 1.98562122031
391 1.62496187689
392 2.1041365285
393 1.75509576812
394 1.5657565397
395 1.69790779758
396 1.59465432583
397 1.79779302652
398 1.81599379963
399 1.75579016679
400 2.12699321838
401 2.13917501954
402 1.91682978255
403 1.9846057253
404 1.98917337456
405 2.44190171518
406 2.52107974469
407 2.45869045567
408 2.35974873136
409 2.20231977308
410 2.14545403019
411 2.11303103521
412 1.78180046022
413 1.70591956296
414 2.01570996346
415 2.04802166644
416 2.11712720895
417 1.97135065568
418 1.90066340519
419 1.80754404638
420 2.27089260357
421 2.27106482423
422 1.81122841044
423 1.86980440133
424 2.21976029292
425 2.24307341522
426 2.06914734794
427 2.25604985385
428 2.381576003
429 2.57954477502
430 2.1481753558
431 2.16486329741
432 2.13948636665
433 2.50286901724
434 2.23757233913
435 2.44765596521
436 2.55583018279
437 2.58501165879
438 2.23792794189
439 2.01314606936
440 2.29023244203
441 2.34650094984
442 2.38896623953
443 2.49255656101
444 2.21070128252
445 2.39248649715
446 2.32551971779
447 2.39155209465
448 2.18447773543
449 2.66600429749
450 2.43351282879
451 2.23011866771
452 2.53934883359
453 2.74713054858
454 2.49250907258
455 2.8911030135
456 2.91702833498
457 2.58277947658
458 2.15732129671
459 2.22664010677
460 2.21255831259
461 2.14827675857
462 2.5228295127
463 2.1541578269
464 1.8466190753
465 2.29261429806
466 2.38875678064
467 2.68684007342
468 2.68630038064
469 2.34104754587
470 2.66241648215
471 2.49275441113
472 3.05125692834
473 2.46570552768
474 2.52289148468
475 2.23734881596
476 2.85213095092
477 2.73819840235
478 2.73338799712
479 2.53818924872
480 2.53280982988
481 2.52302248114
482 2.92226687514
483 2.61955115492
484 3.13049306928
485 3.31203546133
486 3.21881418765
487 3.19009669361
488 3.75765034355
489 4.22600480355
490 4.42896045078
491 4.52865609426
492 4.27981528329
493 4.53492652631
494 4.5967274263
495 4.92331046139
496 4.66046683899
497 4.12610951655
498 3.6186552008
499 3.67801876227
500 4.27988980994
501 3.67379182031
502 3.8319601906
503 3.38998379631
504 3.1858215931
505 2.94405143766
506 3.46066738838
507 3.56676181483
508 3.8972470659
509 3.90366471911
510 3.86210048769
511 4.04061505973
512 3.40145543927
513 3.79913113689
514 3.44765412987
515 4.03116758261
516 4.08494009653
517 4.26538938668
518 4.43970135946
519 4.6009586125
520 4.62869588408
521 4.74845359178
522 4.47189388466
523 5.44129278961
524 5.31800445211
525 6.08328155325
526 5.52609255936
527 5.19380287197
528 5.18247979376
529 5.12018367582
530 5.21688120877
531 4.82846838999
532 4.17072440584
533 3.72555727839
534 4.79031752755
535 4.75540413636
536 4.50890019265
537 4.86213180048
538 4.96420395851
539 4.73900504399
540 4.06495063338
541 4.13774604987
542 3.2500389536
543 3.55757158029
544 3.22489472447
545 3.3656023236
546 3.55322639706
547 3.27990833455
548 3.43775502958
549 3.15157079785
550 3.21591902579
551 3.25747203689
552 3.27337008545
553 3.37655563134
554 3.2195497543
555 3.08493350946
556 3.67485660976
557 3.34030966967
558 3.43809445183
559 3.78574675616
560 4.21097721727
561 4.10296054148
562 3.73527184865
563 3.75013712377
564 3.59298572288
565 4.02396989377
566 4.47877501843
567 4.32766303323
568 4.2568175688
569 4.47716407974
570 4.75681835949
571 4.99017584516
572 4.676744567
573 4.96339587448
574 4.56906079263
575 5.00711218246
576 5.48669847551
577 5.03473541829
578 4.82247301306
579 5.22554204554
580 5.64414402233
581 5.72738342754
582 5.27137800905
583 5.65507183809
584 5.71067961495
585 6.1113428216
586 6.23397236666
587 6.47103485528
588 5.71909126077
589 5.93594450255
590 6.20829161357
591 6.58824276278
592 6.45724398827
593 6.18365793694
594 6.42131678452
595 6.44436035348
596 5.90789880836
597 5.93885318153
598 6.41324623571
599 6.86262701494
600 6.727944755
601 6.55392989184
602 6.0724747539
603 6.34611499415
604 6.3531852931
605 6.36976209139
606 6.92477325774
607 6.74240561445
608 6.79763481575
609 6.2807404463
610 6.36755452334
611 6.27416127921
612 6.06534284263
613 5.8201439299
614 6.12292768245
615 6.11947655639
616 6.2682526901
617 6.3423134462
618 5.82648898147
619 6.43358951201
620 6.40092392405
621 6.25433859907
622 5.79762829877
623 6.17406939522
624 5.73501339213
625 5.64346454919
626 5.00291316837
627 4.85970000171
628 4.69909474201
629 4.44971487933
630 4.16834684414
631 3.87196863757
632 4.53748320521
633 4.40194854623
634 4.74641581165
635 4.92460107495
636 4.75936308888
637 4.46374073604
638 3.92063828771
639 4.25011369932
640 4.59580547844
641 4.44667120847
642 4.28744895225
643 4.05040399883
644 4.39524315745
645 4.57986996864
646 4.52101080628
647 4.47206227757
648 4.8169449907
649 5.03861675112
650 4.83902490472
651 5.93231339304
652 6.24073990701
653 5.66839503163
654 6.0793687202
655 5.8297221937
656 5.86708018959
657 6.10893019764
658 5.79619883124
659 6.15888549201
660 5.64108037418
661 5.07950858718
662 5.24278342411
663 4.98453495331
664 4.68701843403
665 4.58365905141
666 4.63861551165
667 4.90777303839
668 4.66318019837
669 4.31611043497
670 4.35060810079
671 4.25959202956
672 4.3862937055
673 4.92487925208
674 4.58415002369
675 4.83359209523
676 4.56306323534
677 4.78715665618
678 4.71367162086
679 5.19424905396
680 5.16859373272
681 5.23984946495
682 5.33295121649
683 5.17959959841
684 5.41523215569
685 5.41998021578
686 5.63404111101
687 5.83378650867
688 5.73929414761
689 5.7624509808
690 5.48524443229
691 5.16894129004
692 4.9581518899
693 4.62701810856
694 4.25961210514
695 4.18701391906
696 4.37578265155
697 4.04739464743
698 3.98578248482
699 3.85535543448
700 4.23988647847
701 4.51499185517
702 4.07352028789
703 4.00643691676
704 3.8309656926
705 3.46631391192
706 3.24050974289
707 3.04825903396
708 3.29716999371
709 3.70858121027
710 3.43081947999
711 3.328094229
712 3.02667586863
713 3.07334839946
714 3.29088280718
715 3.93018538218
716 4.22907859648
717 4.33863972378
718 4.61620010036
719 4.53713543407
720 4.56435548913
721 4.26820455397
722 4.32119932784
723 4.61643356512
724 4.72166027494
725 4.55060158754
726 5.31915786988
727 4.99541281582
728 5.10346387224
729 4.59104549659
730 5.11245185772
731 4.92171194291
732 5.90103326715
733 5.65249550416
734 5.43900123992
735 5.41794809054
736 5.46606456862
737 5.75553379202
738 5.54642694161
739 5.53226096405
740 5.32691396206
741 4.93793208504
742 4.60745759497
743 5.00688313063
744 5.09457017013
745 5.43271650737
746 5.16809236611
747 4.78215801016
748 4.89636942812
749 5.32766953202
750 4.83555312488
751 5.5426454139
752 5.52415230252
753 5.13111144626
754 5.39605615786
755 6.41054277971
756 6.08483908739
757 6.41262115864
758 6.06663837844
759 5.89891557736
760 5.85870639754
761 5.70457422691
762 5.03717678716
763 5.30680149994
764 5.23168463391
765 5.48949656308
766 5.80729550284
767 5.15215539667
768 5.39157149683
769 5.47562383203
770 5.60220599127
771 5.05847776831
772 5.08598712335
773 4.94546516782
774 4.3225638182
775 4.87249624864
776 5.04411916962
777 4.88175858271
778 4.36691275349
779 4.51889625713
780 4.94871191275
781 4.36924653234
782 3.81310317891
783 3.92120323004
784 4.1528385273
785 4.16179949807
786 4.52004351254
787 4.38799250353
788 3.75062287456
789 3.43669619478
790 3.52217806443
791 3.70945169356
792 4.00785918678
793 3.98192576599
794 4.18642512583
795 3.61789507199
796 4.63805631834
797 4.98372273602
798 5.09610945699
799 4.19234981194
800 5.23573402211
801 5.58572665869
802 5.64836663196
803 5.48185340645
804 5.28608958329
805 5.008356711
806 5.17748973403
807 5.41620949489
808 4.57873900571
809 4.97558958288
810 5.01951412965
811 4.46400659763
812 4.65312658026
813 4.01355685117
814 3.46490078263
815 4.11732272718
816 4.1400815785
817 4.19007741207
818 4.38923959036
819 5.11234426459
820 5.02514222537
821 5.27345357432
822 4.84327625805
823 4.42710199384
824 5.0487022783
825 5.16389990291
826 5.21090942234
827 5.38502081603
828 5.49290280061
829 5.54777400859
830 6.55451064712
831 6.65151649812
832 6.120826169
833 5.95576339424
834 5.68627260596
835 5.84066682721
836 6.29749776606
837 6.44885914731
838 6.42590598176
839 7.5085431412
840 7.2767871405
841 7.44701075265
842 6.86629139664
843 7.13511996984
844 7.20362190027
845 6.37358169494
846 5.95380432072
847 5.95612031191
848 5.95088990346
849 6.66714111195
850 7.0387471555
851 7.0567565571
852 6.52796376119
853 6.33392773427
854 6.61971483424
855 6.79283249233
856 6.72427624248
857 6.06808232048
858 6.32254320292
859 5.97494462916
860 6.46732899686
861 5.70770940486
862 4.96570180768
863 4.54153375182
864 4.83254350152
865 5.30036802345
866 5.12043800642
867 5.47569680503
868 5.42573064527
869 5.85486489791
870 5.70053182131
871 5.87219111309
872 6.05540905713
873 6.12496972688
874 6.06691172576
875 6.04951662027
876 5.75084270056
877 5.44595194854
878 5.90304120654
879 5.38859847062
880 5.10226290318
881 5.03271247784
882 5.16434940805
883 5.15687043181
884 5.87285772321
885 5.13770409097
886 5.61931558335
887 6.13833579842
888 6.24317240075
889 6.63658830389
890 6.48843036393
891 6.33883351274
892 5.53403123063
893 5.46483797011
894 5.50316122667
895 5.46925446757
896 5.76291070912
897 6.12847071221
898 5.9588681758
899 5.91476375515
900 5.44708642459
901 5.44805080723
902 4.90701674395
903 4.80427657016
904 4.86567365712
905 4.80766984725
906 4.81141237833
907 4.66945976
908 4.20232279313
909 3.9637593163
910 3.72313683251
911 4.35224816336
912 4.61051616989
913 4.00271746144
914 3.83431422445
915 3.43382085621
916 3.87759197152
917 4.20255622281
918 4.1681894881
919 4.22836761216
920 4.32814958718
921 3.80052962904
922 4.1314878781
923 4.04527404635
924 3.73985393464
925 3.69116058279
926 3.80157664309
927 3.41724084848
928 3.85187264072
929 3.51524671074
930 3.2036832124
931 3.51433565929
932 3.62578538738
933 3.61053334923
934 3.5213126481
935 3.54468977715
936 3.61932603015
937 3.42325716359
938 2.89521005254
939 2.96270073497
940 3.34967710168
941 2.93911072644
942 3.01912184168
943 3.32567138081
944 3.34234932049
945 3.51364957576
946 3.40315831397
947 3.90087059917
948 3.51643976621
949 3.55340563217
950 3.45824864492
951 3.05495108442
952 2.78666749484
953 2.82543536443
954 2.99509687698
955 2.74616887745
956 2.88530643525
957 2.57192991342
958 2.46394770369
959 2.3684839131
960 2.59430834787
961 2.61448859787
962 2.61795280105
963 2.32122891798
964 2.96704436049
965 3.51622131525
966 3.61763750077
967 3.4000978589
968 3.61174238877
969 3.17886243563
970 3.50901106377
971 3.59544375359
972 3.29644241088
973 3.6303012231
974 3.96631644496
975 4.25814396675
976 4.03490029169
977 3.92380134087
978 4.23839684554
979 4.23130378192
980 4.3018676039
981 3.94958443884
982 4.18769012575
983 3.73558333177
984 4.28119794645
985 3.92462323475
986 3.88997535044
987 4.19974277269
988 4.20487460973
989 4.37692941293
990 4.27634308638
991 3.85508580408
992 4.09119339259
993 3.93803527842
994 4.19661066393
995 3.7757761056
996 3.89017512244
997 3.47980059383
998 3.62466527798
999 3.38724721191
