0 0.0
1 0.0300375229275
2 0.0764363554271
3 0.280560304813
4 0.345500491607
5 0.153669045258
6 0.276707352326
7 0.249181810859
8 0.34899978809
9 0.454867802232
10 0.415474333377
11 0.368719205791
12 0.336641308513
13 0.390596855948
14 0.281585684264
15 0.232762172549
16 0.404903793033
17 0.423103889415
18 0.151496276455
19 0.242279728477
20 0.284036006482
21 0.157397624768
22 0.305393585873
23 0.0161352011363
24 0.0384548885253
25 0.325869681713
26 0.0801174715426
27 0.330788830121
28 0.148405729265
29 0.108232846916
30 0.317686144878
31 0.597177161032
32 0.316268775489
33 0.48910402621
34 0.549402065371
35 0.400151161472
36 0.440422089712
37 0.32488281019
38 0.300920940913
39 0.395086989088
40 0.430703202277
41 0.418602332827
42 0.433104086493
43 0.332775765342
44 0.521547293982
45 0.501723307426
46 0.528124367146
47 0.432368793147
48 0.552429933412
49 0.301579677944
50 0.475565222371
51 0.578524666666
52 0.769861743287
53 0.684561869363
54 0.400311372051
55 0.49392616317
56 0.541526283895
57 0.735640271605
58 0.417360246134
59 0.315689749141
60 0.631515961125
61 0.575515198105
62 0.419724714063
63 0.395138507363
64 0.5280091291
65 0.53243926976
66 0.469920336326
67 0.539904561661
68 0.27592644751
69 0.324447019928
70 0.632062614557
71 0.75393007064
72 0.670030289656
73 0.86840098232
74 0.854006440226
75 0.629738643542
76 0.58480827201
77 0.709152960283
78 0.819865739438
79 0.626657242797
80 1.24385400349
81 1.1528107245
82 0.950414601127
83 1.11032844064
84 1.03190542315
85 1.16595180449
86 1.12592516111
87 1.28743061234
88 1.30552787066
89 1.02391289447
90 1.21268847681
91 0.961365456237
92 1.03370016423
93 1.09620215538
94 1.01841946582
95 0.902676389546
96 1.05193406537
97 1.04918411037
98 1.08200453032
99 0.883299831034
100 1.10293309397
101 1.14369106227
102 0.985924385698
103 0.993880392704
104 1.25480907618
105 1.09642061944
106 1.19059467625
107 1.13180330664
108 1.14248419583
109 0.999387242438
110 1.31527825406
111 1.2451277791
112 1.02899227792
113 1.05174606893
114 1.1453365503
115 1.18944625072
116 1.18881264402
117 1.3474214725
118 1.3052223161
119 0.977380455681
120 1.06588380428
121 1.10436455813
122 1.14640207023
123 1.29407045117
124 1.05139569758
125 1.08593434561
126 1.19132634256
127 1.09251499035
128 1.38596396156
129 1.11202804487
130 1.24649863782
131 1.32588814366
132 1.53925349032
133 1.55564571662
134 1.48388227072
135 1.45684214649
136 1.43794772491
137 1.33454311352
138 1.10972266771
139 1.18140131274
140 0.860176984222
141 1.04709295051
142 1.06730501334
143 0.832138250821
144 1.2293822155
145 1.30446255113
146 1.12737060056
147 1.02417737561
148 1.15959449134
149 1.34110239537
150 1.11878813029
151 1.19711592165
152 1.35918646293
153 1.00931391434
154 1.24952970728
155 1.23015840335
156 1.47740970828
157 1.40299926031
158 1.52279513164
159 1.66905893478
160 1.07397606444
161 1.57949393784
162 1.49932651325
163 1.29729724578
164 1.30888432447
165 1.37234875111
166 1.25596061802
167 1.84512881244
168 1.24203250363
169 1.26205806348
170 1.10388141435
171 1.25307923374
172 1.37471641419
173 1.35489172829
174 1.34746000172
175 1.18892732374
176 1.47246628404
177 1.33516216713
178 1.39351983718
179 1.23699237288
180 1.46246321947
181 1.39048244005
182 1.69139438329
183 1.4020813055
184 1.31050430372
185 1.36219424382
186 1.56121789373
187 1.51736879073
188 1.71465092865
189 1.38356203259
190 1.42127717679
191 1.98715388698
192 1.58177285475
193 1.71455961477
194 1.58052886804
195 1.53022345763
196 1.53582320676
197 1.5418513324
198 1.50172967705
199 1.08875761687
200 1.5005273646
201 1.13180249819
202 1.1575961968
203 1.21731767903
204 1.35975533185
205 1.47069032826
206 1.26369815637
207 1.35030444128
208 1.35659999287
209 1.21929775816
210 0.956273624432
211 1.44347352679
212 1.40243724153
213 1.47563544182
214 1.29908636148
215 1.73436531054
216 1.46294226387
217 1.76538811124
218 1.96026281643
219 2.00577965229
220 1.68498706167
221 2.08136289452
222 1.8590100894
223 2.04893885544
224 2.27778998839
225 2.00462987364
226 1.72465178984
227 1.85493612026
228 1.77780951947
229 1.89458360922
230 1.95723853273
231 2.14747529461
232 2.12872741876
233 2.22865824474
234 2.27707148293
235 2.08977645409
236 2.09375243217
237 2.01498614435
238 2.20608198613
239 1.87211660017
240 1.56303986428
241 1.55498543432
242 1.63375497806
243 1.89218963591
244 1.86614069998
245 2.05284731013
246 1.78720775086
247 1.94641169299
248 2.38937207451
249 1.87905498773
250 1.84946726986
251 1.56163336385
252 1.98144525804
253 1.71656221812
254 1.95696853959
255 1.84032076602
256 1.87390853516
257 1.68572203313
258 1.79695205978
259 1.54818628617
260 1.76322369494
261 1.36901723627
262 1.90536035727
263 1.81486899145
264 1.53865919802
265 1.66141888521
266 1.62303851801
267 1.78965908453
268 1.92150037757
269 2.01681608448
270 2.15242417463
271 2.09469450604
272 2.0587357778
273 2.02004630975
274 1.85322714375
275 2.05486550028
276 1.79170149945
277 1.69501217764
278 1.76845702009
279 1.68904929134
280 1.39443317746
281 1.59219263401
282 2.06856682547
283 1.72431554603
284 1.57534238689
285 1.94170264228
286 2.25733215756
287 1.83319160815
288 2.20563885262
289 2.01558101264
290 1.56083675187
291 1.95650773911
292 2.03576924693
293 2.20462588796
294 2.09586907772
295 2.07689392994
296 1.73962648388
297 2.00724693833
298 2.10482345149
299 2.13653594283
300 2.45846909331
301 1.98891238811
302 2.22669484166
303 2.09565385332
304 2.10898607962
305 2.56057366902
306 1.90196720672
307 2.4708420572
308 2.2258990571
309 2.20269498778
310 2.35777704252
311 2.20868901518
312 1.75046914701
313 1.8674008034
314 1.93198078945
315 2.04038850806
316 2.15186742657
317 2.21528882188
318 2.07628226126
319 2.08315388904
320 1.87681802454
321 1.9147723088
322 2.01876369233
323 2.29837996967
324 1.93961322688
325 2.30505969253
326 1.95245319033
327 2.08140656494
328 1.92780588994
329 2.20417817797
330 2.29838813272
331 1.70727451344
332 1.84469073958
333 1.52107474496
334 1.90142507449
335 2.09654377584
336 2.21439108861
337 2.19533371786
338 2.30664342145
339 2.3576808729
340 2.57924550127
341 2.40500380499
342 2.29575412462
343 2.44460261847
344 2.32629594841
345 1.90556500682
346 1.87773896271
347 1.82381746063
348 1.81436811562
349 2.05616743476
350 1.5902918694
351 1.62354386267
352 1.85411082502
353 1.62633113336
354 1.72486900531
355 1.86377364313
356 1.76688709398
357 1.99159369425
358 2.27895804258
359 2.03189960352
360 1.72731516143
361 2.013442796
362 1.79870065312
363 1.8510251002
364 1.84021918771
365 2.05389870209
366 2.0570128975
367 1.91138659133
368 1.72800122125
369 2.11544173298
370 1.73529913649
371 1.83062110977
372 1.98153765769
373 2.16528938447
374 2.11311909066
375 1.92436382685
376 1.71580107898
377 2.23289885087
378 2.25311395858
379 2.17198328735
380 2.10039996721
381 2.1172035578
382 1.92130230322
383 2.43830448864
384 2.27902985216
385 2.38512978336
386 2.53845463617
387 2.70982951783
388 2.32350229302
389 2.47637963561
390 2.28863305054
391 2.40529805492
392 2.6314936883
393 2.82447929505
394 2.72011171529
395 3.27234851132
396 3.99554179429
397 3.71294002159
398 3.54469542206
399 3.78514865965
400 4.11173493589
401 3.41413223678
402 3.98570368423
403 3.71109791166
404 3.51598792343
405 3.62858103923
406 3.95099873956
407 3.6979769405
408 3.5144555391
409 3.29946462263
410 3.47015964322
411 3.36767065125
412 3.314329821
413 2.96532861742
414 4.0710406803
415 3.42422173078
416 3.26060477349
417 2.94018402456
418 3.00555715265
419 2.96994132344
420 3.20585953114
421 2.65550665177
422 2.88362536382
423 2.95766647642
424 2.97896389086
425 3.26538313448
426 3.36216449354
427 3.47454725679
428 3.03620143943
429 3.15974939408
430 3.63853438301
431 3.30540435266
432 3.05281167237
433 3.11521613024
434 3.4341994524
435 3.59161013719
436 2.79486890152
437 3.00310727856
438 3.32886930549
439 3.00441545701
440 3.33785700747
441 3.22046265006
442 3.5623082975
443 3.48992954667
444 3.36209320997
445 3.09422057022
446 2.71983222369
447 3.50604922241
448 3.43345647518
449 3.634044802
450 3.07857481629
451 3.30023194056
452 3.43289891008
453 3.28773186436
454 3.46072195048
455 3.50096448896
456 3.7875764591
457 4.06901044771
458 3.69545519437
459 3.59922267396
460 2.89027783368
461 3.69992552963
462 3.54028378462
463 3.42557086866
464 3.36907346668
465 3.23019529968
466 3.59418582859
467 3.43560038941
468 3.66235591873
469 4.28277146839
470 4.048921417
471 3.73301538944
472 3.52595540529
473 3.99864604203
474 3.82653269791
475 3.73112954953
476 3.9694385414
477 4.23520802655
478 3.86956588049
479 4.00095213273
480 3.97290205458
481 4.2232167659
482 3.68433399367
483 3.56360273139
484 4.10526418398
485 4.24667143155
486 4.31874933997
487 4.10158653531
488 4.04955062799
489 3.82284566875
490 3.9263881308
491 3.99806812799
492 4.6481714728
493 4.46275697137
494 3.82206820196
495 4.39850374988
496 4.31601214546
497 3.94854693303
498 3.80662773803
499 4.0304318064
500 4.39330385948
501 4.43251666311
502 4.2060799527
503 4.00326359282
504 4.08083146184
505 3.98051892082
506 4.05556779781
507 4.67969245655
508 4.49761081534
509 5.22016710831
510 4.95536210077
511 4.71280531039
512 4.7547958936
513 4.70917572355
514 5.02434731266
515 4.87857219761
516 5.5256130144
517 5.36161752544
518 5.31388530637
519 5.32601051452
520 4.95106081351
521 5.24794220569
522 5.25504106076
523 5.42858656778
524 5.91988243044
525 5.72309396954
526 5.44489952919
527 5.6520910555
528 5.52891109497
529 5.77500247623
530 5.3742934691
531 4.92781588657
532 5.42339457438
533 4.94049313341
534 5.23964919163
535 4.74994896641
536 5.03513843833
537 5.63875368752
538 5.50411041854
539 6.07987437945
540 5.88371198404
541 6.23067340914
542 6.07006132321
543 6.05378763866
544 5.98929453731
545 6.48845659066
546 6.23184143127
547 5.97303129966
548 5.56595020337
549 5.27716413603
550 5.44024666519
551 5.45565865285
552 6.2559553986
553 6.27219355613
554 6.9574656194
555 6.59928253673
556 5.6624634548
557 5.87320048948
558 6.08808317839
559 6.07040458471
560 5.89377745395
561 5.67302976996
562 5.97871966516
563 5.88806048075
564 5.60776308771
565 5.47781708818
566 5.60817321339
567 5.57034502144
568 6.07946563298
569 5.75053213881
570 5.80366282293
571 6.17426557685
572 6.84201031771
573 6.7847402838
574 6.83738569365
575 6.54799580724
576 6.71642640604
577 6.56861223883
578 6.44976226157
579 5.87535968727
580 5.65763103768
581 6.13941124912
582 6.66770174734
583 6.76986998455
584 6.2434721918
585 6.03123676308
586 6.53517109062
587 6.6958252512
588 6.45817086759
589 6.82659012292
590 6.59958552779
591 6.77705499723
592 6.90149878533
593 7.33434340324
594 7.40184366606
595 7.71588092748
596 7.8489794425
597 7.84920797279
598 8.10091310623
599 7.92428035012
600 7.81201079414
601 8.30437137483
602 8.3715352287
603 8.53073505423
604 8.22653973518
605 7.78666278467
606 7.72414170436
607 7.53408590842
608 7.86619596669
609 7.7805698491
610 8.44228587867
611 8.16648758507
612 8.53532595295
613 8.32610660564
614 7.91257032237
615 7.95685289012
616 7.55073255714
617 7.50581452346
618 7.67596201408
619 7.12891843441
620 7.12190547904
621 7.30391182365
622 7.81649358467
623 7.55252488301
624 7.9617134602
625 8.06926577463
626 7.58822649037
627 8.00156875203
628 8.0667123792
629 7.52611826463
630 7.70196816984
631 7.31249028766
632 7.20993710502
633 7.50115493895
634 7.22954101472
635 7.33681507863
636 7.78874150607
637 7.54333559399
638 7.33774139704
639 7.34012855682
640 7.7214414185
641 7.3032984543
642 7.13478023336
643 7.26536504782
644 6.94865812696
645 6.61755396524
646 6.48886165829
647 7.37644022115
648 7.02759978296
649 7.0740358345
650 7.0791441793
651 6.63357104934
652 6.87390321917
653 7.11842025732
654 7.15254206528
655 6.96927202444
656 7.22254707848
657 7.0645863388
658 7.07487860902
659 7.57406078603
660 7.39267958218
661 7.41358796456
662 7.35727819934
663 7.97307226146
664 8.15392618788
665 8.00816212732
666 7.85133073789
667 8.02055103548
668 7.95739126569
669 7.8879730377
670 7.89410379759
671 7.8737207012
672 7.68505847607
673 7.7784411707
674 7.68673634086
675 7.51634519077
676 7.73708054935
677 7.81664832991
678 7.73619061667
679 7.98235000484
680 8.51180110046
681 7.8255545033
682 7.57597693267
683 7.77614425153
684 7.57143114499
685 7.7152707093
686 7.7242286399
687 7.69225175472
688 7.76000092125
689 7.99183269478
690 7.70361687624
691 7.74389080885
692 7.91027948769
693 7.76125159862
694 8.57887453951
695 7.98958142675
696 8.20075851329
697 8.07975571216
698 7.9736556662
699 8.01091282518
700 8.50336507163
701 8.24463244743
702 8.32300493474
703 8.82355789596
704 8.38233181605
705 8.57206020623
706 8.77309184083
707 9.10176993054
708 8.9900399696
709 8.95947894053
710 8.61189171647
711 8.74397082496
712 8.80097124485
713 8.83202539471
714 8.36409942552
715 7.93929002596
716 8.43756961284
717 8.35437616144
718 8.49220951804
719 8.75055000083
720 8.64750280742
721 8.37537904521
722 8.85026480063
723 9.05905564597
724 9.08583474164
725 9.17985097787
726 8.76143491474
727 8.28438246178
728 8.24056825779
729 8.42421220022
730 8.03498265358
731 8.34906473767
732 7.82088740971
733 7.90115210244
734 7.72878195848
735 7.91318078776
736 7.94272468859
737 8.02496703508
738 7.97170384149
739 8.48342119603
740 8.61732651624
741 8.47895491075
742 8.7154797994
743 8.37393683931
744 8.54196201278
745 8.69374512891
746 8.71343079885
747 8.37705030785
748 7.97122210771
749 7.93516987679
750 8.20519823676
751 8.08563805817
752 8.43467206863
753 7.9294958422
754 7.58936819088
755 7.54013720593
756 8.37937669468
757 8.02623023984
758 8.38473728621
759 8.78728807488
760 8.81074205028
761 8.55455962568
762 8.99787513036
763 8.40943305869
764 8.6880483463
765 9.17543021156
766 9.5222345954
767 9.49529744363
768 9.06229338366
769 8.93266373488
770 9.14050061682
771 9.51884925001
772 8.4966483745
773 8.23465516941
774 8.09554752636
775 7.83163695764
776 7.96499429363
777 8.05703733634
778 7.98889784819
779 8.1258643328
780 7.69833559545
781 8.01359744403
782 8.28307078963
783 8.01583976535
784 7.80992430093
785 7.79152018834
786 8.39883222903
787 8.52194685922
788 8.46706202529
789 8.66122402199
790 9.00985007552
791 8.9904856061
792 8.75375880913
793 8.99008577852
794 8.9258627547
795 9.12504368629
796 9.51867382731
797 9.51358536834
798 9.23302866149
799 8.93735014703
800 9.21845959002
801 8.93911850774
802 8.50676739887
803 8.51243147414
804 8.98575518843
805 9.11049478723
806 9.1650860862
807 9.21907649284
808 8.71419025701
809 8.89752821747
810 9.06413901393
811 8.98394759818
812 9.19596861202
813 8.77067293259
814 8.76083936568
815 8.76408715167
816 8.53584271182
817 8.67910696386
818 8.88630525185
819 9.43468172726
820 8.91115407906
821 9.02359796597
822 8.81935212716
823 8.97435738481
824 8.8063544582
825 8.9306095203
826 8.40845560427
827 8.30371502635
828 8.77874115053
829 8.36437814443
830 8.6351564814
831 8.2926898512
832 8.5261982188
833 8.48848246335
834 8.49596805885
835 8.1872460822
836 8.18730154971
837 8.87462150883
838 8.88169396676
839 8.88780100235
840 8.74884189462
841 8.48429779096
842 8.38985799111
843 8.55853182339
844 8.90958984654
845 9.34361114483
846 8.95654641087
847 9.24040500611
848 8.71442726219
849 8.7786237532
850 9.11286026684
851 8.99304642634
852 8.90980367367
853 9.16433940496
854 9.3757383241
855 9.29594138211
856 9.5062024325
857 9.41718806687
858 9.25909170516
859 9.52496340469
860 9.72853572499
861 10.1867723709
862 9.94720249635
863 10.4093252837
864 10.5448312926
865 10.5217348927
866 10.3907457399
867 10.3267395538
868 10.3844627015
869 10.7556808771
870 10.7929623813
871 10.2267258993
872 10.7794953321
873 10.6887670671
874 10.8119944592
875 10.8059399129
876 10.6515583744
877 10.7427205628
878 10.6531217341
879 10.3804628348
880 10.075087521
881 10.6628485956
882 10.5871021054
883 10.3244894398
884 10.1579391544
885 10.2083529545
886 10.452778605
887 10.5415399665
888 10.6634638652
889 10.5689581613
890 10.7261293637
891 10.507695229
892 10.5711753664
893 10.3317281099
894 10.7503123487
895 10.593506883
896 10.8931633148
897 9.98782656393
898 10.1915520402
899 10.0607202828
900 10.0359877976
901 9.90823555758
902 9.87233754245
903 9.84488872569
904 9.96117649234
905 10.0055887818
906 10.2482553094
907 10.185528151
908 9.77194450148
909 9.76356922919
910 9.7310856968
911 10.1749510552
912 10.8797820882
913 9.96614646946
914 10.415366932
915 10.3951754136
916 10.2343709228
917 10.4617870663
918 10.3979214542
919 10.6133129974
920 10.7758510614
921 11.0228577723
922 10.448328204
923 11.0681296804
924 10.8818117841
925 11.2617733534
926 11.1767792038
927 11.6726829576
928 11.9094832105
929 11.8154456624
930 11.5586324346
931 11.8584374913
932 11.8614605794
933 11.7753113899
934 11.4476544679
935 11.6778972947
936 11.546321178
937 11.7523628611
938 12.0928738459
939 11.7866802267
940 11.3799940791
941 12.0941061457
942 11.9626304977
943 12.1795006096
944 11.3371666467
945 11.6608308502
946 11.4149693009
947 11.3504196274
948 11.5409097
949 12.0111033301
950 12.3417604404
951 12.0654130853
952 11.8402478339
953 11.7941502562
954 11.6730047592
955 12.2014600265
956 12.0178200161
957 12.3108107123
958 12.5429587803
959 12.0036929432
960 11.8374440597
961 12.1221121523
962 11.3490380625
963 11.1251531003
964 10.6402214727
965 11.0057536155
966 11.0031128111
967 10.8241494359
968 10.7145022887
969 10.8951775154
970 10.825340735
971 10.8101226696
972 10.6730553138
973 11.046790206
974 10.2900473709
975 10.3911150783
976 10.8635847091
977 10.9078884041
978 11.2978716613
979 11.2844709123
980 11.0095671526
981 10.6730424981
982 11.0412773637
983 10.8446333797
984 10.9517617306
985 10.9764340897
986 10.8514689265
987 10.3831567007
988 10.8599018009
989 10.3729834763
990 10.4512575603
991 10.0560679884
992 10.1253240514
993 9.93137904229
994 9.84620967914
995 9.90457564728
996 10.2527924298
997 10.5677453304
998 10.3677431811
999 10.2917525976
