0 0.0
1 0.274787623126
2 0.0755502151567
3 0.00502512403811
4 0.225983029828
5 0.541565834857
6 0.405957350126
7 0.350570212061
8 0.688647153819
9 0.839048728204
10 0.575891356983
11 0.749110147329
12 0.682833767423
13 0.678428330697
14 0.584874765136
15 0.533483533424
16 0.644280977427
17 0.611513075527
18 0.536774672637
19 0.868509096532
20 0.455870427523
21 1.02719702803
22 0.539012240832
23 0.379335631066
24 0.662626181899
25 0.536131927714
26 0.586922964861
27 0.47359163077
28 0.670266913371
29 0.626869588832
30 0.529688802499
31 0.58324989767
32 0.701514627113
33 0.744126363336
34 0.793351110291
35 0.946065040044
36 1.15975055918
37 0.876292046062
38 0.484509568801
39 0.65131965276
40 0.704623724663
41 0.660390274757
42 0.465236710554
43 0.420013201211
44 0.43855617562
45 0.486666999215
46 0.44484588018
47 0.486682211688
48 0.791635354632
49 0.623347021403
50 0.594269922902
51 0.939588443309
52 1.15519251045
53 0.695761150639
54 1.04887320748
55 1.04269357123
56 0.737605504992
57 0.852528580294
58 0.594962126255
59 0.746133796621
60 0.842535750231
61 0.603885234892
62 0.895380741591
63 1.02139698242
64 1.01424273974
65 0.912515253226
66 1.00509516314
67 1.13774018554
68 0.893855409921
69 1.21104686394
70 0.94015934474
71 0.904014355265
72 1.07831080061
73 1.03492964681
74 1.03149732363
75 0.852483649241
76 0.745359904982
77 1.04845551273
78 0.755817337067
79 1.06957890955
80 0.868918881031
81 0.577385516847
82 0.586954142229
83 0.59581931032
84 0.573339551496
85 0.579446157304
86 0.805121176225
87 0.527822087314
88 0.715068778204
89 0.555559644097
90 0.607500384997
91 0.642421961726
92 0.762003024978
93 0.773945549596
94 0.636801941131
95 0.520196344088
96 0.785547049838
97 0.723382580687
98 0.979844004791
99 0.501827868162
100 0.469695785108
101 0.898204119926
102 0.773027361265
103 0.897904539172
104 0.821329718936
105 0.842496393333
106 0.625816164375
107 0.398340996421
108 0.946096361686
109 0.757107599295
110 0.692016304932
111 1.00689128537
112 0.89777926262
113 0.590801312178
114 0.591829501691
115 0.843465313647
116 0.946030547933
117 1.12248371097
118 1.11418967585
119 0.916112224287
120 0.918409435396
121 0.727723832105
122 1.22031154579
123 0.710762671582
124 0.757059896565
125 1.00669294011
126 0.852778045094
127 0.637850926623
128 1.11503662684
129 1.10802918266
130 0.580127843262
131 0.771696273778
132 0.737722396862
133 0.904493299705
134 0.936021449104
135 0.762971489775
136 0.957868356825
137 0.668587443147
138 0.482620025636
139 0.759597724293
140 0.772390913443
141 0.718352138877
142 0.671395604284
143 0.621205483166
144 0.79667826679
145 0.680658588302
146 0.926997205235
147 0.94065837767
148 0.61324443415
149 0.820103894248
150 0.480299725153
151 0.774695771861
152 0.677419980628
153 0.905703480146
154 1.09578350881
155 0.931161722773
156 0.914069242574
157 0.989746968672
158 0.951717681602
159 0.952242457342
160 0.799202849417
161 0.824960166071
162 0.942517333913
163 0.680259497189
164 0.764589558535
165 0.936031796067
166 0.807783860768
167 0.805681500046
168 0.840888386656
169 0.90150188103
170 0.713538685245
171 0.928277942199
172 0.893186939865
173 0.923994870117
174 0.686808413389
175 0.915445768538
176 0.698535381845
177 0.954263958298
178 0.81045376655
179 0.72168881449
180 0.979517196702
181 0.893927536607
182 0.895926142779
183 0.676845373241
184 1.01802314903
185 0.709464028512
186 0.782319779386
187 1.07221460031
188 1.23267748127
189 0.815461187942
190 1.02586997896
191 0.81968444721
192 0.659087229599
193 0.603706299299
194 0.846311732435
195 0.939316544276
196 0.810724306693
197 1.14267811073
198 0.628283685249
199 0.968412860168
200 0.700228331462
201 0.7633295038
202 0.716617676339
203 0.729412957065
204 0.734271950594
205 0.899465406562
206 0.834088127358
207 1.21057282862
208 0.886883130866
209 0.884550364378
210 1.09432485061
211 0.71784982474
212 1.29780783951
213 1.0800308648
214 1.25642589989
215 1.0557267209
216 1.02099157609
217 1.02139676819
218 0.929683003533
219 0.738528867202
220 0.95507196044
221 1.09313756699
222 0.95951967021
223 0.886376101179
224 1.04395046458
225 1.02065646206
226 1.12969029112
227 1.02532969144
228 1.10129228344
229 0.934361045974
230 0.770064698397
231 1.25295790052
232 0.91601222286
233 0.779442334049
234 0.807413276508
235 0.881614884459
236 0.931168731936
237 0.887142418551
238 1.01326979624
239 0.567293934652
240 1.08764857553
241 0.921884911038
242 0.990332210956
243 1.07786501007
244 0.990943893874
245 0.837703917537
246 0.877303886492
247 0.74236844653
248 0.894704576937
249 0.922290741369
250 0.995695427206
251 1.09300508223
252 0.820548820128
253 0.871618137833
254 0.836784706841
255 0.776320550362
256 1.03250094044
257 1.16857629319
258 1.03191567215
259 0.892052535184
260 1.1042264528
261 1.23110932118
262 0.914433347626
263 0.988464902945
264 1.23605162711
265 1.35623407165
266 1.33343336684
267 1.46223739795
268 1.48463569237
269 0.992781719085
270 1.04577413158
271 1.29877642434
272 1.22852776262
273 1.04429429671
274 1.18494898395
275 1.27146802964
276 1.17609214768
277 1.54471980878
278 1.2085498537
279 1.263852203
280 0.969587588229
281 1.17625958686
282 1.26030624539
283 0.918614875979
284 1.33870156654
285 1.1990827285
286 1.4619655034
287 1.11198272528
288 0.962424878725
289 1.08188965173
290 0.905919906062
291 0.888826493292
292 1.46893541987
293 1.43167353686
294 1.33890595532
295 1.4662967233
296 1.72140647662
297 1.29496254559
298 1.48739232116
299 1.79334933219
300 1.47819389398
301 1.75197562174
302 1.50218749552
303 1.4004882799
304 1.70131087204
305 1.82656982743
306 1.74668665181
307 1.8703063879
308 1.81804770583
309 1.37669867229
310 1.37141762076
311 1.56396956874
312 1.358403228
313 1.31240563757
314 1.45150992555
315 1.75434750542
316 1.38030885944
317 1.75742142982
318 1.58078266637
319 1.44279677309
320 1.78645590315
321 1.62394513303
322 1.68054146557
323 1.86332475624
324 1.6925424069
325 2.06509750022
326 1.89669727383
327 1.69225509746
328 1.6921293857
329 2.15760719865
330 1.61914010144
331 1.66053035702
332 1.76108197206
333 1.78495561382
334 2.3110280903
335 1.9990861388
336 2.2096561784
337 2.22728614165
338 2.17443179715
339 2.17145687923
340 1.96269383913
341 2.02319423379
342 2.17692369246
343 2.43357551179
344 1.84758893948
345 2.09508509774
346 1.99102413586
347 2.23987979955
348 2.31838004883
349 2.35349105571
350 2.54563689629
351 2.62044121569
352 2.81807339935
353 2.52010602848
354 2.5170416547
355 2.63515040593
356 2.89215107156
357 2.47448885701
358 2.50178541619
359 2.47849717655
360 2.58274391247
361 2.42955214228
362 2.59961064233
363 2.88651779395
364 3.16745955434
365 2.77208325205
366 2.48552062447
367 3.02051879222
368 2.8131226352
369 2.68781597029
370 2.35859418254
371 2.37044458776
372 2.39614152574
373 2.5093566578
374 2.29632289287
375 2.36722425909
376 2.49241941418
377 2.27082341378
378 2.59948965642
379 2.66126487284
380 2.43940869978
381 2.35325663759
382 2.84795683277
383 3.14688381267
384 3.21155970841
385 3.13893656007
386 3.26590977337
387 3.22875018721
388 2.96756561948
389 2.58793434329
390 2.94206992222
391 2.67400973313
392 2.93738759515
393 2.91356306706
394 3.20642495433
395 2.92601834423
396 2.97685224177
397 3.03193614666
398 2.80644675957
399 3.08598881247
400 2.97519209994
401 3.11083178779
402 3.1390264942
403 3.43058651543
404 3.28877781678
405 3.42401301495
406 3.01608271092
407 2.60397327582
408 2.96014506604
409 2.99118289327
410 2.76268997065
411 2.87996990324
412 3.16606194847
413 2.91290807516
414 2.91969559915
415 2.95286895831
416 2.65617420866
417 2.61467100318
418 2.75337733057
419 2.20945346174
420 2.46394644096
421 2.53748830481
422 2.50752260326
423 2.15912435374
424 2.53416574273
425 2.73267731605
426 2.50275737046
427 2.90048913863
428 2.58249555102
429 2.85353146061
430 3.07850156604
431 3.08132731799
432 3.4779977896
433 3.4345151748
434 3.13218331368
435 3.12947768754
436 3.41415833416
437 3.15378312639
438 3.33999146626
439 3.00746700235
440 3.17722410844
441 3.32378407778
442 3.30409182177
443 3.30951233109
444 3.14244021489
445 3.25036578541
446 3.3273119508
447 3.43873517326
448 3.30052887977
449 3.39079389659
450 3.02448827104
451 3.4531077069
452 3.5320057659
453 3.0772613213
454 2.91878576667
455 3.06143575671
456 3.14471559296
457 3.15864096011
458 2.70744991181
459 3.00057289492
460 2.72435697856
461 3.51030484485
462 3.65150534259
463 3.59141327983
464 3.5536874173
465 4.01954373176
466 4.25227530075
467 4.09065671525
468 4.14561443645
469 4.37398315519
470 4.46486538361
471 4.40193840382
472 4.28452165445
473 3.83990452942
474 4.22749899511
475 4.78059387052
476 4.50054482286
477 4.35264675346
478 4.11556147021
479 4.18802502058
480 4.2850387555
481 4.48061778506
482 4.22494032153
483 4.1417360542
484 4.70562969244
485 4.27816142559
486 4.55120083382
487 4.67697731958
488 4.21019790385
489 4.12280485244
490 4.79284329431
491 4.86475887859
492 4.9698911516
493 4.57060914315
494 4.71744399655
495 4.42767971115
496 5.00563982313
497 4.52584291347
498 4.28698756386
499 4.06134673983
500 4.49583941351
501 4.27210933359
502 4.20443530715
503 4.55899268089
504 4.74427027182
505 4.47421877658
506 4.60998274139
507 4.53858009439
508 4.61367921476
509 4.79482892644
510 4.37722645888
511 4.24722858086
512 4.09224130303
513 4.31054498176
514 4.1554177168
515 4.08456095125
516 3.54690081776
517 3.64331571334
518 3.88961735236
519 3.96677722695
520 3.84410542769
521 3.94977781453
522 3.70725433719
523 3.92003596855
524 3.96321455386
525 4.57064174182
526 4.4568543236
527 4.3476237746
528 3.88571788477
529 4.02442363879
530 4.22764383734
531 3.81846381604
532 3.78871905142
533 3.72864296708
534 4.05971351817
535 3.62829278783
536 3.9289910455
537 4.02384192092
538 4.29792508915
539 3.90058000779
540 4.255494096
541 4.80007879022
542 4.72841668214
543 4.90149905862
544 5.16905431975
545 5.5598930654
546 5.35373724422
547 5.01022233589
548 5.04111000663
549 5.18874099629
550 5.39568100652
551 5.16953366546
552 5.12405127936
553 5.18848636982
554 4.91043095083
555 4.65383303104
556 5.42050109972
557 4.65630627943
558 4.733063058
559 5.07459771221
560 5.23936997933
561 5.60879224237
562 5.60581094157
563 5.25814219357
564 5.30019848894
565 5.39037896633
566 5.59590705606
567 5.77714801388
568 5.55773949708
569 5.13223084576
570 5.12257257924
571 4.76419809501
572 4.5842266086
573 4.72555962647
574 4.84961159111
575 4.7121060629
576 5.04110958917
577 5.18460565442
578 5.04008360165
579 4.80109738141
580 4.85426746893
581 4.93211267287
582 5.37737668247
583 5.64243318814
584 5.22547970056
585 5.24583958022
586 5.37136182527
587 5.34334074117
588 5.36821647234
589 5.66639182915
590 5.4158035162
591 5.13935315186
592 5.2351065606
593 5.44941008655
594 5.82675129291
595 5.61560347283
596 5.63686871132
597 5.49325580758
598 5.88067474852
599 5.80323170467
600 5.41784815091
601 5.36647185877
602 5.32090426409
603 4.77694723743
604 4.74569530253
605 4.79102545879
606 5.14464759407
607 5.2165320103
608 5.16768343998
609 4.92667132725
610 5.09233218468
611 4.91767020934
612 5.19551962941
613 4.82100177098
614 5.59627757793
615 6.30443739206
616 6.65376074453
617 6.85371453004
618 6.95074308887
619 6.96611332268
620 7.141012769
621 7.39978095808
622 8.40761624787
623 9.07533886727
624 8.75172661222
625 8.52571180085
626 9.17180849987
627 9.18412810032
628 9.24022174728
629 8.93336905605
630 9.26866090744
631 9.59862857259
632 9.13808366935
633 8.78523643622
634 9.10154337083
635 8.92362565469
636 9.18243039981
637 8.74046677625
638 9.10061849883
639 9.03740960291
640 9.71002226446
641 9.50505682998
642 9.81005709676
643 10.2261755132
644 10.4734879465
645 10.2072944581
646 10.5189257524
647 10.6674193655
648 10.3840197378
649 10.3747101846
650 9.8526092984
651 9.6371825752
652 9.77845875185
653 10.8892482637
654 10.9642190264
655 11.2629266046
656 11.1600581244
657 11.1040044521
658 11.4034712192
659 11.3684451785
660 10.867726129
661 9.75245219597
662 9.8000130757
663 9.68290913304
664 9.67560141828
665 9.33932370552
666 9.38027653783
667 9.08372658322
668 8.20196028015
669 8.21786906566
670 7.13407428928
671 7.25728145127
672 7.27409107171
673 6.69387555985
674 6.89284026582
675 7.18599186189
676 7.87197684815
677 7.62386773436
678 7.248433475
679 7.20239662579
680 6.85959683601
681 6.31090465376
682 6.57089332972
683 7.01903551413
684 7.08800103263
685 7.5259953741
686 7.52592324662
687 7.46306669907
688 8.0152658803
689 7.71504827691
690 7.30971609581
691 7.41160605493
692 7.23258792052
693 7.43414920824
694 7.27179427525
695 7.01820784228
696 8.06847020093
697 7.46983575046
698 7.37433177032
699 7.51674670246
700 7.05209742979
701 6.12508948898
702 6.23212715571
703 5.71419807402
704 6.45600676603
705 7.61885203557
706 7.23697116218
707 7.10885920061
708 6.7691408803
709 6.68445052395
710 6.24686572156
711 6.71860376819
712 6.49629011854
713 5.50329692573
714 7.12975205924
715 6.59139332328
716 6.16875314194
717 6.28008590786
718 5.7626439363
719 5.81945409361
720 6.00453481951
721 5.63256159056
722 5.16182135875
723 5.44269436735
724 6.05347864673
725 6.19540420785
726 7.02039637103
727 6.5336360563
728 6.35159502914
729 6.05495931848
730 6.51434343633
731 5.8850936628
732 5.31106319741
733 5.65642077813
734 4.96371941872
735 4.84416604059
736 5.21781073236
737 6.00029204397
738 7.3829691984
739 6.64805700896
740 6.54199898956
741 6.84204696995
742 7.11770573984
743 6.22276981626
744 6.24653322417
745 5.74271876056
746 5.7435030517
747 5.55354694006
748 4.84753106984
749 5.35572848237
750 5.43671074876
751 5.12058786082
752 5.53183893681
753 4.93217792672
754 5.36603864995
755 5.78578926092
756 6.64513076955
757 7.27086995481
758 6.24304215983
759 6.09579218756
760 6.23806493969
761 6.3804774273
762 6.51358345895
763 6.11445031964
764 6.56793665088
765 6.87504034818
766 7.28412369315
767 6.81134753052
768 6.06723890716
769 5.94256273149
770 5.64848134312
771 5.19789440605
772 4.84882862787
773 4.70438611
774 4.53987965936
775 4.92249353853
776 5.39804362174
777 5.20213559361
778 5.19428369721
779 4.73423372016
780 5.13236399649
781 5.45533505725
782 7.38671051325
783 5.99835199109
784 7.49842879787
785 7.01383131009
786 6.79368889581
787 6.54924006157
788 6.24371129365
789 6.54770124878
790 6.35631522144
791 6.46540538666
792 7.05715098235
793 7.09411643699
794 7.40517814878
795 7.28489158115
796 7.34035294803
797 7.69411964912
798 7.84131054387
799 7.3100827834
800 7.86763694483
801 8.21793722915
802 7.82441599056
803 7.90998745316
804 7.82912435125
805 8.16141416912
806 8.32274946241
807 8.32499704951
808 7.99657578995
809 9.13875554589
810 8.70307265726
811 8.58310799601
812 8.12762931832
813 7.91266162796
814 7.83593334101
815 8.01410910439
816 8.25492467496
817 9.01892329527
818 9.52910672097
819 9.40707142054
820 9.23611073733
821 9.17489783726
822 8.02005627202
823 9.59803041629
824 9.1058595938
825 8.9016158594
826 8.87886679486
827 9.74193563621
828 9.56937872195
829 9.62690853241
830 9.8323849698
831 9.35989816121
832 8.62124270248
833 8.12621315481
834 8.86631077595
835 8.66551956732
836 8.81290101698
837 8.97419762304
838 9.3938273006
839 9.04065411341
840 9.15008889716
841 8.56522842475
842 8.84052982644
843 9.2822828283
844 8.94614556223
845 8.9859443323
846 9.78265173289
847 9.93488817754
848 10.4599310544
849 9.78016968678
850 9.53145194649
851 9.35722117905
852 9.80367795772
853 9.36603216556
854 9.12293706094
855 9.20384063734
856 9.24355813032
857 8.62382874087
858 8.95504870434
859 8.76567225162
860 8.28523374147
861 8.26692442266
862 8.31179832281
863 8.30336022114
864 7.86321136471
865 7.81396805109
866 8.26273421637
867 8.98472344052
868 8.96447019462
869 8.10727522244
870 8.29296031455
871 8.59852088249
872 8.80349924215
873 8.3920178548
874 10.9664841081
875 8.11007913105
876 7.85136718541
877 7.68439022857
878 8.01496201894
879 7.34626508316
880 6.8369345518
881 7.86394946772
882 10.904777802
883 8.31555588202
884 8.64210074438
885 10.5613017443
886 8.38763327
887 8.64318940487
888 8.96878287405
889 8.61026967849
890 8.33105796752
891 8.15677604422
892 9.87696514118
893 9.719595194
894 9.64164788478
895 10.0928128148
896 9.34856402558
897 10.1629117323
898 9.29371116402
899 8.74419909454
900 8.27741849964
901 8.2133325793
902 7.53707215441
903 7.89502223858
904 7.93213184692
905 8.31041852178
906 7.94830771999
907 8.24828915175
908 8.49149049661
909 8.50222875502
910 8.3454478257
911 8.04481073582
912 8.13554416863
913 7.7363522935
914 8.86267306605
915 9.22426856483
916 8.80743686119
917 8.93267106442
918 9.22883912708
919 8.81690965435
920 8.78848142823
921 9.56200254792
922 8.89245605988
923 9.11688321301
924 8.83134031414
925 8.04520077866
926 8.27568535771
927 8.22247976847
928 7.28590170001
929 7.68725218976
930 7.23337097977
931 7.43152339844
932 7.15458223071
933 7.39061822657
934 7.89753421836
935 7.91418878815
936 7.02998843038
937 7.58864330826
938 8.12528817562
939 7.80835625965
940 7.90021423533
941 7.55648927867
942 7.49062557606
943 8.01678673254
944 8.26626286201
945 8.86008110981
946 8.96375607141
947 9.5723716089
948 9.38030947357
949 9.86574718208
950 9.62030368608
951 9.86296700273
952 8.1699846076
953 10.4335493665
954 10.2274356366
955 10.5387170815
956 10.3380079213
957 10.1876682394
958 9.86165129979
959 10.7784581951
960 10.5047071338
961 10.5843526155
962 11.048495027
963 9.46609609558
964 9.0397541417
965 9.29521248111
966 9.12280546331
967 9.26110335464
968 11.9798744034
969 11.0722698774
970 11.1723524962
971 10.1166633899
972 10.147099341
973 9.99078947426
974 10.2750524514
975 10.5078871488
976 10.4779914602
977 9.99912018155
978 9.97666268542
979 10.6419679214
980 10.1092354047
981 10.2322324096
982 10.0833734208
983 9.59121897706
984 10.5477967838
985 10.9458895623
986 11.1272596222
987 10.80496361
988 11.0649022426
989 11.2499519629
990 11.2251379282
991 7.8026749226
992 8.04050698814
993 7.54841008351
994 7.72031026894
995 7.41556570862
996 7.2167273603
997 7.9666577081
998 8.21353601679
999 7.94590743385
