0 0.0
1 0.0493069699416
2 -0.140813646504
3 0.168877112583
4 0.122432046326
5 0.116151690559
6 0.101416462478
7 0.0558108413776
8 0.0982766886339
9 -0.158739406262
10 0.0536798407073
11 -0.0357489780941
12 -0.0600683607815
13 0.0320698824485
14 -0.175463705844
15 -0.178609269272
16 -0.463155473088
17 -0.284973566194
18 -0.302509442793
19 -0.0466833936747
20 -0.0773141693053
21 0.0062540977234
22 -0.168835046503
23 -0.297393899498
24 -0.221752923165
25 -0.367174533713
26 -0.097558042597
27 -0.29000853519
28 -0.195223862115
29 -0.261382374741
30 -0.398348465871
31 -0.148950558574
32 -0.0414002883017
33 -0.300099121259
34 -0.132492975548
35 -0.0761739627359
36 -0.213049396697
37 0.013907517224
38 -0.071801081383
39 0.0271802220948
40 -0.22392581788
41 0.0334699814634
42 -0.256063549969
43 -0.251624613135
44 0.0138884581485
45 -0.118146478326
46 -0.0728331039276
47 -0.0773797683144
48 -0.120511122879
49 -0.345387329119
50 -0.24143655751
51 -0.140463971464
52 -0.415202208181
53 -0.36970640363
54 -0.343621161094
55 -0.461199772175
56 -0.324118400492
57 -0.295382824034
58 -0.198436074716
59 -0.3464232044
60 -0.312794618569
61 -0.444078024981
62 -0.0316976907457
63 -0.128395542548
64 -0.00329110846202
65 -0.276446960211
66 -0.110532845098
67 -0.256047315716
68 -0.190792194594
69 0.0450526827109
70 -0.36501554858
71 -0.0152195203526
72 -0.10791239004
73 -0.0573030356719
74 -0.121491557879
75 -0.400656147077
76 0.0316435008667
77 -0.159485371019
78 -0.044102405753
79 0.0970110522534
80 0.398449930047
81 -0.0215665933609
82 0.18451110078
83 -0.0678437411238
84 -0.0900069616639
85 0.0815471457947
86 0.174566673284
87 -0.134481511686
88 -0.0305607372927
89 0.00762062419786
90 0.0856122386261
91 -0.0119838124937
92 0.0485653377234
93 -0.0227070246902
94 0.137803809572
95 -0.324864351703
96 0.0688470190752
97 0.0683957593923
98 0.043936194649
99 0.209226333411
100 -0.0348967299815
101 -0.104828125701
102 -0.191798179181
103 0.0658294932846
104 0.220356189531
105 -0.0452002018772
106 0.148297335359
107 0.374146699384
108 0.130454369399
109 -0.138847048664
110 -0.0205783005457
111 0.00359769281073
112 -0.115364521322
113 0.0277393474407
114 -0.0778731658407
115 0.0911643192259
116 -0.0635235087326
117 -0.120064323551
118 0.000380545166415
119 0.0899881343578
120 0.0668339402428
121 -0.0945495059341
122 -0.144790147546
123 0.427139912686
124 0.112002894876
125 0.0476474052263
126 0.0402733516757
127 0.190355205962
128 0.00217093658565
129 0.156794254091
130 0.168645835681
131 0.315992236225
132 -0.116336044069
133 0.0823379430639
134 -0.0463627861735
135 0.245489151542
136 0.0128574751699
137 0.0956451621263
138 0.19470684142
139 0.0198562907502
140 0.0976853326902
141 0.104847597032
142 0.464027668538
143 0.438838888579
144 0.420325922045
145 0.281555602943
146 0.167196953765
147 -0.0734218316929
148 0.434662599711
149 0.127499103163
150 0.0897034696644
151 -0.030986207599
152 0.413268598556
153 0.32923670243
154 0.516008503253
155 0.421660713912
156 0.401506716632
157 0.368803145974
158 0.525036609613
159 0.644432234524
160 0.373020342156
161 0.373829858757
162 0.390796127729
163 0.295298071805
164 0.222028898397
165 0.353642541657
166 0.414585442653
167 0.46132991574
168 0.0493992825062
169 0.323135928866
170 0.165206609858
171 0.0481385980747
172 0.230887825492
173 0.0837740367317
174 0.280671106956
175 0.116268486619
176 0.389940759097
177 0.0721129160971
178 0.496238995275
179 0.706809320625
180 0.467432199578
181 0.335091802686
182 0.170019493583
183 0.370162918515
184 0.357089166216
185 0.133682697329
186 0.153079157212
187 0.268104255099
188 -0.11221107673
189 0.095276232009
190 0.335233413011
191 0.499596174956
192 0.397918525011
193 -0.0629759825376
194 0.254339020107
195 0.518795837907
196 0.51379875553
197 0.283986318536
198 0.400069755848
199 0.313495808461
200 0.122857543175
201 -0.0626221608471
202 0.243181609937
203 0.585215656697
204 0.550285871645
205 0.441935198231
206 0.768124712532
207 0.779299114826
208 0.516562824417
209 0.605727372129
210 0.476223108153
211 0.265959112496
212 0.250077349052
213 0.643604043049
214 0.825665848115
215 0.92343800108
216 0.657466317657
217 0.906356394743
218 0.685463588724
219 0.512152161391
220 0.589127756736
221 0.371620082167
222 0.985855871671
223 0.572427272965
224 0.392789996346
225 0.536840972302
226 0.575788789687
227 0.95690123838
228 0.712586715744
229 1.11937796042
230 0.320787321589
231 0.719038284841
232 0.433754355908
233 0.450908077683
234 0.463458335625
235 0.477549450609
236 0.481314884736
237 0.59039625514
238 0.622443036329
239 0.498752105093
240 0.672334943681
241 0.736769325646
242 0.823840252565
243 0.491694187215
244 0.647069237287
245 0.533107533401
246 0.918391684602
247 0.638824538556
248 0.882010541009
249 0.897786133185
250 0.754736113923
251 0.818586391745
252 0.954876590961
253 0.578377669761
254 0.522356155834
255 0.444847262497
256 0.265856462975
257 0.556793484859
258 0.518433938963
259 0.348801088309
260 0.680262336588
261 0.547680137102
262 0.694136108455
263 0.720790002151
264 0.823068220108
265 0.590409480995
266 0.936753921384
267 0.749718221449
268 0.877131063462
269 0.761229478881
270 0.636578600257
271 0.763578345288
272 0.65309651759
273 0.831795627358
274 0.796942642003
275 0.796635345239
276 1.05666957296
277 0.998540130725
278 1.0217084671
279 0.887920135116
280 1.24821781325
281 1.23861600057
282 0.876287814465
283 0.813941753843
284 0.748412084805
285 0.897515557037
286 1.08108797062
287 1.16552196816
288 0.87533923695
289 0.964984742253
290 0.745191081771
291 0.75656453632
292 0.351565175669
293 0.364797325202
294 0.788886033293
295 0.862549132611
296 0.802845188914
297 0.841175625846
298 0.932762600134
299 0.447518881406
300 0.661110741243
301 0.707130021702
302 0.80353543466
303 0.569910125014
304 0.80610767043
305 0.803406651418
306 0.607730854731
307 0.704717761432
308 0.379074933632
309 0.608937058929
310 0.640376820169
311 0.449897943291
312 0.854703413573
313 0.30265543523
314 0.723753221257
315 0.494954669945
316 0.746750747138
317 0.956453476344
318 0.98589004614
319 0.612831462147
320 1.05869285987
321 0.960629343348
322 1.25988859335
323 0.96522257961
324 1.04606449264
325 1.28964317327
326 1.17821936626
327 1.43477139935
328 1.62838688409
329 1.40425842049
330 1.57991608504
331 1.39798163669
332 1.54393651427
333 1.78634323507
334 1.82785837847
335 1.67565213831
336 1.5730291111
337 1.88906065595
338 1.61052806377
339 1.88283244717
340 1.80353181221
341 1.89079914237
342 1.6258398061
343 1.58584500669
344 1.78419364094
345 1.6445084362
346 1.73835211112
347 1.82666048155
348 1.92776468701
349 1.79967283696
350 1.73448825167
351 1.96981276389
352 1.87210990053
353 2.30858004015
354 1.91621558053
355 2.42147093696
356 2.55493428231
357 1.97192589507
358 2.05513755055
359 2.25504746757
360 2.19278474901
361 2.0399866136
362 2.0094051112
363 1.87738633368
364 2.04975558862
365 2.19813100462
366 2.33287681883
367 2.45674534789
368 2.02385466742
369 2.15064779235
370 2.4946036834
371 2.6191746379
372 2.57979686024
373 2.45858013336
374 2.19084384726
375 2.15856312061
376 2.46081331952
377 2.62436736669
378 2.59781360135
379 2.22736219772
380 2.13565993785
381 2.08414788566
382 2.22294538787
383 2.14472121526
384 2.22480495854
385 2.00978818695
386 2.06680674306
387 2.09881211956
388 1.90198458788
389 1.92657977158
390 1.93153288736
391 1.86031300943
392 1.88085803642
393 1.90728197171
394 1.71205697915
395 2.04392799697
396 1.75169620436
397 1.82571884723
398 1.73142640865
399 1.98235765159
400 2.28263632856
401 2.32881278628
402 2.25627241864
403 1.79427545835
404 2.04474433116
405 2.01123913166
406 1.78195840254
407 2.30308120929
408 2.23210022509
409 1.96509919876
410 2.38419204862
411 2.34254481704
412 2.35126001792
413 3.10895165402
414 2.13004466879
415 2.72775590129
416 2.00827813058
417 2.19249038049
418 2.41761971002
419 2.48360643597
420 2.81673983027
421 2.7624491373
422 2.71536837519
423 2.70957086458
424 2.29386574394
425 2.40451352996
426 2.61306427275
427 3.21600550981
428 3.24905416233
429 3.518197191
430 3.90293673562
431 4.17848918436
432 4.14088779115
433 3.98440514934
434 4.13566073417
435 3.82752173106
436 3.88757602453
437 3.70198423952
438 3.64392296691
439 3.70915028652
440 3.36079030799
441 2.952699611
442 2.94608114633
443 2.78232549675
444 2.8052089101
445 2.79808748833
446 2.68628790692
447 2.60564155252
448 3.36344030179
449 3.22935588998
450 3.53589415115
451 3.3760285324
452 3.34078455802
453 3.24809332947
454 3.83968346964
455 3.78263392254
456 3.98023692513
457 4.21806220622
458 4.41778247939
459 4.49797975163
460 4.3590110926
461 4.2555378852
462 3.9324689722
463 3.22793446767
464 3.2848426463
465 3.48283360558
466 3.07117744025
467 3.30699992277
468 3.03940423917
469 3.00732351388
470 3.17915013842
471 2.76099981774
472 3.52483637946
473 3.1669195625
474 3.2593150431
475 3.3697194943
476 3.32928030059
477 3.05865422761
478 3.26039266076
479 3.34104164212
480 3.1851958307
481 3.29477311454
482 3.16079898832
483 3.15847763186
484 2.98719925922
485 3.12476010578
486 2.90450336093
487 2.99220483242
488 2.83530033783
489 3.02477882547
490 3.02972768021
491 3.42972514274
492 3.3669227841
493 3.71084028634
494 3.64195728419
495 3.50200870706
496 3.39159231649
497 3.64124709324
498 3.49306060061
499 3.41824730955
500 3.26577223777
501 3.10965938911
502 2.99594821804
503 3.54034834691
504 3.30471480357
505 3.06983164881
506 2.77594129467
507 2.53133180239
508 2.60299968132
509 2.62558184292
510 2.34245966799
511 2.42936703695
512 2.36901567224
513 2.25564514236
514 1.96803966189
515 1.92438676989
516 2.03724285484
517 1.68258715007
518 1.65292928974
519 1.77593608192
520 1.81143417894
521 1.70836219773
522 1.60230615451
523 2.08458981481
524 2.31416516519
525 2.62421888213
526 2.50926849681
527 2.62436092488
528 2.78053142813
529 2.20007557745
530 2.14005291993
531 2.34094358326
532 2.57934561912
533 2.40275512456
534 2.4446568123
535 2.59569647408
536 2.57563009357
537 2.85983071132
538 2.96054789065
539 2.92188014913
540 3.31790396738
541 3.4262925362
542 3.40932187954
543 3.34415584429
544 3.73779345955
545 3.8087464364
546 3.9375042225
547 3.60266062285
548 3.80918986491
549 3.87928609271
550 3.71891208628
551 3.77651497652
552 3.71976726993
553 3.41235820975
554 2.96943653581
555 3.45349995012
556 3.46206885462
557 3.53854137095
558 4.02659018859
559 3.79377369825
560 3.93776031255
561 3.93186899199
562 3.65974624411
563 3.73840572091
564 3.88570853516
565 3.77111560386
566 3.73308557862
567 3.33677797026
568 3.1194464298
569 3.70496873869
570 3.55957673141
571 3.72043978249
572 3.70762496713
573 4.08585328573
574 4.21490675396
575 3.66368566456
576 4.24111739187
577 4.64562738806
578 4.42656506502
579 4.93900519804
580 5.25813042868
581 4.88597409314
582 4.62570291008
583 4.81599116118
584 5.01716498414
585 4.63216660351
586 4.16227613306
587 4.41813442465
588 4.12563177675
589 4.52636862423
590 4.88198982576
591 4.15075555295
592 4.45906516551
593 4.23020492734
594 4.18339185795
595 3.74839281808
596 3.34307287369
597 3.26922010504
598 3.69435890336
599 4.00899466256
600 4.00056352446
601 3.85888053142
602 3.73731424922
603 3.76291538675
604 3.56019335155
605 3.53576380268
606 3.95137570908
607 4.03661705198
608 3.64114160321
609 3.28461406146
610 3.36744693758
611 3.1283333395
612 3.04345520941
613 3.31104676431
614 2.76625384328
615 2.9361896654
616 2.72176303544
617 2.68563299204
618 2.92316818478
619 2.56764969872
620 2.85122831126
621 3.13582803256
622 3.08905563845
623 2.89244075234
624 3.22180636403
625 2.65100716719
626 2.76399994144
627 2.98636071214
628 2.92744249287
629 2.8062504836
630 2.53368392797
631 3.12395039899
632 2.98531743195
633 3.2581712113
634 3.04773530927
635 3.01461811665
636 3.21141669148
637 3.14721546721
638 3.23484156359
639 3.40730076597
640 3.47340638879
641 3.67067045861
642 3.89843769452
643 4.30471099415
644 3.97268032851
645 3.98095194943
646 3.89415441925
647 3.61697049166
648 3.52534538205
649 3.37995196217
650 3.60773660339
651 3.62366252549
652 3.88430247122
653 3.66128301262
654 3.6477390739
655 3.59875858421
656 3.9234550909
657 4.20786245798
658 3.53106955276
659 3.79860450172
660 3.67740565617
661 3.68737330844
662 3.77905428859
663 4.0341511673
664 3.93055763891
665 4.16096356227
666 4.2133316137
667 3.81594068843
668 3.80708417779
669 3.53101731627
670 3.33102096675
671 2.94284445334
672 2.88167000647
673 3.08136452073
674 2.88773280389
675 3.26586222279
676 3.46540957269
677 3.67124016288
678 3.64474055891
679 3.29681368733
680 3.08818461521
681 3.7116377006
682 3.9051562228
683 4.13299592423
684 3.69641050903
685 3.48540681627
686 3.36571481582
687 3.7436074592
688 3.85401506961
689 4.48383473127
690 3.87857272207
691 3.90867900971
692 3.5088195679
693 3.70835789818
694 3.68606586747
695 4.20223977088
696 4.27079918823
697 3.67489901597
698 3.65185919486
699 3.88458057354
700 3.5849891714
701 3.7113827836
702 3.85854345315
703 3.98333474151
704 3.48678033859
705 3.58011148529
706 3.79619807343
707 3.46769745782
708 3.54995141048
709 3.84520957822
710 3.19866866018
711 3.24661474157
712 2.71177922689
713 2.64032006426
714 2.70020716368
715 3.67959101678
716 3.30501560988
717 3.65283429877
718 3.89593515876
719 3.30236815761
720 3.64175446297
721 4.03304104686
722 4.27190499561
723 4.19695159946
724 4.32522112716
725 4.37157158574
726 4.07419821122
727 4.23882851781
728 3.91964153946
729 3.99960548909
730 4.48242589628
731 4.11082311295
732 4.19895619256
733 4.47467452173
734 4.57252249768
735 4.51645036118
736 4.16544117269
737 4.07419464435
738 4.61683847505
739 4.3599023638
740 4.29748814132
741 4.40070892651
742 4.12130830539
743 3.91499458068
744 4.63552824499
745 4.0535403076
746 4.2540234087
747 4.46542676262
748 4.30938619123
749 4.20631893007
750 4.12504861253
751 3.97724898198
752 4.45518918483
753 4.86945262948
754 4.93919511184
755 5.06921224842
756 4.72538888364
757 4.58201087734
758 4.41343751697
759 4.87548851822
760 4.29583542271
761 4.13446593413
762 4.15120987156
763 4.26570577606
764 4.06287635266
765 4.62394730962
766 4.29738401015
767 4.7543312165
768 4.40640540648
769 4.16985357718
770 4.08432274094
771 4.52509078044
772 4.07046520003
773 4.11996251906
774 4.04485610556
775 4.49620899217
776 4.37674735898
777 4.9172482315
778 4.80593986792
779 4.93358737664
780 4.72648077855
781 4.54173641936
782 4.63431699291
783 4.90311576945
784 5.14836784228
785 5.5422016207
786 5.40711008257
787 5.30142633792
788 5.54697758872
789 5.52408251402
790 5.48253020307
791 5.00643070867
792 5.25415759848
793 4.95711761873
794 4.82608379095
795 5.16586736867
796 5.28712009817
797 4.93126628766
798 4.77358986308
799 5.17172434095
800 5.08265561499
801 4.69668495109
802 5.27519357313
803 4.92474372339
804 4.55068079866
805 4.78431179889
806 5.47255998779
807 5.53066609071
808 5.31530328326
809 5.16662149012
810 5.46614705852
811 5.66274492124
812 5.39561218738
813 5.76255798861
814 5.65847023577
815 5.71426281124
816 5.89510928045
817 5.64140738509
818 5.48155009275
819 5.35844618408
820 5.46311750107
821 5.51736782813
822 5.58850643765
823 5.52277033217
824 5.61936021444
825 5.64242447943
826 5.3556923419
827 5.30429864855
828 4.61310329741
829 5.17460823179
830 5.23401650456
831 5.02221425165
832 5.02132450875
833 4.76894517576
834 5.23671043043
835 5.31409635436
836 5.34305215988
837 5.12136667471
838 5.13406469917
839 5.21571014182
840 4.72825724868
841 5.24075855879
842 5.41223099435
843 5.09713189088
844 5.13638309105
845 5.75114594032
846 5.62481668639
847 5.60715910411
848 5.17875854474
849 5.53325437404
850 5.39780575663
851 5.18178375933
852 5.12509797725
853 5.00113071524
854 4.90447335503
855 4.75851292694
856 4.47408205438
857 5.08142053429
858 5.26544851883
859 5.49405240664
860 4.81463241839
861 4.99822085842
862 4.93596792364
863 4.74825510811
864 5.20952720243
865 5.18452568546
866 5.51084587865
867 5.46848955982
868 5.35398022507
869 5.2991312654
870 5.38590437485
871 5.18875794454
872 5.41764602008
873 5.41251973444
874 5.05695312559
875 5.16261121434
876 5.32078523113
877 5.18952814305
878 5.70546752945
879 5.43760175361
880 5.6359006151
881 5.4522353934
882 5.1718078158
883 5.75154484794
884 6.27660586317
885 5.86340577033
886 5.85715008292
887 5.52184574125
888 5.96830754599
889 5.76200566211
890 5.81114025467
891 5.81218166421
892 5.78514061867
893 6.04737266746
894 6.25033790051
895 5.58251166729
896 5.59291432317
897 6.19916885342
898 6.14201683619
899 6.04743147454
900 5.82454388014
901 6.23148026258
902 6.20461455297
903 6.502340805
904 6.31594730918
905 5.711251391
906 6.07144112414
907 6.54346423635
908 6.60942130746
909 6.34652212405
910 6.35672262845
911 6.48118467994
912 6.27975119047
913 6.71876828456
914 7.49376366275
915 7.09916898292
916 6.80061413552
917 6.59942742256
918 6.74531547765
919 6.76449518307
920 7.26922486574
921 7.25232716233
922 6.894152646
923 7.28386187647
924 6.96784835571
925 7.06239844454
926 6.65259037192
927 6.66599157692
928 6.54356894877
929 6.50424586455
930 6.62392366424
931 6.72461137519
932 7.37924319834
933 6.61328550963
934 6.59410619625
935 6.79755704998
936 6.55716975828
937 6.303530002
938 6.50259361485
939 6.99822433093
940 7.33006649303
941 6.80222709296
942 7.04530040872
943 6.83849260886
944 6.66273268684
945 6.45434096981
946 6.5433667388
947 6.82308962347
948 6.82538745059
949 6.82309326274
950 6.41551615621
951 6.96784048838
952 7.06082273189
953 6.89037939999
954 6.64876080433
955 6.41119330664
956 6.28815905719
957 6.0030215305
958 6.22710084719
959 6.59003766968
960 6.67899782052
961 6.48082410392
962 5.91642816489
963 6.27896279268
964 5.84139342157
965 5.85217992365
966 5.90688516465
967 5.80060599353
968 5.68392642141
969 5.99445524523
970 5.92175712794
971 5.62529604233
972 5.6744571929
973 5.66491620069
974 5.65639377462
975 5.55906629014
976 6.00255771202
977 5.60157901908
978 5.78529766054
979 5.75957651297
980 5.77553511554
981 5.32331190109
982 5.83905904331
983 6.22493805057
984 6.38209227149
985 6.33960907275
986 6.18526870528
987 6.30025106186
988 5.87170861412
989 6.04401116143
990 5.90076517791
991 5.73498446912
992 5.64144530506
993 5.29385189779
994 5.19338348395
995 5.11977072425
996 4.68146733147
997 4.62867224389
998 5.17588852096
999 5.26794908526
