0 0.0
1 -0.038092827189
2 -0.021988305226
3 0.0830819175176
4 -0.474321479398
5 -0.0334728500129
6 -0.295983336884
7 -0.101281209203
8 -0.191919991986
9 -0.171981256875
10 -0.135125543465
11 -0.0606413915211
12 -0.0112015973968
13 -0.163247132729
14 -0.289682801971
15 -0.139104234096
16 0.103831862971
17 0.0732612118489
18 0.00443908763674
19 -0.0209768657116
20 -0.0534906385121
21 -0.128811461003
22 -0.0916632163726
23 -0.133241295557
24 0.349638795801
25 0.168906427687
26 0.184252743248
27 0.150365667367
28 0.114608912436
29 -0.137287527951
30 -0.0481573111736
31 0.203291013363
32 -0.0250404645057
33 0.170180989563
34 -0.0370590249197
35 0.310696940683
36 0.264260489266
37 0.0746832762573
38 0.0324360133957
39 -0.00289728900419
40 0.0103685959419
41 -0.0412542038424
42 -0.00173983127721
43 0.24070147288
44 0.233479931871
45 0.240918459304
46 0.207972729486
47 0.246171553704
48 0.17980787609
49 0.363011778388
50 0.0232405229923
51 0.244504392742
52 0.420591462282
53 -0.00282670639466
54 0.458385203368
55 0.290824444936
56 0.106897536536
57 0.307942742201
58 0.357810940613
59 0.149632142597
60 0.212423299814
61 0.163241020159
62 0.541032669839
63 0.245301059176
64 0.310214059943
65 0.496448032952
66 0.310570630404
67 0.267995583412
68 0.149085826079
69 0.340585398932
70 0.274415136948
71 0.326840565827
72 0.248912846202
73 0.139962247292
74 0.147875335561
75 0.206858265131
76 0.374647268866
77 0.350392941867
78 0.293798601674
79 0.170808951073
80 0.30337088498
81 -0.170190636484
82 0.222346222175
83 0.237590141979
84 0.219067645609
85 0.4304061402
86 0.25403666276
87 0.0936470289186
88 0.0900995937766
89 0.406879982284
90 0.379380416918
91 0.593193465726
92 0.446015609994
93 0.345897245358
94 0.243696661633
95 0.345951846935
96 0.431736864591
97 0.545762268995
98 0.555248740813
99 0.577605941364
100 0.5737574964
101 0.501943120738
102 0.183054106375
103 0.496358269778
104 0.293809885826
105 0.477649599354
106 0.522037355186
107 0.46064104527
108 0.178567274635
109 0.431843189312
110 0.310710786448
111 0.170712006368
112 0.12020631013
113 0.307352840988
114 0.334186884318
115 0.167540426437
116 0.373825930847
117 0.293783884582
118 0.135316004647
119 0.115503638674
120 0.246550932556
121 0.12845660443
122 0.186060868148
123 -0.0512286635326
124 0.12592608152
125 0.0292844162347
126 0.38911037727
127 0.194425813808
128 0.208921000039
129 -0.0374921958176
130 0.0695720672554
131 0.241908720019
132 0.112781852135
133 -0.0547306293454
134 0.17149895674
135 0.306891596974
136 0.0886192484881
137 0.133097344544
138 0.0413029110936
139 -0.0235267895718
140 0.120373648386
141 -0.0559058085608
142 0.0879122478112
143 0.0321352011293
144 0.221034650859
145 -0.0185171517292
146 0.145376635269
147 0.355628246738
148 0.015326738392
149 0.15630791211
150 0.39642979636
151 0.234535378237
152 -0.214593445619
153 -0.0657119037813
154 -0.0211779045903
155 0.134149480692
156 -0.0021566971298
157 0.108164978078
158 0.0558501122644
159 -0.183367126646
160 -0.096162785931
161 -0.165127981553
162 0.161329378962
163 -0.047063203235
164 -0.00587220234727
165 -0.031817825427
166 -0.0533730719742
167 -0.21400037024
168 0.232650364906
169 0.177711335174
170 -0.00901903454295
171 0.164282500951
172 0.74245602822
173 0.614344623054
174 0.114851628289
175 -0.0912342520108
176 0.135498684456
177 0.0892817319238
178 0.382820622527
179 0.355253269774
180 0.170685340197
181 0.125669976493
182 0.251053667396
183 0.324107129263
184 0.0969487869055
185 -0.0119742196284
186 0.381483425935
187 0.067326407669
188 0.0312536836558
189 0.0528176508266
190 0.104731709348
191 0.347482386227
192 0.316374896289
193 0.22999635872
194 0.133812251623
195 0.302568714403
196 0.130685135363
197 0.321676864686
198 0.407072869967
199 0.509777339893
200 0.472172498667
201 0.36996170435
202 -0.1063983674
203 0.469528111843
204 0.434990707579
205 0.447670990084
206 0.147457010725
207 0.540144765333
208 0.567795236355
209 0.440008171956
210 0.312603793163
211 0.377450071533
212 0.225979114952
213 -0.0158680770699
214 -0.029897130045
215 0.263131187228
216 0.097139966825
217 0.00412241316729
218 0.163514709009
219 0.28952950733
220 0.0852118020452
221 0.113820944745
222 -0.0280000716686
223 0.0508106634401
224 0.0598728549131
225 0.0556698353803
226 0.00534936562969
227 -0.125346443931
228 -0.303648106557
229 -0.105744079601
230 0.00742291904867
231 0.1826842523
232 0.0160688586721
233 -0.0668315430469
234 0.420837068544
235 0.165804915214
236 0.205822628005
237 0.444943460285
238 0.388822014742
239 0.563681175322
240 0.186336161846
241 0.345202961264
242 0.423403474198
243 0.197836833582
244 0.288681127865
245 0.0884044023046
246 -0.086839414512
247 0.100157949455
248 0.258489042453
249 0.389885556173
250 0.819025546076
251 1.16704048743
252 0.825359924161
253 0.845932843383
254 0.862369301111
255 0.664797491945
256 0.673384635364
257 0.844780563331
258 0.913766794517
259 1.01539895526
260 1.11910174974
261 0.900444041028
262 1.15505281729
263 1.2644751817
264 0.973972992974
265 0.926807256203
266 1.00772844456
267 1.01712645131
268 0.752654786335
269 0.771334656459
270 0.771034423847
271 0.783997230135
272 0.824346111592
273 0.975330792639
274 0.836419974611
275 1.0616636261
276 1.26065657769
277 1.68847842677
278 1.68189733001
279 1.30055040632
280 1.27059073105
281 1.37627476202
282 1.57373553785
283 1.14362612139
284 1.07886131545
285 1.22843140842
286 1.20366777901
287 1.05637354603
288 1.22395358192
289 1.33448652139
290 1.46678069129
291 1.42821383794
292 1.50045763111
293 1.42634863272
294 1.58984085139
295 1.32858762972
296 1.8574303957
297 1.52838736752
298 1.29428469453
299 1.59473922794
300 1.70083607254
301 1.75933005065
302 1.50327167972
303 1.74526385783
304 1.46539361415
305 1.96386423746
306 1.55879481417
307 1.48356178108
308 1.94238727734
309 1.78091198706
310 1.75023640529
311 1.77887759014
312 1.57762052368
313 1.70495859429
314 1.75057672077
315 1.76218826024
316 1.74239823127
317 1.59599358691
318 1.84222650824
319 1.38800229906
320 1.60397640418
321 1.68174370227
322 1.61739486238
323 1.84612672915
324 1.80373251245
325 1.3999043617
326 1.41001911636
327 2.00327560021
328 1.8847781345
329 2.30070929838
330 2.10594420619
331 1.71710144121
332 2.45157525186
333 2.44296173775
334 2.04835969541
335 2.26239860707
336 2.26767866656
337 2.11081921828
338 2.12885366099
339 1.85764108874
340 2.08742450163
341 1.73322641475
342 1.70703654876
343 1.97830911071
344 1.58719074666
345 1.81145708854
346 1.37872268421
347 1.6259360297
348 2.12078897906
349 1.93782579151
350 2.27849118626
351 1.64738667005
352 1.834953917
353 2.17765699933
354 2.02575559239
355 2.2403634067
356 1.91723923857
357 1.98584644047
358 1.70720563536
359 2.27620119476
360 1.82907869122
361 2.05807286783
362 1.82976148885
363 2.15043580175
364 2.25860054143
365 1.80890908822
366 2.19712352282
367 2.24727937562
368 1.85181255016
369 1.53285064917
370 1.82860528485
371 1.67555095487
372 1.79606711426
373 2.04741367893
374 1.94366465487
375 2.2586348037
376 2.06694082263
377 2.33201888412
378 2.30908303584
379 2.52611868456
380 2.32190218715
381 2.71035295327
382 2.29292662602
383 2.52274385128
384 2.64408868108
385 2.56972652596
386 2.391870654
387 2.72922139026
388 2.86289169877
389 2.5526823484
390 2.62572440034
391 2.50834269675
392 2.53168215172
393 2.38031086364
394 2.76017194253
395 2.02133021255
396 2.19818851384
397 2.39389689611
398 2.40529867668
399 2.922890424
400 3.06294405666
401 2.6907575511
402 2.48085551247
403 2.43901045193
404 2.4353287604
405 1.92319707057
406 1.94047885215
407 2.1434304835
408 2.00219270597
409 2.33621659305
410 3.01283614178
411 3.08108758944
412 2.74259502687
413 2.79363192761
414 2.92726887244
415 2.62088084111
416 2.49834855264
417 2.35144334179
418 2.53795858734
419 2.67108379851
420 2.83625770163
421 2.80957904092
422 3.11671125404
423 3.02122334813
424 3.21138902629
425 3.07207322434
426 2.81319648359
427 2.38340368878
428 2.70981963636
429 2.36859668148
430 2.68639297531
431 2.88434645783
432 2.66032294166
433 2.6039301898
434 2.84129467031
435 3.46263635411
436 3.37240755801
437 3.15343339264
438 3.28195565959
439 3.43705520375
440 3.3647425465
441 3.68953820126
442 3.52070840009
443 3.98726225899
444 3.63101808969
445 3.63464843624
446 3.95739497273
447 3.24607030597
448 3.40359471466
449 3.41800153935
450 3.80709020497
451 3.78255833809
452 3.86703553546
453 3.63717733279
454 3.96612892713
455 3.3176505702
456 3.56779308634
457 3.38931377116
458 3.44962519688
459 3.69960732774
460 3.56067714238
461 3.50190003751
462 3.781482885
463 3.23532292063
464 3.03799145061
465 3.51434411662
466 3.74282077883
467 3.08770071493
468 3.21234327434
469 3.62573489538
470 3.64802636346
471 3.31294019264
472 3.48751049143
473 2.82583245583
474 3.12565720209
475 3.12629101156
476 3.20228585424
477 3.46604969983
478 3.30995903847
479 3.61791780206
480 3.53297322523
481 3.95046938831
482 3.95261649618
483 4.13190710462
484 4.55100151179
485 4.09983122592
486 3.88903208622
487 4.1915412292
488 4.01194116393
489 4.29199496727
490 4.15618460236
491 4.41433417433
492 4.89328620795
493 5.1867879352
494 5.07375176698
495 5.05425752621
496 5.24438923933
497 4.82386585298
498 5.32551736923
499 5.13709583222
500 4.97295331218
501 5.2359767162
502 4.96590349769
503 4.90911292519
504 5.10362364181
505 4.6412801848
506 5.02022651738
507 4.59368141391
508 4.48491753194
509 4.51761356
510 4.31827082519
511 4.63944020747
512 4.90378497772
513 4.68467676102
514 4.73147373211
515 4.66199300619
516 4.68072467662
517 4.66678077591
518 4.37229609528
519 4.86341644904
520 4.72238011986
521 4.90989517701
522 4.77459991552
523 4.50639836257
524 4.41715106591
525 4.76380988539
526 4.7520838475
527 4.73934970952
528 4.82490297831
529 4.76232547359
530 4.69195719035
531 4.6045218409
532 4.66199628353
533 5.03456251893
534 5.08491780846
535 4.14815444985
536 4.69036354104
537 4.27521016381
538 4.42033588189
539 4.73026623617
540 4.86828259455
541 4.44318483995
542 4.62238460975
543 4.74004872136
544 4.45769108431
545 4.47428999269
546 4.17791743374
547 4.63389100343
548 4.34916839357
549 4.20945706459
550 4.33609650767
551 4.20422858017
552 4.35164351319
553 4.53997707296
554 4.45802277502
555 4.69980617915
556 4.85921116737
557 4.41625341673
558 4.20155661135
559 4.76960360159
560 4.76574075576
561 4.59833454736
562 4.49644688536
563 4.75629497881
564 4.81679802858
565 4.56442688402
566 4.09242856986
567 4.2807053991
568 4.25684983421
569 4.72797967627
570 4.3244115299
571 3.99362731743
572 4.13216753545
573 4.36905751967
574 3.95795578596
575 4.37509410867
576 4.12389396537
577 4.39303708758
578 4.42098082352
579 4.43618684316
580 4.24049723995
581 3.99918996582
582 3.66432016445
583 4.61830218165
584 4.68638122511
585 4.64925846102
586 4.61607896526
587 4.7953677223
588 4.84387820435
589 5.08591898153
590 5.37258369124
591 5.06600542738
592 4.91007746248
593 5.4502429985
594 5.67641136713
595 6.19108184511
596 5.86708656723
597 6.33576763605
598 6.2243266004
599 6.33651675996
600 6.71054143759
601 6.79849734314
602 6.35959504139
603 6.25286253909
604 5.84462293334
605 5.71105400564
606 5.17081463392
607 5.32896047444
608 5.00952303996
609 5.24206142827
610 5.14230360255
611 6.42029550307
612 6.06221518135
613 6.14112057284
614 6.52605515234
615 6.10981590431
616 5.99585640336
617 5.8155177528
618 5.70822689632
619 5.49340721667
620 5.19923658374
621 4.71727677192
622 5.52096531181
623 5.5687050087
624 5.34162172237
625 5.51860423579
626 5.81785946761
627 6.07284432434
628 5.99503843729
629 6.43465846226
630 6.4855287516
631 6.4798456194
632 6.23037274797
633 6.33698318569
634 6.41437502546
635 6.26326272243
636 6.52192001805
637 6.59915288062
638 6.90823386049
639 6.53254787086
640 6.73147338708
641 6.59018660772
642 6.14921388414
643 6.57066833341
644 6.29611974151
645 6.49673599411
646 6.24076733302
647 6.66415490101
648 6.29880341037
649 6.53600384321
650 6.03348090529
651 5.97314092198
652 6.21689262686
653 6.43168839879
654 6.80682161138
655 6.59556936751
656 6.488783862
657 6.40130280292
658 6.22000976643
659 6.61763157617
660 6.84749928753
661 7.0179621049
662 7.10056526092
663 7.40574427826
664 7.41385086283
665 7.55548534457
666 7.91822830907
667 7.65328439605
668 7.7047366886
669 7.35083837594
670 7.41530485204
671 7.13090017985
672 7.03521862345
673 7.0253044065
674 7.08824351663
675 7.19613318137
676 7.24723068775
677 6.79912329587
678 7.16865862892
679 7.55594451545
680 7.79714535089
681 7.00820696519
682 6.91843313171
683 7.15342092597
684 7.40664981961
685 7.86991096797
686 7.47646514221
687 7.69475003031
688 7.43842201804
689 6.86538774273
690 7.04080030909
691 7.04458801132
692 6.96771044301
693 7.59869482839
694 7.06423753819
695 7.15977874879
696 7.08326720625
697 7.48660043306
698 7.31098456789
699 6.71880189985
700 6.75828549003
701 7.0517184092
702 6.85825604822
703 6.77708897461
704 7.08558620094
705 6.91277008062
706 6.6506893914
707 7.0338716879
708 6.43818788961
709 6.60273597621
710 6.61113647109
711 7.04442572746
712 6.90603755998
713 6.29067190215
714 6.42356320564
715 6.01382676108
716 5.6545224189
717 5.68404020158
718 5.98026370539
719 5.76900519172
720 6.67564442489
721 6.24528802226
722 6.68440272119
723 6.82974837748
724 6.96473066146
725 7.08118571547
726 7.09974203962
727 6.7470364409
728 6.6285285687
729 6.42447763957
730 6.26547177339
731 5.75935679805
732 5.96059022404
733 6.08609116224
734 6.19890698939
735 6.25072295645
736 6.74566190315
737 6.28744518652
738 6.06927929661
739 5.9844645971
740 5.70966994869
741 6.06051559423
742 5.92922373488
743 5.92441242233
744 6.15146494249
745 6.30858926639
746 6.52720585877
747 6.41638792373
748 6.83094003913
749 6.97337901334
750 6.62433941575
751 7.16924682732
752 6.89153752056
753 6.59214791492
754 6.88884966441
755 6.81542061948
756 6.83316764354
757 6.75387840634
758 6.42092309184
759 6.54734884319
760 6.15508196367
761 6.93599337288
762 6.73852275915
763 6.71614224077
764 6.30022674969
765 6.69456639812
766 6.89106482834
767 6.70597612104
768 6.73281852998
769 6.61980420126
770 6.74873809391
771 6.72126777835
772 7.02293112631
773 6.83244195189
774 7.05018850998
775 7.40490006961
776 7.28573639962
777 7.02870354487
778 7.05628181094
779 6.84203956238
780 6.76814714969
781 6.45276289033
782 6.96109463906
783 7.72665953727
784 7.67893387606
785 7.53771137909
786 7.80979617502
787 7.68849407651
788 7.61492001076
789 7.62764643798
790 7.82408408085
791 7.644682543
792 7.90137046971
793 8.06360401956
794 8.25304428351
795 8.17540050698
796 8.18091644772
797 8.01158363516
798 7.75389510219
799 7.89914939339
800 7.98259554978
801 8.07161085718
802 8.09763842628
803 8.31640690497
804 8.57269484933
805 8.18556825745
806 8.42248163164
807 8.88883850982
808 9.22374219378
809 9.21468226257
810 9.34544546643
811 9.66833647144
812 9.63533913069
813 8.94603478195
814 8.89167481928
815 9.81330128048
816 9.9615939561
817 10.1462389622
818 10.1766913002
819 9.40116018888
820 9.00592677137
821 8.92273735522
822 8.78491883596
823 8.6807438242
824 9.08360014206
825 9.33675135678
826 9.97362724526
827 9.89875010643
828 9.51095890611
829 9.35280431072
830 9.21298594682
831 9.64234640391
832 9.62873177209
833 9.38037624479
834 9.42175947103
835 9.77538382404
836 9.8179905608
837 9.66439371722
838 9.49912943374
839 9.75030851452
840 10.3779040242
841 10.0461820912
842 9.72917544053
843 10.0315365888
844 10.1348175053
845 10.66176988
846 10.4368152958
847 10.4698642536
848 10.556578308
849 10.8155440747
850 10.7239768305
851 10.6451006845
852 9.91475052906
853 9.99000801468
854 10.1600571393
855 10.3500907751
856 10.32550528
857 10.7497965355
858 10.5687897643
859 10.6481248018
860 10.2394777025
861 10.3394380243
862 10.5434791031
863 10.2816269533
864 10.6665750753
865 10.320295259
866 10.0115847583
867 10.2357631491
868 10.223211266
869 10.523958564
870 9.96676656378
871 10.1186959002
872 10.3368121655
873 9.94153962665
874 10.1253811908
875 10.1118919152
876 10.2673650789
877 10.1579371138
878 10.2012580661
879 10.035309077
880 10.5783669328
881 9.70445983735
882 10.2497651095
883 10.0121759849
884 10.0699953243
885 10.2929714876
886 10.2972483222
887 10.8048452023
888 11.2101015159
889 11.313648296
890 11.361375815
891 11.464615927
892 11.3973429153
893 10.999893117
894 11.3911053931
895 11.4160271872
896 11.5039987756
897 11.441445008
898 11.5762318479
899 11.7568226224
900 11.9721328377
901 11.7246362979
902 11.4726150217
903 11.7913994665
904 11.7351604647
905 11.8410784454
906 12.5312653178
907 12.4144582172
908 12.6608533361
909 13.3221095948
910 13.1933597549
911 12.7215251126
912 12.8114935668
913 13.1315518039
914 13.1701946567
915 12.7515293146
916 12.6232449264
917 11.9793076027
918 11.9184352581
919 12.0876073973
920 11.6849611342
921 11.8415986661
922 11.9210619457
923 11.4466025997
924 11.3844930578
925 11.2578938683
926 10.9205121255
927 11.7391999325
928 11.621501984
929 10.9687018748
930 10.8490384041
931 10.3484359944
932 10.6437641974
933 10.6535688104
934 10.89369956
935 10.5898308533
936 11.0160904373
937 11.0963222153
938 11.3752294417
939 10.8094818557
940 11.1341431913
941 10.77550157
942 11.0026774397
943 11.1259489793
944 11.2002546264
945 11.7324243356
946 11.5517508909
947 11.3754419952
948 11.6302080195
949 11.7527627526
950 11.6177999068
951 11.5378967884
952 11.6040847853
953 12.0862548544
954 11.9638437082
955 12.1703989173
956 12.0780986723
957 12.7154961883
958 12.8454273477
959 12.6333217819
960 11.9967757602
961 12.2408426613
962 12.0880860567
963 12.4100225184
964 12.9670579555
965 13.7008825931
966 13.0494702365
967 13.1829558395
968 12.3227068613
969 12.2940460503
970 12.2985001591
971 12.7836350733
972 12.8531390763
973 12.4331634325
974 11.7431283534
975 11.3216111701
976 11.5348786601
977 12.1828167306
978 11.9226744307
979 11.6697347616
980 11.4896878977
981 11.6930734474
982 11.9038050137
983 11.5387547671
984 11.4041237535
985 11.5546029777
986 11.8539456618
987 12.3111724798
988 12.2069246699
989 12.6588695634
990 12.5145114525
991 12.0386423277
992 11.2365945806
993 11.4274960033
994 11.4021179706
995 11.3940433671
996 11.8331053117
997 12.2429459591
998 12.565546009
999 12.7319123392
