0 0.0
1 0.123497528805
2 0.221462966281
3 0.0868525125097
4 0.0547999990598
5 0.270716666656
6 0.00958956906559
7 0.0244557204693
8 0.320078820603
9 0.367271527649
10 0.242743226035
11 -0.0800414602874
12 0.21577115246
13 -0.252427296487
14 0.286472867846
15 0.260921669365
16 0.372956513081
17 0.00883231904367
18 0.142464096153
19 0.0710712168494
20 0.0553562284763
21 0.230888765059
22 0.0105087221452
23 -0.0931423765681
24 0.0399039713542
25 -0.0545295695529
26 -0.118577078273
27 -0.0374051743915
28 -0.0648725421343
29 0.0376671918445
30 0.20398440105
31 0.113029046953
32 0.0482901510856
33 0.0390336291716
34 0.349862880251
35 0.279149576554
36 0.0414700823177
37 0.0274113658199
38 0.129064406825
39 0.323795561894
40 0.181696070588
41 0.640073596531
42 0.082174882913
43 0.152008428102
44 0.30961232058
45 0.17828373425
46 0.290831065637
47 0.404347690707
48 0.305944648415
49 0.373110285082
50 0.2338164998
51 0.200499982363
52 -0.0873229743796
53 0.0279302842615
54 0.321259307522
55 0.368764737609
56 0.00737323445731
57 0.314556169065
58 0.130546304663
59 0.00623064229383
60 0.176179330552
61 0.325734159995
62 0.408529829516
63 0.322165648642
64 0.118831903549
65 0.201481014001
66 0.288462748986
67 0.377431109524
68 0.13454727811
69 0.0886251164489
70 0.217353066364
71 0.015678162034
72 0.0653818186778
73 0.153820776218
74 0.302465516129
75 0.182260046945
76 0.188414925433
77 0.0871084421278
78 0.417339095828
79 0.388584068309
80 0.453340584333
81 0.126115210373
82 0.0983961515897
83 0.22471569072
84 0.292646744286
85 0.322748167006
86 0.375990938172
87 0.270723778049
88 0.242414480909
89 0.563904286641
90 0.252862994438
91 0.233816162139
92 0.21564014425
93 0.637610629613
94 0.198685691477
95 0.273082168221
96 0.385649916209
97 -0.0154046901306
98 0.185937727942
99 0.442523042798
100 0.0469381840798
101 0.215303052818
102 0.528698748659
103 0.500676319818
104 0.3465795445
105 0.58736342359
106 0.917944199639
107 0.532157640362
108 0.381453769889
109 0.891259889515
110 0.537140225245
111 0.705653140925
112 0.575187822163
113 0.467136555997
114 0.639950151566
115 0.387620063018
116 0.602235737468
117 0.270692713421
118 0.469334110748
119 0.310761751471
120 0.0549354287991
121 0.0883549657113
122 0.307666367901
123 -0.0251817375972
124 0.310628952155
125 0.117089790252
126 0.371381120391
127 0.194238148011
128 0.512937224352
129 0.358792989972
130 0.379831698025
131 0.363117927251
132 0.421737850827
133 0.219022876724
134 0.201874989681
135 0.431415372674
136 0.368897897229
137 0.253464362279
138 0.151777220849
139 0.230457720199
140 0.26019110001
141 0.245809618154
142 0.493556613299
143 0.412326975018
144 0.158864436618
145 0.183415505182
146 0.123276831343
147 -0.0630599149432
148 0.303837922184
149 0.148938122141
150 0.3266641773
151 0.153200653598
152 0.294320165609
153 0.280070945915
154 0.42226501836
155 0.43963558197
156 0.338200312692
157 0.584294752408
158 0.401322339103
159 0.566712254051
160 0.295730712069
161 0.541445363794
162 0.162233407832
163 0.369895401055
164 0.211006178222
165 0.412026241692
166 0.729140333669
167 0.722768081101
168 0.438585677427
169 0.430305309178
170 0.402728512502
171 0.226370099558
172 0.554403320313
173 0.334272446217
174 0.159576700823
175 0.382109500628
176 0.0471969160727
177 0.381578455887
178 0.415352667069
179 0.323356370741
180 0.42866763742
181 0.497058122087
182 0.489173871651
183 0.524627176589
184 0.552948176029
185 0.58488092872
186 0.757104337091
187 0.493217457744
188 0.661397140275
189 0.70827778436
190 0.649326090534
191 0.484035042994
192 0.600376710531
193 0.555136355124
194 0.373555049049
195 0.302664730346
196 0.822004100066
197 0.40781585839
198 0.472089026674
199 0.750298105505
200 0.833318600289
201 1.00889250656
202 0.474272197713
203 0.649889026822
204 0.56797419387
205 0.84831623193
206 0.759762828091
207 0.753055970262
208 0.716288470672
209 0.82967285086
210 0.791040669524
211 0.704396117077
212 0.595795102291
213 0.343841326658
214 0.489969174145
215 0.582475813186
216 0.583635357485
217 0.576790311624
218 0.720505575651
219 0.972832576762
220 0.975202516646
221 0.70447277288
222 0.88392141406
223 0.957686498502
224 0.724751475563
225 0.962908075021
226 0.777662535358
227 0.731054652645
228 0.528983516022
229 0.741043235789
230 0.827198509596
231 0.581399377888
232 0.556014480397
233 1.0701287488
234 0.914054515459
235 0.625816695089
236 0.616733382494
237 0.562767637588
238 0.613852145947
239 0.940894621137
240 0.604126077303
241 0.753270805947
242 0.899644809005
243 1.05630124923
244 0.739815574447
245 0.660765777185
246 0.965549287117
247 0.564804420246
248 1.09477315323
249 0.895188427954
250 0.621184397776
251 0.859742013148
252 0.845681067491
253 0.652747048566
254 0.965301787552
255 0.899137989793
256 0.833623659644
257 1.02208214207
258 0.912406615447
259 0.94406218136
260 0.917135994047
261 1.11019234592
262 0.895568465965
263 1.37213677177
264 1.04456413384
265 0.935587833801
266 1.03947675753
267 0.99965807975
268 0.981107352004
269 0.941737944092
270 1.24309669064
271 1.23209067829
272 1.17406264343
273 1.39569437401
274 1.36403921021
275 1.48637219895
276 1.5142064343
277 1.39014083537
278 1.63705146005
279 1.31933118362
280 1.29010898434
281 1.25486753051
282 1.23232533577
283 1.35532793606
284 1.29702450297
285 1.39030017198
286 1.71618939746
287 1.50041630212
288 1.16890626012
289 1.05527717391
290 1.40201080942
291 1.22280398474
292 1.18444038178
293 1.03001300917
294 1.10956995093
295 1.16271887833
296 1.21739819718
297 0.983123734426
298 1.26375007897
299 0.837828322109
300 1.20943401608
301 0.855997545514
302 1.16304865964
303 1.2767763039
304 1.58006858913
305 1.7962932415
306 1.34180739902
307 1.40571996075
308 1.25416298145
309 1.20792860148
310 1.2050849533
311 1.56212005173
312 1.37690121633
313 1.89697620055
314 1.59085077382
315 1.85904444241
316 1.8128534516
317 1.52342543078
318 1.57842327888
319 2.2564451231
320 1.97530182835
321 1.78154866127
322 1.83012014327
323 2.02263470606
324 2.27871710649
325 2.24727566269
326 2.38857579195
327 2.37943247486
328 2.40536755751
329 2.58025754033
330 2.53020213302
331 2.79593876606
332 2.4062006835
333 2.10572443834
334 2.72119832914
335 2.61913147243
336 2.48203874751
337 2.72586826017
338 2.68812463822
339 2.44729165011
340 2.37588538653
341 2.32152206307
342 1.81115682731
343 2.27853490611
344 2.07278975816
345 2.2362124896
346 2.4229335369
347 2.68004626885
348 2.68072042714
349 2.58303764878
350 2.45372989228
351 2.94006506939
352 2.84764294796
353 2.51051810118
354 2.86169143023
355 3.11162946848
356 2.9191638291
357 3.04055988544
358 2.92293004909
359 3.11905960488
360 2.77993207291
361 2.83696102141
362 2.87837572191
363 3.23520652802
364 3.27505881796
365 2.83333735605
366 3.04251549471
367 2.93990217601
368 3.02288435017
369 3.04915341695
370 2.44211596595
371 2.61931483767
372 2.5193933158
373 2.43244990784
374 2.85989561945
375 2.83653031781
376 2.72849528681
377 2.86608320526
378 2.57337243321
379 2.83806997398
380 2.54532136375
381 2.44504197192
382 2.13033327354
383 2.24883731143
384 2.28154277381
385 2.05318369312
386 2.38394564458
387 2.56911527724
388 2.42440575819
389 2.53045905586
390 2.51949909534
391 2.42034833632
392 2.6192723326
393 2.58363265109
394 1.95110062838
395 2.4282767253
396 2.45190182971
397 2.11868202844
398 2.04415440208
399 1.80277161263
400 2.08829952591
401 1.74114683321
402 1.87731023365
403 1.69178885312
404 2.07473185314
405 1.91888226745
406 2.36216093446
407 2.28743678453
408 2.50203736244
409 2.15552567148
410 2.47998729864
411 2.36682765009
412 2.71641053285
413 2.49885700553
414 2.0086925196
415 2.50657208766
416 2.80927069734
417 2.47897910932
418 2.54174659307
419 2.81639391421
420 2.70301083519
421 3.24128277333
422 3.27600846821
423 3.25719554293
424 3.39986793907
425 2.80495961527
426 2.83801614708
427 2.97082202808
428 3.08805029615
429 3.09493132838
430 3.32043966727
431 3.08786024964
432 3.50950982739
433 3.45419625649
434 3.32129095939
435 3.00694370835
436 2.88595119797
437 2.62206079111
438 2.7678438662
439 2.60047434233
440 3.0781141669
441 2.97406391496
442 3.3292176728
443 3.28173496643
444 3.59964355521
445 3.28117561579
446 3.19846210513
447 3.29994910206
448 3.0012399802
449 2.82521191206
450 3.25345866583
451 3.04657673653
452 3.01102300028
453 2.84703846646
454 3.25683847897
455 2.69606554495
456 2.97661689464
457 3.06379014463
458 3.2061023793
459 2.89235511148
460 2.86594175807
461 2.93627037707
462 2.98320868485
463 3.30953512513
464 3.65875602626
465 3.17197728097
466 3.47198472857
467 3.48070772752
468 3.14506505846
469 3.02080419896
470 2.92693663536
471 3.32920654374
472 2.71490915001
473 2.81919950571
474 2.59653210215
475 2.95957349116
476 3.05984689166
477 3.35372514927
478 3.65016704665
479 3.50649252411
480 3.60926473092
481 3.68304299677
482 3.94697891297
483 3.47648753503
484 3.53759097149
485 3.43919330801
486 2.91182365292
487 2.47481389986
488 3.02008044222
489 2.94404278403
490 3.0459040772
491 2.94850074046
492 3.04678414953
493 3.01139199031
494 2.84118529715
495 2.86801142666
496 2.82674234198
497 3.14100187339
498 3.20123260264
499 3.12238128951
500 3.38484709456
501 3.98134023097
502 3.45179059634
503 3.51287474178
504 3.19750300093
505 3.53056697018
506 3.88181604031
507 4.17659165608
508 4.12851183969
509 4.37127700778
510 4.47220830767
511 4.51142343999
512 4.46653020046
513 4.66306402983
514 4.56181002913
515 4.41309570161
516 4.28219606596
517 4.40208923843
518 4.08369472341
519 3.91489075977
520 4.10644196094
521 3.82127070833
522 3.70597478163
523 3.56736042819
524 3.75798487906
525 3.69568750866
526 3.7159580103
527 4.02771970565
528 3.72949929569
529 3.49684748754
530 4.16734288721
531 4.45734645637
532 3.76939447214
533 3.70573545433
534 3.99287127239
535 3.70854722897
536 3.507703613
537 3.50721129537
538 3.87770122603
539 3.67165523909
540 3.9592633516
541 3.520476752
542 3.44193753593
543 3.18137889559
544 3.08252252193
545 3.65638169561
546 3.83810509164
547 3.71075587954
548 4.01149539954
549 3.88675304909
550 4.09763526201
551 3.90781989506
552 3.7925075467
553 3.32340230751
554 3.61028477844
555 3.44474043626
556 3.59125333266
557 3.95209133389
558 3.95991876597
559 3.68873372402
560 3.83337544244
561 3.804047822
562 3.6110172737
563 3.96584951575
564 3.92818406302
565 3.74018828464
566 3.75299688227
567 4.17709199673
568 3.76638126151
569 4.23621618384
570 4.15978887001
571 4.05224174749
572 3.94436825296
573 3.72111084444
574 4.04619097786
575 4.00546879175
576 3.52238466487
577 3.84507871771
578 4.01125979064
579 3.63454066237
580 3.86143536593
581 3.47943633919
582 3.21703248383
583 3.96142210882
584 3.99979213458
585 4.06784265151
586 3.77292905698
587 3.59923602165
588 4.13324822958
589 4.04246992804
590 4.0631252574
591 3.78936508659
592 3.77316142814
593 3.78544708463
594 4.23161701652
595 4.02721203117
596 3.9837127795
597 4.25743513834
598 4.19797834608
599 4.09291066873
600 4.31020338927
601 4.66056941155
602 4.70932934034
603 4.83699503177
604 4.86673503106
605 4.71042873047
606 4.71355701932
607 4.07082369604
608 4.15666633996
609 4.31199166661
610 4.15098173626
611 4.52650549242
612 4.30595807271
613 4.28334371454
614 4.42320927292
615 4.06867386411
616 4.34266697369
617 4.57192047391
618 4.49976722767
619 5.00201981666
620 4.86149883256
621 4.68710266523
622 4.83834288908
623 4.96816504912
624 4.71458648093
625 4.73274854642
626 4.64223937556
627 4.52643057011
628 4.72321387039
629 4.85208772837
630 5.06880141317
631 5.22856700873
632 5.39426215447
633 5.3659432494
634 5.56449630556
635 5.83462170029
636 5.80742365671
637 5.62143351842
638 5.81658140638
639 6.08732580273
640 6.23032707359
641 5.96705606548
642 6.07380185302
643 6.13780666348
644 5.94395409026
645 5.9319119338
646 6.03985319585
647 6.03559657934
648 5.78600161836
649 6.48409996981
650 5.67880029704
651 5.98654442937
652 6.19834902508
653 6.06248772953
654 6.46769207757
655 6.85902858526
656 6.48081156754
657 6.5537963266
658 6.81106260979
659 6.65062965838
660 6.41628854639
661 6.14468591526
662 6.0757526385
663 6.10142903838
664 5.76426178927
665 6.10015142473
666 5.60431787239
667 5.68438228078
668 5.50396273404
669 5.61159393124
670 5.72714530757
671 6.15742753026
672 5.68430625126
673 6.04084176206
674 6.68282596216
675 6.56410943947
676 7.06808718388
677 7.11182831455
678 7.60579258938
679 7.42765711597
680 7.88476756397
681 8.04171590388
682 8.23229810707
683 7.88141009891
684 8.43538078136
685 7.90083558224
686 8.04051557166
687 8.12663464604
688 8.3476915715
689 8.27557774687
690 8.08368306403
691 8.44052402295
692 8.11035150093
693 8.75298482967
694 8.55789201572
695 8.75456770195
696 9.16494125917
697 8.92688541848
698 9.05126488822
699 9.13940419941
700 8.71635896682
701 8.34705118943
702 8.56379780572
703 8.74702010156
704 8.28911094477
705 7.99092732605
706 8.18106265294
707 8.2598979702
708 8.3546470098
709 8.4978871298
710 8.6031435334
711 8.07305618426
712 8.5657111031
713 8.88343860669
714 8.51493137537
715 8.81260573867
716 9.25346558113
717 9.36712401304
718 9.7193923609
719 9.59562729137
720 9.57029101539
721 9.82293922439
722 9.99170770795
723 9.57357497117
724 9.97740038803
725 9.76613550381
726 9.98248290469
727 10.0715988971
728 9.77611262293
729 9.89959860537
730 10.106854547
731 10.3447531815
732 10.0046899463
733 10.1862427742
734 10.6365370055
735 10.5393365565
736 10.757400287
737 10.2440112886
738 10.3520508069
739 10.4478323529
740 10.3997743143
741 10.1583928675
742 10.3227084787
743 9.81405007212
744 10.0814163943
745 10.1769345435
746 9.82509108292
747 9.63882121091
748 10.1193382587
749 10.2702770552
750 10.0125454584
751 10.0335212766
752 9.69722456769
753 9.76678876182
754 9.49028326015
755 9.49939150001
756 9.73597560051
757 9.52059190058
758 9.66928084397
759 9.95191449336
760 10.0182071776
761 9.77541103791
762 9.83096740354
763 10.1062437785
764 10.4736525035
765 10.2811330098
766 9.71537655708
767 10.1325695941
768 9.9241383015
769 10.2823685689
770 10.3332270406
771 10.6077521411
772 10.3403676682
773 9.61168882416
774 9.7347309845
775 9.94900674331
776 9.97496526153
777 10.1826294306
778 10.0088850269
779 9.51188360029
780 9.51486086365
781 10.0047379075
782 9.88094245582
783 10.019687279
784 10.3132388491
785 10.1632158341
786 10.0396863233
787 9.61162608448
788 9.79865530868
789 9.7535297586
790 9.65840603796
791 9.95998151011
792 10.1106224424
793 10.0633694787
794 9.69133118783
795 9.67021171607
796 9.4324286573
797 9.60444169026
798 9.6224608987
799 10.0398192334
800 9.99261501208
801 9.23428738677
802 9.2518350072
803 9.30738783955
804 9.57410150155
805 9.59088350592
806 9.8352864912
807 10.2168552505
808 10.0634055693
809 10.1810616058
810 10.2459133207
811 10.2425891304
812 10.222725299
813 9.94028002022
814 9.80111718846
815 9.57857274472
816 9.49913330719
817 10.4210337758
818 10.0349413494
819 9.97145151597
820 10.0225198941
821 9.97661167869
822 10.0379249301
823 9.8180037301
824 9.81603312498
825 9.64346311599
826 9.94350576071
827 9.54264522151
828 9.84464469918
829 9.72626284108
830 9.97175846584
831 10.2955026357
832 10.222179589
833 10.1392086738
834 10.0131131938
835 10.3005176792
836 10.2240331854
837 10.2719816289
838 10.8752617978
839 11.11863028
840 10.8200670033
841 10.8258622396
842 10.840712823
843 10.4742638926
844 10.53766019
845 10.2475019024
846 10.4820960375
847 10.6248487441
848 10.4876604427
849 10.2802787072
850 10.1695528416
851 9.96266331786
852 10.328112097
853 10.4616728539
854 10.5141791204
855 10.3410224316
856 9.80135806318
857 10.3681564415
858 9.84680290333
859 10.0107375998
860 10.4561376263
861 10.1949426582
862 9.76984389878
863 9.51555092616
864 9.41201459116
865 9.46977802616
866 9.87895201176
867 9.4625465919
868 9.30559100066
869 9.8727581175
870 9.65180096263
871 9.81841953854
872 9.78549706172
873 9.49821249274
874 9.59456529543
875 9.16970621933
876 9.66241388259
877 9.89021371179
878 9.09044922591
879 9.19284613508
880 9.36640976463
881 8.82852387085
882 8.62061377427
883 8.40994475628
884 8.30210687069
885 8.44754288801
886 9.11838394595
887 9.33387030113
888 9.09032496615
889 8.93624386783
890 9.21143352556
891 8.99661152702
892 8.82372093304
893 9.24158526428
894 8.57119121943
895 8.66038947076
896 8.61521596625
897 8.58650199035
898 8.75615196414
899 9.02361616266
900 8.81560156045
901 8.48503304501
902 8.38278334596
903 8.08573513383
904 8.48104966537
905 8.78480687059
906 8.72972069407
907 9.15779349593
908 9.18407098119
909 8.90412380441
910 8.56547919272
911 8.687364496
912 8.31579182499
913 8.65538057579
914 8.49247853858
915 8.4842134919
916 8.93390514033
917 9.421925357
918 9.31937870195
919 9.2790609631
920 9.11450259656
921 9.11713425158
922 9.37514522624
923 9.44018043048
924 9.28871162262
925 9.76195208607
926 9.67241329421
927 9.35256964415
928 9.04229014654
929 9.21082141515
930 9.18144600152
931 9.27520806586
932 9.60392658615
933 9.18482337042
934 9.24763506305
935 8.90793928955
936 8.6043316617
937 9.23628142834
938 8.57364960019
939 8.38614265874
940 8.66815158716
941 8.97638140104
942 9.38530930216
943 8.81120084035
944 9.55925233827
945 9.73523502667
946 9.35445057337
947 9.47574005442
948 9.77313457013
949 9.5420798516
950 9.93880745421
951 9.62101346074
952 9.40026084138
953 9.47311734969
954 9.1681826235
955 9.43130332122
956 9.74980428461
957 9.55219043912
958 9.47790660957
959 9.30853968489
960 9.50127029289
961 9.39724091126
962 9.0261612941
963 9.23599376082
964 8.92662096357
965 8.81857410519
966 8.99417475147
967 8.41819240532
968 8.42683889619
969 8.50035193375
970 9.07271716876
971 9.18744633328
972 9.48020990436
973 8.96940072695
974 8.96256784183
975 8.51209935766
976 9.13765792626
977 9.30137118431
978 9.28963749464
979 9.01106660617
980 8.92956096253
981 8.7272471506
982 9.02148042967
983 8.86158970681
984 8.53846639603
985 8.41778693004
986 8.49222084188
987 8.60397971539
988 8.00093938819
989 8.14586208209
990 8.44062883474
991 8.80831020753
992 8.55437870457
993 8.44583649123
994 9.03235487327
995 8.31456160505
996 7.95871011184
997 8.26654360507
998 8.37974770228
999 8.45973650995
