0 0.0
1 -0.204248867738
2 -0.170339919961
3 -0.0652412895397
4 0.211208431035
5 0.0338435148889
6 0.130594613006
7 0.055683013898
8 0.242678098438
9 0.0941608096697
10 0.0130323466606
11 0.161350285799
12 0.278009156579
13 0.396337646674
14 0.13322679451
15 0.0596456130805
16 0.326957579654
17 0.180292169133
18 0.28074471767
19 0.23409780663
20 0.349613478045
21 0.0806637881919
22 0.253296338427
23 0.0862268383754
24 -0.115937500864
25 0.172652826812
26 0.139340576245
27 0.10154471853
28 0.316625911057
29 -0.0126178731999
30 0.0326528834617
31 0.174123422081
32 0.125000344572
33 0.327028400706
34 0.0976740617976
35 0.140975796107
36 0.132631644783
37 0.318455627293
38 -0.047941290274
39 -0.0300606637136
40 0.233283727285
41 0.168260431556
42 0.134591799283
43 0.0735429976341
44 0.102059353273
45 -0.131044857278
46 0.172764967922
47 0.0196117935507
48 0.0266416212865
49 0.0436505419258
50 -0.0781548027146
51 0.160156423062
52 -0.205617232618
53 0.0483659462214
54 -0.0586115912541
55 -0.128455521695
56 -0.291402634244
57 -0.249460935489
58 -0.0596361927015
59 -0.1678416339
60 0.0333771118658
61 -0.31836930365
62 -0.353504633917
63 -0.154037228738
64 -0.311582951912
65 0.013239753905
66 0.161862793321
67 -0.0643844561805
68 -0.128995054257
69 -0.0200954065582
70 -0.114547490583
71 -0.300554434069
72 0.0591066951516
73 -0.185153688635
74 -0.361164123438
75 0.0140779938697
76 -0.0127654423712
77 -0.0482189454606
78 0.0706141531278
79 -0.00355706788283
80 -0.292821629279
81 0.0361833422925
82 -0.268454236654
83 -0.0252002974913
84 -0.063634262974
85 -0.184602441316
86 -0.287701955498
87 -0.0450061988614
88 -0.195641786259
89 -0.128139106237
90 0.195336780836
91 0.0187658070418
92 0.509127070438
93 0.035575355482
94 0.0962468583378
95 0.0313712640273
96 0.0285050259207
97 -0.0364260790704
98 -0.139598771158
99 -0.0574580554886
100 0.0339048898582
101 -0.1120605788
102 -0.31099664354
103 -0.177618252892
104 -0.263548067308
105 -0.489159058185
106 -0.313807702499
107 -0.199007467022
108 -0.122388705763
109 0.0575569463085
110 -0.0735171161116
111 -0.251634099345
112 -0.411010036
113 -0.0353570463408
114 -0.145884977432
115 -0.202281504983
116 -0.154156555194
117 -0.0127580291775
118 0.0188961840628
119 0.0636608307856
120 -0.162626566262
121 -0.0597487241345
122 0.0040113678351
123 0.0360816045749
124 -0.219303500402
125 -0.22382168796
126 -0.515091841877
127 -0.0736324727606
128 -0.23442655389
129 -0.000654170944443
130 0.0126120207212
131 -0.171477687103
132 -0.0800142235507
133 -0.309178726374
134 -0.354907156537
135 -0.217929149864
136 -0.43273390354
137 -0.177637864515
138 -0.178001316144
139 0.0442194757946
140 -0.0627955010344
141 -0.119383219971
142 0.0457006041986
143 0.078278394791
144 0.00598078221907
145 -0.138758642729
146 -0.0552319465997
147 -0.0405189209976
148 0.17565705125
149 0.096631573743
150 0.434522203997
151 0.12634730376
152 0.0170355011481
153 0.111206994855
154 -0.00916650456968
155 -0.120925998395
156 0.259385104286
157 0.143341101928
158 0.195380925173
159 -0.132627021504
160 0.152684933706
161 0.223252526144
162 -0.23349228888
163 -0.0230652392418
164 -0.0213233782369
165 -0.102697418557
166 -0.319486384269
167 -0.0888397158646
168 -0.00105860120737
169 0.0412982416288
170 0.23157072892
171 0.180541147352
172 0.265801021662
173 -0.0183533883056
174 0.155170983496
175 -0.0389549990759
176 0.0448825865772
177 0.0831394065402
178 -0.131127231289
179 0.220738716817
180 0.378578910525
181 0.236910702386
182 0.12374643097
183 0.126159081777
184 0.0720813224902
185 0.383492231093
186 0.343291723644
187 0.357747015675
188 0.525097386587
189 0.566050574837
190 0.261535471338
191 0.51415100552
192 0.334581748673
193 0.536551523304
194 0.559130473314
195 0.381747190671
196 0.944223413299
197 0.459333243326
198 0.545426060924
199 0.619084129128
200 0.303267210741
201 0.330521328422
202 0.438098890299
203 0.544416146229
204 0.383845220781
205 0.415978050238
206 0.555899131103
207 0.650000083756
208 0.553212974804
209 0.592887004335
210 0.680227076099
211 0.461082657902
212 0.373635857059
213 0.385734254083
214 0.613204973824
215 0.208378055646
216 0.453888345558
217 0.199953974565
218 0.418015767959
219 0.355151759806
220 0.602365738508
221 0.404249610264
222 0.409344283609
223 0.357984805168
224 0.376575430909
225 0.460859682678
226 0.341889865866
227 0.616152955846
228 0.581463357805
229 0.425005184085
230 0.596512861854
231 0.665852539513
232 0.565368519998
233 0.432683074594
234 0.496763757995
235 0.615025248745
236 0.375416046484
237 0.638844119918
238 0.648849967243
239 0.719106987489
240 0.653835983143
241 0.384233357014
242 0.714544077214
243 0.742113238158
244 0.978460155937
245 0.529370161204
246 0.669755563812
247 0.692638327136
248 0.994378530129
249 0.5959820716
250 0.659806530468
251 0.665041921005
252 0.750984620002
253 0.477383248795
254 0.584557385446
255 0.651784043146
256 0.671622607245
257 0.859849412705
258 0.828091894557
259 0.502306772299
260 0.936454783774
261 0.631622343635
262 0.515495222737
263 0.733262245846
264 0.645511401952
265 0.668961335271
266 0.57568111798
267 0.926581230326
268 1.34596235925
269 0.797963497511
270 0.71523219209
271 1.09793940471
272 0.927454437024
273 1.1927315811
274 1.17779902828
275 1.02532149337
276 1.05654990827
277 0.77174696565
278 1.1081985896
279 0.967775706717
280 1.07451355097
281 0.878586133593
282 0.900640132149
283 1.06860463274
284 1.16905189526
285 1.28464934349
286 1.06550486869
287 1.03920970978
288 1.12561002429
289 0.883072529167
290 0.71874634985
291 0.81093662837
292 0.66201611603
293 0.592317930825
294 0.911396155034
295 1.14587023297
296 1.14822871894
297 0.963764098777
298 1.06831087623
299 0.734486622658
300 0.781588001335
301 0.700134037297
302 0.581699820209
303 0.709366793367
304 1.20973803737
305 1.68526360777
306 1.42427438593
307 1.48135343855
308 1.31765347623
309 1.37193345836
310 1.31044577018
311 1.34956391494
312 1.79015307514
313 1.84192144794
314 1.47721531838
315 1.5787655344
316 1.82411394416
317 1.59853730397
318 1.77599472288
319 1.63097971186
320 1.51564503586
321 2.01512183375
322 1.55074753513
323 1.83073421936
324 2.10090079344
325 1.93196605641
326 1.85354765667
327 1.90406208586
328 1.77416667577
329 1.72358486244
330 2.04820312334
331 2.61268465173
332 2.20233010502
333 2.1508906633
334 2.34382522822
335 2.52641176979
336 2.235960958
337 1.72345208782
338 1.67608048174
339 1.69711101961
340 2.30993248193
341 1.94175412393
342 1.77900856519
343 2.02558006168
344 2.61530314151
345 2.65724018544
346 2.38866808309
347 2.26638756538
348 2.64346890121
349 2.1310087921
350 2.4841308239
351 2.21088142612
352 2.3769869862
353 2.30639629395
354 2.37699169557
355 2.33503661247
356 2.24633366229
357 2.63338642798
358 2.42567574818
359 2.61073841903
360 2.80443099788
361 2.61039537843
362 2.59551674026
363 2.44902579661
364 2.94939846654
365 2.68929870467
366 2.48371275701
367 2.71389366822
368 2.78856305148
369 2.73927737142
370 2.63388761719
371 2.4643093407
372 2.61995729881
373 2.90823041374
374 2.42497319657
375 2.6117643276
376 2.63814017248
377 2.78351975072
378 3.01296013044
379 2.96438722946
380 3.23941683651
381 3.49309234134
382 2.95285164946
383 3.10522726357
384 2.88135505349
385 3.31979797274
386 3.04127194525
387 3.09161243779
388 3.36967363241
389 3.81248430555
390 3.52425955705
391 3.74352397976
392 3.60472622839
393 3.54855351877
394 3.8846713815
395 3.17326952042
396 3.26353751606
397 3.45200419723
398 3.23069152878
399 3.2624834367
400 3.03156993299
401 3.0979763089
402 3.37415711854
403 3.5956517107
404 3.61050445541
405 3.31099465383
406 3.53367381484
407 3.68257030725
408 3.71253976047
409 3.42699604938
410 3.66040482029
411 3.64984545254
412 3.41194020874
413 3.48150404547
414 3.54064101737
415 3.45951604045
416 3.24254294702
417 3.05705630552
418 3.41841338212
419 3.57744328772
420 3.84814111446
421 3.59965763155
422 3.73410310531
423 3.79010058881
424 3.62538665289
425 3.65666751395
426 3.84077945269
427 3.44318393576
428 2.95444610631
429 3.21692816237
430 3.63373912165
431 3.34892026611
432 3.76842555357
433 3.30831990487
434 3.40458582955
435 3.26740168613
436 3.073645762
437 3.12752420027
438 3.41161061316
439 3.46612531447
440 3.01149018139
441 3.78656081466
442 3.40639010474
443 3.20426639547
444 3.03185382401
445 2.93822552264
446 2.83734794998
447 2.98497970706
448 3.27324555999
449 2.88310428682
450 3.39836498039
451 3.06337429525
452 3.56152570614
453 3.6454238556
454 3.60241188341
455 3.41800706652
456 3.62367829157
457 3.60305104533
458 3.19125974004
459 3.33246657552
460 3.66390829313
461 4.28092900136
462 3.91567416507
463 3.30013865514
464 3.54034367383
465 3.70425513314
466 3.4758325207
467 3.55825576993
468 3.51728920239
469 4.03332147214
470 3.36382339948
471 3.50097171325
472 2.95884807047
473 2.58551097455
474 2.98174251443
475 2.7600501927
476 2.8978538936
477 3.05293002463
478 3.41135313945
479 3.30709225814
480 3.42663796063
481 3.29982191271
482 3.45362253836
483 3.39274795478
484 3.72585434291
485 3.63492449709
486 4.10558718018
487 3.48728156631
488 3.53922838267
489 3.81692713099
490 3.63324998966
491 3.83977676806
492 3.20806497077
493 3.37466535737
494 3.71411855545
495 4.05592555301
496 3.43160410241
497 3.50142825375
498 4.01701477957
499 3.33469902916
500 3.29050184302
501 3.39179829802
502 3.486762272
503 3.17150655012
504 3.09404790286
505 3.1950126395
506 3.10050840144
507 2.85991503658
508 3.49103561167
509 3.12870756908
510 3.51389127612
511 3.34980747428
512 3.25275774066
513 3.26869029442
514 4.15142442154
515 4.5081142252
516 4.18483317241
517 3.9620177313
518 3.89450905269
519 4.24345393047
520 3.9893506054
521 3.9999959161
522 3.45825332449
523 4.08541611479
524 3.8836601482
525 4.20747538532
526 4.17600168764
527 4.13754024342
528 3.68750651136
529 4.19471974373
530 4.03136432018
531 3.66198486786
532 3.59526425405
533 3.6870823109
534 3.85350407367
535 4.00526153349
536 4.13097692681
537 3.78665593742
538 3.76574870139
539 3.61968274546
540 3.30265972269
541 3.67460015823
542 3.69667379411
543 3.73415527148
544 3.6598693507
545 3.85332599029
546 4.22331179945
547 4.36902960637
548 4.04158079885
549 3.84532316398
550 3.72073637507
551 4.22823331699
552 4.46643206035
553 4.51313084577
554 4.48979759657
555 4.39554073956
556 4.30956087184
557 3.93524298251
558 4.59277619251
559 4.48953135562
560 4.75365857304
561 4.89434324203
562 4.59879447772
563 4.12039017919
564 4.13804804821
565 4.24745026301
566 4.70782985117
567 4.26859940737
568 4.15438808798
569 3.96103931733
570 3.51156879408
571 4.19135512642
572 4.29234610246
573 5.00047071007
574 5.17396133003
575 5.02101746424
576 5.19198654209
577 5.15621829564
578 5.32654698361
579 5.70871635484
580 5.43498190275
581 4.88758760891
582 4.55915908018
583 5.16466396213
584 4.800649053
585 4.74652960848
586 4.83607136078
587 4.72728706851
588 4.91567515671
589 4.52693709665
590 4.66468810369
591 5.33183801253
592 5.32597216681
593 5.23502980965
594 4.7698547529
595 4.3667064105
596 4.8589890659
597 4.74536277466
598 5.42069267204
599 5.38436885895
600 5.24990079106
601 5.36711194735
602 5.35441162129
603 5.41010111237
604 5.41188466493
605 5.15827747883
606 4.85812130191
607 4.66086388165
608 5.18985641267
609 5.22141675363
610 5.57024212854
611 5.4528765309
612 5.33428235568
613 4.85117031051
614 5.0262048996
615 4.75590666684
616 5.18102779488
617 5.46812023989
618 5.07249830146
619 5.10666008741
620 5.1366625959
621 4.77678825562
622 4.94348325753
623 5.01065802366
624 4.9402188192
625 5.01577487753
626 4.92220446978
627 4.69241207392
628 4.76445783219
629 4.71718208167
630 4.73287176437
631 4.90971484485
632 4.63203984843
633 4.67990105652
634 4.8994341521
635 4.67513199784
636 4.78597843413
637 4.90597123073
638 5.07429959668
639 5.28163006372
640 5.34487596622
641 5.27172946684
642 5.31887786322
643 5.500229216
644 5.48197444832
645 5.13904121688
646 5.40630579527
647 5.32700519885
648 5.12795336328
649 5.53491951616
650 5.61122033957
651 5.73572085745
652 6.07526493697
653 5.61068423763
654 5.59253743145
655 5.63598106441
656 5.34255015625
657 5.21067694624
658 4.93692093889
659 5.23779102812
660 4.79344703803
661 4.80192396888
662 4.63662608606
663 4.37246404878
664 3.8385746547
665 3.90006705946
666 4.49804477471
667 4.99843062886
668 5.33288203296
669 5.63679261684
670 5.12977359504
671 5.60010667138
672 5.764816364
673 5.63883984452
674 5.92661364152
675 6.42366107304
676 6.67384386952
677 6.36478064173
678 6.34177647671
679 6.33357581347
680 5.50503463026
681 5.06679908248
682 5.34292303924
683 5.63535061999
684 5.73378972562
685 5.035339694
686 5.04340171222
687 4.72876727121
688 4.7563157275
689 4.90095239076
690 4.97297974794
691 5.21099254086
692 5.09625734135
693 5.25471535516
694 5.45510400434
695 5.73208748536
696 5.72520861302
697 5.50927913067
698 5.05898697828
699 5.08569746346
700 4.9528323636
701 4.97959531131
702 5.36597508101
703 5.87216943653
704 6.27218879642
705 5.61765097095
706 6.14743030582
707 5.96367186633
708 6.10063646898
709 6.03376996727
710 6.14383995783
711 5.81661410097
712 6.0575280021
713 5.74378688621
714 5.91238541729
715 5.70961480879
716 5.82385359913
717 5.82187422263
718 6.02659621633
719 5.90521945819
720 6.3741721011
721 6.56160428472
722 6.2285863383
723 6.6154138969
724 6.88890424656
725 6.81517132949
726 6.95101272192
727 6.73386809368
728 6.04202278671
729 6.57579059566
730 6.95378591974
731 7.43360668296
732 6.82074587706
733 6.98549284786
734 6.66459521771
735 6.85763702619
736 7.08169313453
737 6.82735938056
738 6.8623600616
739 6.34109790295
740 6.29884463514
741 6.02647479125
742 6.29596715625
743 6.63560712005
744 6.66090072655
745 6.9257812884
746 6.72951016836
747 6.61754972134
748 6.60876390877
749 6.4722255685
750 6.62844747669
751 6.7945593881
752 7.06043338781
753 7.71555176252
754 7.78282205174
755 8.10138840311
756 8.06029264088
757 7.71969426028
758 7.40770843805
759 7.03537802108
760 6.68417070911
761 5.9251725598
762 6.16162250129
763 6.01593397441
764 6.3598598716
765 6.13093789987
766 6.30861590791
767 6.36830715641
768 6.50662948445
769 6.73799097583
770 6.27773776012
771 6.61438250285
772 6.04462366158
773 6.22910680893
774 6.07950290744
775 5.9048344432
776 5.99951407741
777 6.2398637214
778 6.64529673117
779 5.98018940298
780 5.97801032891
781 5.86689302303
782 5.92164719834
783 6.4687983946
784 5.97455450206
785 6.01548781312
786 5.68973802561
787 5.93041082279
788 5.87885817758
789 5.12577652858
790 5.03532502787
791 5.03763519473
792 5.71833736252
793 5.84196184041
794 5.7513589282
795 5.87809098086
796 5.45740592056
797 5.58166461467
798 5.26864273981
799 5.08341567278
800 4.85188694937
801 4.94533461522
802 5.29232116563
803 5.7338583763
804 5.50999940576
805 5.40080388671
806 5.15753068665
807 5.76454923024
808 6.01335498093
809 6.36198091953
810 5.82689828178
811 5.55922240562
812 5.43950450313
813 5.30161911226
814 4.8883474547
815 5.05985892075
816 5.67586202056
817 5.53542486654
818 5.50636056729
819 4.8865342663
820 5.56971577722
821 5.64965429868
822 5.58470335369
823 5.8803515787
824 5.85052417441
825 5.81281950308
826 5.99195712967
827 6.07844972225
828 6.20811191906
829 5.99256863328
830 6.00901557417
831 6.35214122364
832 5.92531794979
833 5.93834734518
834 5.98333673917
835 6.2118411374
836 5.68514240934
837 5.59034874756
838 5.42476147099
839 5.47457838973
840 5.70666262662
841 5.35766143925
842 5.76612497866
843 6.08519148337
844 5.68614615227
845 5.60255628082
846 5.58816826941
847 5.22858077125
848 5.70489773102
849 5.71530972043
850 5.82786352046
851 6.20933497185
852 6.21342849989
853 6.44505004671
854 6.60964289685
855 6.53991614839
856 6.77027329272
857 6.61138463344
858 6.176376243
859 6.17642361572
860 6.62269561123
861 6.00681136451
862 5.92779113363
863 6.3803215761
864 6.4527580863
865 6.2053265567
866 6.18328238138
867 6.12318919436
868 6.43562543662
869 6.36493178903
870 6.23575389167
871 6.0997919283
872 6.04641804264
873 6.12766561353
874 6.4171881827
875 6.11534185276
876 6.11072496376
877 5.94166684742
878 6.01383525698
879 5.47904910252
880 6.21038790833
881 6.32962404259
882 5.94617685248
883 6.01105000523
884 6.01291699423
885 5.87027316633
886 5.83888246604
887 5.95631873128
888 6.09924902536
889 6.43302272077
890 6.1395275038
891 5.87857889045
892 5.84523542716
893 5.80396955313
894 5.96694362328
895 6.19502750384
896 5.96202278661
897 6.09120100328
898 6.13507021896
899 6.41568235388
900 5.52283715485
901 5.86747679242
902 5.52553262419
903 5.78950060306
904 5.75824730262
905 5.82200392703
906 6.06435485568
907 6.25262963789
908 6.21380684198
909 6.34466871394
910 6.27689689888
911 6.09617709481
912 5.92410196294
913 6.0800617726
914 6.12258257557
915 6.25499435645
916 5.74924605609
917 6.01234173382
918 6.29716605329
919 6.44645487779
920 6.61766307085
921 6.74512323559
922 6.56664890547
923 6.66583557215
924 6.38916647149
925 6.47945368259
926 6.7461072396
927 6.37840164325
928 6.37421488153
929 6.6719809236
930 6.27537015837
931 6.09808183039
932 5.90440335729
933 6.05145496265
934 6.3681855893
935 6.79069202157
936 6.67062648525
937 6.26672720021
938 6.49088416414
939 6.2082128049
940 6.36064901776
941 6.39170531477
942 6.05907649898
943 5.73956000358
944 5.68585293666
945 5.8577981115
946 5.66196311922
947 6.10025825104
948 5.65059718387
949 6.42555118276
950 6.69872897149
951 6.88510042133
952 6.49384247392
953 6.73996356715
954 6.48513972005
955 6.77941848969
956 6.75235525712
957 7.18719353026
958 7.81478427214
959 7.83865238458
960 7.38933495008
961 7.32116538157
962 6.87185734929
963 7.13747791558
964 6.93336924495
965 6.73024860596
966 6.98322829467
967 7.0960740648
968 6.92868909257
969 6.78344492344
970 6.82480405625
971 6.92026613202
972 6.77577547503
973 6.89021539603
974 6.27721550129
975 6.13231844135
976 6.48329232982
977 6.90244499422
978 7.02647394298
979 7.17933300804
980 7.20149824757
981 6.99895455776
982 7.01862173053
983 6.89299625846
984 7.41758298973
985 7.51531318415
986 7.21259171589
987 7.47552038674
988 7.64852614086
989 7.62129176402
990 7.31669635922
991 7.28434827157
992 7.39698044058
993 7.87972807346
994 7.3584181802
995 7.54529031822
996 7.29376923439
997 7.29411380035
998 6.88342378391
999 6.83415471921
