0 0.0
1 0.159763351024
2 0.0722738109896
3 0.0666018437282
4 0.146452212016
5 0.174116208974
6 0.194947485568
7 0.151789231471
8 0.295030996082
9 0.0937332867687
10 -0.162276940639
11 0.175411032771
12 0.0920106172712
13 0.0269445855521
14 0.116835874371
15 0.0681875274152
16 -0.0777809109211
17 0.0722138551562
18 0.207075694929
19 0.165145938612
20 -0.0247030162902
21 0.274154698641
22 0.0502437385157
23 -0.0209207952086
24 0.0608498399293
25 0.203058624932
26 0.176280581377
27 0.430499604836
28 0.166073734195
29 0.337302220987
30 0.170742109558
31 0.0249390652773
32 0.243017118315
33 0.282916158293
34 0.272928166921
35 0.213744115338
36 0.348827770153
37 0.148253870751
38 -0.0527358541368
39 0.0341610761216
40 -0.0403731683322
41 -0.0530883914341
42 0.244227571015
43 0.25482148943
44 0.27711904038
45 0.208409304804
46 0.264307578584
47 0.20445747672
48 0.22236349886
49 0.0456038188853
50 0.180855059574
51 0.292546490371
52 0.310210188556
53 0.041681266802
54 0.293447136509
55 0.111616971538
56 0.314831047869
57 0.0957708522752
58 0.242481172954
59 0.0773692568847
60 0.25783669498
61 0.144418119027
62 0.195538941741
63 0.161164974636
64 -0.00559877924595
65 -0.00711135380213
66 -0.00620618891754
67 0.0113216396594
68 -0.113846058618
69 0.0191845695548
70 0.170468686569
71 0.0336588460111
72 0.0744977862582
73 0.182531326146
74 0.105499069843
75 0.184742602901
76 0.0565373688297
77 0.370332067707
78 0.335647286146
79 0.282764279761
80 0.218854102081
81 0.268241282427
82 0.209653843665
83 -0.0567256077306
84 0.253986932433
85 -0.0280940737438
86 0.0785580985152
87 -0.0341183407057
88 0.302162015843
89 0.130301454145
90 0.0795383194652
91 0.122081828614
92 0.512272496046
93 0.331780179891
94 0.405868457532
95 0.090104598548
96 0.12087673519
97 0.0285314764553
98 0.146310496708
99 0.301001966231
100 0.306779381505
101 0.371176556882
102 0.501437726318
103 0.515212467621
104 0.191407232931
105 0.38329730269
106 0.305569794749
107 0.236605851575
108 0.165335004295
109 0.111856051776
110 0.200018235383
111 0.562782007353
112 0.544742310163
113 0.537506454334
114 0.685184175689
115 0.161887764732
116 0.180130694664
117 0.531762429226
118 0.389766061631
119 0.650190392333
120 0.751748021502
121 0.516739240308
122 0.348538000036
123 0.295424773053
124 0.591713106065
125 0.309130181652
126 0.224903133738
127 0.15601504368
128 -0.0674535725969
129 0.0888607939341
130 0.231004802338
131 0.0776573137673
132 0.216108333014
133 0.175826759371
134 0.158672096897
135 -0.112398933947
136 0.138776165043
137 0.253609919551
138 0.0168573816283
139 0.221025010663
140 0.181110516114
141 0.459803944772
142 0.308918963721
143 0.072631235747
144 0.407225978425
145 0.317534200698
146 0.129184246235
147 0.00933120498041
148 0.0853051203817
149 0.0870930310157
150 -0.0155450535383
151 -0.071553654267
152 -0.119573493217
153 -0.0391324388088
154 0.319875399507
155 0.00520869330878
156 0.124239077858
157 -0.155300755776
158 -0.24839661263
159 0.0399980108403
160 -0.00441440063134
161 0.13514397339
162 0.240329100194
163 0.209834012843
164 0.321472653546
165 0.0562451034437
166 0.111726185976
167 0.0126936263772
168 0.361311034016
169 0.305646854053
170 0.0580603311692
171 0.183326718041
172 0.19594927951
173 0.287229759989
174 0.285910575097
175 0.433506931115
176 0.0941501638457
177 0.395312235563
178 0.456862131237
179 0.11815244769
180 0.300477093936
181 0.152713204221
182 0.359776791231
183 0.278095123757
184 0.105954829871
185 0.179095183155
186 0.386971142739
187 0.357479137116
188 0.561452572469
189 0.269054111593
190 0.351165840386
191 0.287767359463
192 0.305885482583
193 0.228239595958
194 0.355055210803
195 0.439935248948
196 0.345597136138
197 0.466622945356
198 0.53550039814
199 0.964824131954
200 0.813686729914
201 0.944550768358
202 0.565140189088
203 0.51901312388
204 0.992885146965
205 0.677803254778
206 0.442247196451
207 0.46344264718
208 0.696884525632
209 0.583561713807
210 0.515867990124
211 0.449280093015
212 0.650005110695
213 0.097966165998
214 0.47928471006
215 0.641841471131
216 0.630522503986
217 0.570506929942
218 0.624767487228
219 0.690661773651
220 0.35058353964
221 0.393714988969
222 0.433255840985
223 0.542779206593
224 0.62660170036
225 0.457049032562
226 0.509420218016
227 0.628776924994
228 0.812286869476
229 0.809969952355
230 1.0757220812
231 1.33304857787
232 1.04525896762
233 1.06282207998
234 1.01785084091
235 0.668863644074
236 0.706480464101
237 0.949568868184
238 0.86637144175
239 1.00307359828
240 0.689033133765
241 0.823721734077
242 1.31330389482
243 1.15757488199
244 1.1686758852
245 1.11577761221
246 1.25393399912
247 0.914740601262
248 1.14705070253
249 1.18269867825
250 1.00526926417
251 0.964782075348
252 1.0750463302
253 1.14456130911
254 0.980799532272
255 1.04214213984
256 1.28842844342
257 0.910932165211
258 0.918248093098
259 0.900182847967
260 1.10626252239
261 1.07797083022
262 1.24733485753
263 1.23134870957
264 1.08106170297
265 1.31713825485
266 1.42491755189
267 1.29662790639
268 1.38311128434
269 1.42881004875
270 1.51735289897
271 1.25555152551
272 1.56321823632
273 1.45639626686
274 1.43808420048
275 1.17853438562
276 1.5511179534
277 1.43228157275
278 1.60116032061
279 1.54068369857
280 1.90087738301
281 1.64428781669
282 1.6355361211
283 1.92750257131
284 2.00151240964
285 1.90308335509
286 1.73923863559
287 1.52494415326
288 1.3648247503
289 1.44763964351
290 1.59374825715
291 1.70802084244
292 1.93264927326
293 1.54798226694
294 1.66949618063
295 2.04965008414
296 1.99107165453
297 1.67247963741
298 1.60100171361
299 1.56900472292
300 1.75624292669
301 2.0618230934
302 1.67983065353
303 2.0042257341
304 1.86596801485
305 1.821812899
306 1.6462995593
307 1.63390757773
308 1.80013393647
309 1.75338599135
310 1.96038065528
311 2.01497714635
312 1.60325534686
313 1.67180193762
314 1.51578458067
315 1.35551304369
316 1.82619252687
317 1.60540751752
318 1.62956416318
319 1.56283460391
320 1.7650570864
321 1.82577923433
322 1.84867316206
323 1.75576092938
324 1.96866547441
325 2.25411429966
326 2.17435088772
327 2.11547906535
328 2.29355142588
329 2.62999891296
330 2.47666529959
331 2.53323746407
332 2.23933838312
333 2.5621499845
334 3.05598439816
335 3.09452347298
336 3.17266524785
337 2.33017196542
338 2.5685489473
339 2.68180471754
340 3.14605169909
341 2.89124679163
342 2.57118325524
343 2.7123413421
344 2.99083207007
345 2.96382825275
346 2.60450587419
347 2.92704141496
348 3.13276483636
349 2.74683622691
350 2.78158492169
351 2.73682103719
352 2.73513650966
353 3.04332357173
354 2.57231843033
355 2.48584923182
356 2.68438071876
357 2.46275935362
358 2.67358432402
359 2.84604112501
360 2.65559982865
361 2.72617054025
362 2.78390034424
363 2.75131882786
364 2.43008547403
365 2.53933719229
366 2.12660501194
367 2.60331774605
368 2.28550810034
369 2.05726951838
370 2.38966722015
371 2.57118390386
372 2.76586761198
373 2.64386414431
374 2.60952203636
375 2.69473422682
376 2.85507122851
377 2.78583980073
378 2.7364396057
379 2.51969529113
380 2.38400080805
381 2.29879944839
382 2.21448588588
383 2.11304075082
384 2.14131548289
385 1.87123455361
386 2.21760649231
387 1.87689358785
388 2.3652407602
389 2.57467187737
390 2.55137072181
391 2.65981305076
392 2.43926592045
393 2.36588840799
394 2.25355146342
395 2.57369863413
396 2.04728369334
397 2.57235891529
398 2.20627638928
399 2.33729837744
400 2.20893606691
401 2.41344209565
402 2.12591907492
403 1.9852168413
404 2.29867754608
405 2.47458159554
406 2.41808903194
407 2.45733673196
408 2.64882536064
409 2.52536346761
410 2.74756813593
411 2.6959906038
412 2.76278557755
413 2.74284637808
414 2.81303742459
415 2.78443965683
416 2.62370707035
417 2.8505649859
418 2.56287225261
419 2.38488058929
420 2.61215627894
421 3.19342921238
422 3.41952896284
423 3.23764515818
424 2.9876284592
425 3.33412010705
426 3.81180198383
427 3.256494099
428 3.4938534098
429 3.21571530571
430 3.59384383667
431 3.38362033325
432 3.28906208249
433 3.38950117999
434 3.41495398418
435 3.53965990099
436 3.10589854055
437 3.09426816368
438 2.86485215371
439 3.06637749332
440 3.47414568036
441 3.5934433953
442 3.99169204942
443 3.97092674077
444 3.75648747303
445 3.79671512189
446 3.44401558386
447 3.74275885045
448 3.82645301541
449 3.65130678267
450 3.53569917145
451 3.85317713823
452 4.12166911796
453 4.44494805831
454 4.27370956668
455 4.5155085808
456 4.45769191117
457 4.52538328132
458 4.58205172603
459 4.61832178532
460 4.53412272792
461 3.98808485764
462 3.74513576026
463 4.15695731966
464 3.96078090365
465 3.97811058364
466 3.84504170924
467 3.6498992085
468 3.37646687538
469 4.26039076082
470 3.74494437116
471 3.89059271569
472 4.17304308672
473 3.90983888142
474 3.99644624255
475 3.68049946832
476 4.03291095956
477 3.56911090999
478 3.56805633491
479 3.37019109031
480 3.80926583239
481 3.34536296643
482 3.52296466983
483 3.16872271945
484 2.72387235171
485 3.07495504528
486 3.4817099946
487 3.47122554915
488 3.50649260864
489 3.61074329746
490 3.56519087376
491 3.42442775182
492 3.57430803733
493 3.12239957797
494 3.4873283845
495 3.46585659289
496 3.42495131537
497 3.2727940963
498 3.42172161797
499 3.79707662713
500 3.47881057172
501 3.26519852241
502 3.57764395507
503 4.24627826237
504 4.64490415752
505 4.36657970502
506 4.46920127881
507 4.55443633976
508 4.23638513129
509 4.07696077804
510 4.10467913459
511 4.21682595218
512 3.98531055681
513 3.89557000424
514 4.28539009861
515 4.63789941675
516 4.12804680189
517 3.84156369266
518 3.69805727411
519 4.26182734013
520 4.03739362489
521 4.72664719888
522 4.00706343251
523 4.03844561769
524 3.90281754531
525 4.26861333633
526 4.35755550499
527 4.10709205453
528 3.43440981692
529 3.70987678062
530 3.13605953762
531 3.53685183314
532 3.77725257461
533 3.88971904473
534 3.61673211662
535 3.6405755102
536 3.93914123848
537 3.82141057649
538 3.60864537364
539 3.6403188806
540 4.20385565425
541 4.21016889784
542 4.12441412988
543 3.4473992202
544 3.48590311306
545 2.85969731107
546 2.71316752882
547 3.15307337651
548 2.85584387878
549 3.06554640247
550 3.37476520416
551 3.61195934511
552 3.54445439254
553 3.24349887601
554 3.5053374255
555 3.31993844938
556 3.06910538829
557 3.44618374691
558 3.16441658106
559 3.31392299426
560 3.346948288
561 3.53568415475
562 3.33126293959
563 3.58898056951
564 3.73248864306
565 3.3678280378
566 3.72247850295
567 3.76462323803
568 4.12213394185
569 3.94456830769
570 3.57157464812
571 4.01311912348
572 3.79122496493
573 4.0709931138
574 3.61247395636
575 3.76488400651
576 4.10164419214
577 3.82949199761
578 3.74721768134
579 3.23408907541
580 3.1094146376
581 3.13665994562
582 3.17988579639
583 3.22536568073
584 3.17065241789
585 3.48679700353
586 3.04004739516
587 3.60993908162
588 3.80137636323
589 3.88862792097
590 3.66255911286
591 3.21399036582
592 3.30965532199
593 3.35518641354
594 3.7227991405
595 3.34021320846
596 3.40718573054
597 3.35445168645
598 3.53745173125
599 3.48746970869
600 3.63812738544
601 3.17869553447
602 3.20020232851
603 2.99131471557
604 3.09852138874
605 3.23351680215
606 3.09614571803
607 3.46818425663
608 3.57379840159
609 3.3771513898
610 3.40663108495
611 3.73824064157
612 3.54574508226
613 3.30124701811
614 3.76767993809
615 3.55469901516
616 3.8040867161
617 3.53807434672
618 3.94274903793
619 3.97644266088
620 4.3889897482
621 4.24984514083
622 3.9690724222
623 4.37589332071
624 4.18460061857
625 3.82880488983
626 4.32728220601
627 4.73786793513
628 3.79146111105
629 4.2368875433
630 4.15711300045
631 4.53017462798
632 4.19138307556
633 4.18030463514
634 4.58327567027
635 3.89033991275
636 3.84516972898
637 4.44268045108
638 4.32835026848
639 4.26964735593
640 3.78879632288
641 4.08454350257
642 4.05992209142
643 4.52111159372
644 4.74846948744
645 4.57824461625
646 4.47173613307
647 4.63368307382
648 4.95671432066
649 5.00245896158
650 4.35269945099
651 4.19772389638
652 4.3278610774
653 4.55507450495
654 4.27983857646
655 4.37404598677
656 4.25664812933
657 4.51006124947
658 4.61410584719
659 4.14194831896
660 4.55071459396
661 4.61429580478
662 5.07307422305
663 4.5485144413
664 4.37775884793
665 3.99809270084
666 4.58023029334
667 4.98060718227
668 4.85555941672
669 4.85382192135
670 5.61023996464
671 5.41581212628
672 5.30206002438
673 4.99745012801
674 5.47452209022
675 5.30062553592
676 5.47555690645
677 5.20833050587
678 4.80533463363
679 4.50795311743
680 4.39984346676
681 4.3326709056
682 4.07202483915
683 3.9385834652
684 4.43231865542
685 4.69232263905
686 4.67219732178
687 4.46862307051
688 4.2420859989
689 4.18727602223
690 4.06637713249
691 4.37026528521
692 4.45436479103
693 4.46137990569
694 4.10529231361
695 4.51748314985
696 4.2117480244
697 4.10030370436
698 4.49682793699
699 4.12279656281
700 4.18091689796
701 4.53575271188
702 4.12340819935
703 4.56239462194
704 4.60198169925
705 4.5724798365
706 4.96484809333
707 5.00360795046
708 4.56277425318
709 4.41672672517
710 4.19625818552
711 4.5913635618
712 4.38503852481
713 4.46927572354
714 4.31832539152
715 3.45329713301
716 4.06854522543
717 3.9238352479
718 3.85285254289
719 3.54080203469
720 3.20573512647
721 3.27082939388
722 3.10656355837
723 3.6298763564
724 3.70802697133
725 3.83884697657
726 4.01685853161
727 3.91192613655
728 3.3722189258
729 3.63559649603
730 3.91469288031
731 3.97073799745
732 3.8697644839
733 4.07606456013
734 4.0330005188
735 3.66408579678
736 3.61018952659
737 4.00792359115
738 4.19876395327
739 3.62741939951
740 3.91838437156
741 4.12969481592
742 3.68173621122
743 4.05850652409
744 4.30334975394
745 4.38077047209
746 4.40851329772
747 4.06859423891
748 4.10589350498
749 4.41555837584
750 4.12433144145
751 4.12890912606
752 3.6417688835
753 3.75134521854
754 4.04898794797
755 4.10529753352
756 3.91439734608
757 4.65610861767
758 4.27634641267
759 4.68932912857
760 5.14864480395
761 4.3362566698
762 4.83826070173
763 5.30875083701
764 5.22967826174
765 5.03148114808
766 5.17595977172
767 4.67983456558
768 4.67550522677
769 4.60584897252
770 4.77907678094
771 4.9086878836
772 4.37051997872
773 4.6256704659
774 4.58292065041
775 4.12706998632
776 4.41296376755
777 4.70860695265
778 4.60628537822
779 4.02071568954
780 4.52303104839
781 4.11590958557
782 4.34313461363
783 4.76559065503
784 4.55349768254
785 4.61029555698
786 4.61900761482
787 4.56029880363
788 4.44500778805
789 4.30709071871
790 4.81837337253
791 4.42583069112
792 4.41850503497
793 4.91880393242
794 4.77818565299
795 4.411405287
796 4.53862685187
797 4.29722705233
798 4.78949049548
799 5.13641390991
800 5.29910098394
801 5.28176239933
802 5.03926922274
803 5.00474024067
804 5.2003075707
805 5.3007270112
806 5.34647392285
807 5.19938575113
808 4.22688213383
809 4.81540865476
810 4.97182018711
811 5.30021732632
812 4.99377971075
813 4.62591400333
814 4.39072465682
815 4.72864868366
816 5.02532433781
817 4.7678356771
818 5.26335296088
819 5.40606092709
820 4.48971024303
821 5.04143885703
822 5.01773023048
823 5.13461838493
824 4.73804374683
825 5.26679500733
826 5.36708197136
827 5.14118996766
828 5.07148513308
829 5.16664560938
830 5.28753595896
831 5.13255717196
832 5.37488151507
833 5.50303713025
834 5.65257775048
835 6.00067028863
836 6.00867521457
837 6.12595265797
838 5.78419307733
839 5.73704984109
840 5.66953404748
841 5.59576863099
842 5.38808593631
843 5.43072257469
844 5.71068559589
845 5.0298520047
846 5.5289905312
847 5.48399548108
848 5.25551372217
849 5.25571411341
850 5.67068618048
851 5.88512398283
852 5.85684783896
853 5.91844805913
854 5.61575720295
855 6.04676122959
856 6.54792889541
857 5.95833522147
858 6.09299793651
859 6.3103249643
860 5.96042018644
861 6.19383192738
862 6.38256304082
863 6.60263084983
864 6.4380607336
865 6.13030541805
866 6.32666553962
867 6.39845178117
868 6.6641272554
869 6.84463418564
870 6.83871656853
871 6.83121499996
872 7.01749082
873 6.99129687033
874 6.74347239087
875 6.58179649093
876 6.70152379118
877 6.70148251422
878 6.78201655395
879 7.32916134954
880 6.64778506903
881 6.47523952787
882 6.21820761057
883 6.59187720358
884 6.61806391677
885 6.34625993936
886 6.57189985669
887 6.83226439013
888 6.83848090052
889 6.87179261243
890 6.66307743634
891 6.56761774045
892 6.78334282399
893 7.06358519377
894 7.17524594367
895 7.01246530612
896 7.08315325234
897 7.36198833348
898 7.67393853209
899 7.51656516163
900 7.33647787963
901 7.45141571826
902 7.08341382728
903 7.11081572857
904 7.25635194597
905 7.07767883047
906 7.15078697745
907 7.36183166442
908 7.4962724215
909 7.51447263915
910 7.48268259764
911 7.42061590113
912 7.32704739096
913 6.98288497529
914 7.2509010018
915 7.0429988242
916 7.05179863766
917 7.23004617149
918 7.49299992798
919 6.87355450881
920 7.13185523271
921 7.35694604353
922 7.04130121559
923 7.19418937962
924 7.275396663
925 7.43159389639
926 7.37369514899
927 7.72610056722
928 7.43430149077
929 7.427157527
930 7.0821378066
931 7.17414463323
932 7.26463322014
933 7.6091628622
934 7.45890480564
935 7.31264008952
936 7.38360826811
937 7.39220790392
938 7.23676808105
939 7.22580864249
940 7.13568694929
941 7.00417462399
942 7.06687599808
943 6.95183812066
944 7.34476298922
945 7.61328232881
946 7.90500757543
947 7.9258487838
948 7.7321675517
949 7.61561162914
950 7.68454863372
951 7.77294659896
952 7.85312698605
953 8.04248593226
954 8.07697689599
955 7.78453817209
956 7.6798309584
957 8.20791337267
958 7.93387684679
959 7.59759192804
960 7.80225097755
961 7.69576581457
962 7.48922901138
963 7.31860758082
964 7.44636122755
965 7.59033670874
966 7.52930372253
967 8.32986336552
968 8.67136567713
969 8.50000312841
970 8.1684951964
971 8.1164923549
972 7.48025130267
973 7.88756285747
974 7.76551045377
975 7.40599887622
976 7.07902950992
977 7.60070885351
978 7.97231655952
979 8.19873659868
980 8.12634855449
981 8.26114970581
982 8.2090784205
983 8.38393265727
984 8.43117794628
985 8.2256402648
986 8.40864654558
987 8.39113170189
988 8.03229882817
989 8.34490666036
990 8.05698641218
991 8.01327017195
992 7.94277162925
993 7.77513473238
994 7.84846296341
995 7.81337335763
996 7.9722334004
997 7.80393955195
998 7.54808088399
999 7.6510192045
