0 0.0
1 -0.212374820037
2 0.0139716723061
3 -0.0433400660991
4 -0.149634868712
5 -0.0680288765521
6 -0.0301061896767
7 -0.111324201083
8 -0.102115221312
9 -0.228733098041
10 -0.0671757198028
11 0.263652213015
12 -0.0933893208376
13 0.0128673714698
14 -0.316244100976
15 -0.251912671262
16 0.0152356981311
17 -0.0595385012527
18 -0.197920726611
19 0.165404275149
20 0.0961500295838
21 0.171711552014
22 -0.125346539477
23 -0.163638990752
24 -0.00896453692971
25 -0.0149117251753
26 -0.168471007772
27 0.020921186805
28 -0.0202054202298
29 0.098166373236
30 0.118229469378
31 -0.0288451738398
32 0.00263893184629
33 0.111637077953
34 0.0211241961911
35 -0.0986172680985
36 0.151735369508
37 -0.00535901657859
38 0.0841954073455
39 0.231639413704
40 -0.0245855206269
41 0.085348754108
42 0.0543196103695
43 -0.0220570004918
44 0.0776485758851
45 -0.33293328833
46 -0.164222079091
47 -0.342424831088
48 -0.100352193042
49 -0.157160188227
50 0.015916815054
51 -0.0239825627683
52 0.0988408855135
53 0.294904429673
54 0.115077575592
55 0.0213063162609
56 0.073874340879
57 0.0315237199578
58 -0.0591586600037
59 0.231639209722
60 0.0677660119307
61 -0.0770458357375
62 0.00591903152478
63 -0.130272134531
64 -0.0306858925238
65 -0.259849860703
66 -0.0838513234755
67 -0.195869943887
68 -0.127889917977
69 -0.363505154727
70 0.0141167027899
71 -0.261582533864
72 -0.181971255967
73 -0.247002063972
74 -0.284113786629
75 -0.0647320462299
76 -0.0963024167439
77 -0.179785919628
78 -0.294340978717
79 -0.196783876073
80 -0.0845204982956
81 0.0748910954569
82 -0.0145459492165
83 0.0368659288579
84 -0.0104055377047
85 0.0596539371095
86 0.0212551458058
87 -0.128783187884
88 0.060390895278
89 -0.212837463449
90 0.106214927978
91 0.0300202151812
92 0.0697315637211
93 0.027912099868
94 -0.266514630497
95 -0.13749715334
96 -0.179120823979
97 -0.139681380563
98 -0.128588195376
99 -0.158537354739
100 0.00239718840188
101 -0.170212799419
102 0.0564071849089
103 -0.0694052509723
104 0.100436266807
105 -0.347687130225
106 0.106555780287
107 -0.200913003078
108 -0.258917835783
109 -0.232005078852
110 -0.0602114136917
111 0.102194577657
112 0.0859010402724
113 0.107054374478
114 0.0116901365666
115 -0.0435392348526
116 -0.158913360598
117 0.0122449976612
118 -0.074331256622
119 -0.0102349007882
120 0.29600298105
121 0.000641982466512
122 -0.0300907250331
123 -0.0368396580958
124 -0.0498716145286
125 -0.110030333415
126 0.298330210343
127 0.275729622378
128 -0.0802048617334
129 0.109729644283
130 0.148596382214
131 0.106827552189
132 -0.242878199372
133 0.0510271937561
134 0.0488952214116
135 0.246805624964
136 0.330376471891
137 0.354477529241
138 0.354794437771
139 0.147910705672
140 0.182089818569
141 0.238643906637
142 0.165010880464
143 0.157705413519
144 0.187985039802
145 0.0798668538332
146 0.278586141215
147 0.0835231490638
148 0.403503636363
149 0.369912678266
150 0.289617208542
151 -0.00813801565435
152 -0.00445219709873
153 0.149608101187
154 0.285167820595
155 0.0847686722777
156 0.42397273601
157 0.187708912737
158 -0.0635762522823
159 0.026890721516
160 0.34077957262
161 0.0350395870373
162 0.513700319845
163 0.393295869209
164 0.469546929111
165 0.41230636028
166 0.365491256925
167 0.42937472107
168 0.279101620828
169 0.254527934251
170 0.422152495123
171 0.336218508458
172 0.533471592189
173 0.350711867172
174 0.417258460767
175 0.464251018986
176 0.62661260623
177 0.380180519368
178 0.29152515517
179 0.447505818598
180 0.332182548945
181 0.294149220903
182 0.468500513281
183 0.451378449856
184 0.308962007313
185 0.174753312325
186 0.362442661949
187 0.269958166256
188 0.264447739924
189 0.0173465675397
190 0.19394939142
191 0.350185358113
192 0.140776467961
193 -0.123407317075
194 -0.0133106585363
195 0.336290599355
196 0.572219785869
197 0.527084013415
198 0.311428521737
199 0.363192944838
200 0.428016369175
201 0.659486167565
202 0.369745188435
203 0.271192414889
204 0.710051881513
205 0.303373522339
206 0.444096817317
207 0.496753796977
208 0.560936999873
209 0.349177495952
210 0.347254115293
211 0.404129606007
212 0.553729847137
213 0.508984428099
214 0.359952320686
215 0.221463802241
216 0.420407602566
217 0.817337651906
218 0.484414390353
219 0.734695225966
220 0.823291286902
221 0.790490813067
222 0.650985074552
223 0.52799708977
224 0.751252327052
225 0.54265178896
226 0.924887299351
227 0.806104028799
228 0.783402697202
229 1.16299177846
230 1.04857854359
231 0.734615871989
232 0.880972673436
233 0.886634762195
234 1.28666186837
235 1.17077926643
236 1.03446281641
237 0.99780860832
238 0.976722611818
239 1.18633964736
240 1.28299064126
241 1.19523771648
242 1.04325594315
243 1.16151072208
244 1.10373719933
245 1.21286484532
246 1.30362428531
247 1.03481077789
248 1.72082860473
249 1.45220376565
250 1.85568943076
251 1.84147576597
252 1.74417213019
253 1.82746914477
254 1.90763139279
255 1.92496393586
256 2.04908231123
257 1.8736308583
258 1.83544908739
259 1.96571521469
260 1.45798820852
261 1.95757355627
262 1.84419366766
263 1.92707887703
264 2.24965601239
265 2.32024417782
266 2.20660011735
267 2.2855588215
268 2.17514838496
269 2.23361929436
270 2.33833310862
271 2.05811460371
272 2.40569461941
273 2.56627141909
274 2.49785972127
275 2.33801386318
276 2.14061780394
277 2.35395886614
278 2.0343110757
279 2.28074744617
280 2.11053123151
281 2.23513106093
282 2.26752839848
283 2.51490039162
284 2.61010862041
285 2.56571192907
286 2.72308560931
287 2.7543799267
288 2.38974874401
289 2.32386113334
290 2.37806733429
291 2.43985445435
292 2.13552169566
293 2.0110405787
294 2.14640476302
295 2.26014156988
296 1.8216542284
297 1.94852995463
298 1.84603670945
299 2.31968893408
300 1.9278201187
301 1.93855264538
302 1.80145512168
303 2.03098582081
304 2.05161312712
305 2.49089780861
306 2.15495155986
307 1.95151024225
308 2.1218956234
309 2.08675627497
310 2.02029089884
311 2.21288047153
312 1.98502905802
313 1.98252755191
314 1.74968434167
315 1.30857605012
316 1.51537510876
317 1.61189791962
318 1.8416952818
319 1.95247509238
320 2.15810675247
321 2.07538345392
322 1.87088061651
323 1.88728482265
324 1.79356163873
325 1.7597766009
326 1.40325400031
327 1.50827615264
328 1.71512899898
329 1.72999604535
330 1.71612056114
331 1.63282468535
332 2.02349785291
333 1.61877091855
334 1.6870621958
335 1.45694871493
336 1.95602082733
337 1.61595742206
338 1.86240639667
339 1.88307548107
340 1.87170474146
341 1.96711085942
342 1.51153199241
343 1.62808740365
344 1.34277999073
345 1.66068785607
346 2.28544500473
347 1.92280609572
348 1.85178114742
349 1.80242714528
350 1.94121518518
351 2.1576689921
352 2.03691217304
353 1.90276156611
354 2.03095340288
355 1.92963569872
356 2.12977326626
357 2.17435082987
358 2.3594951236
359 1.98243769125
360 2.36074016751
361 2.47160471863
362 2.9686329612
363 2.72411540454
364 2.94690939814
365 2.51560592266
366 2.71776908563
367 2.6192433956
368 3.00321258953
369 2.80454197615
370 2.62225855248
371 2.45708650252
372 2.61796601296
373 2.30576462851
374 2.7283190694
375 2.81605961151
376 2.80142863116
377 2.96333652096
378 3.16273135359
379 2.63355112663
380 2.57524557333
381 2.66346111144
382 2.65194351498
383 2.55378337979
384 2.87276828912
385 2.57348257631
386 2.57510080562
387 2.63519776697
388 2.71706329719
389 2.62808516048
390 2.45346878426
391 2.36186169957
392 2.22194357885
393 2.1596483157
394 2.01118280004
395 2.0760372166
396 2.19912606027
397 2.47045124452
398 2.51103855673
399 2.4816040051
400 2.31726587301
401 2.57315488878
402 2.64665385767
403 2.42142608454
404 2.08199103914
405 2.39094697658
406 2.33487214482
407 1.90411815847
408 2.33379180875
409 1.90261213427
410 1.90498439701
411 1.95694862589
412 2.13148486093
413 2.43730166937
414 2.67614191016
415 2.21705084993
416 2.39775274142
417 2.56902436363
418 2.51252273643
419 2.18276089568
420 2.44735579091
421 2.39947746899
422 2.56199229345
423 2.46071833663
424 2.22678649157
425 1.97695633499
426 2.63908069851
427 2.18518040891
428 2.6427410829
429 2.54563951742
430 2.64346464332
431 2.36549352344
432 2.52174005539
433 2.69459041934
434 2.89119278216
435 2.50376009682
436 2.66662347329
437 2.49823566021
438 2.50205643468
439 2.45105169704
440 2.49939907344
441 2.56487440708
442 2.27844278526
443 2.68771262841
444 2.56633995743
445 2.43059372116
446 2.49563599536
447 2.46387297483
448 2.60077161671
449 2.81862821981
450 2.88528973529
451 2.38251933781
452 2.46029417868
453 2.52014791127
454 2.50391709773
455 2.49197509174
456 2.37787311476
457 2.66631211436
458 2.3847296806
459 2.6008836296
460 2.64283358101
461 2.63462016968
462 2.81537099421
463 3.01223550591
464 2.49863895057
465 2.5658141239
466 2.15931469574
467 2.41421176349
468 2.54794931814
469 2.57284337457
470 2.33840327196
471 2.77056567125
472 2.76280706509
473 2.94985008262
474 2.84230523953
475 3.09158245614
476 2.96331277513
477 3.10227608193
478 3.34751737525
479 3.05012460562
480 3.01589626882
481 2.79511379442
482 2.784301816
483 2.93979909793
484 3.22591677965
485 2.9512729419
486 3.11716695227
487 3.26285320033
488 2.8574964403
489 2.89073157189
490 2.58401444326
491 3.2048054001
492 3.04451952835
493 3.55618594071
494 2.8410039661
495 3.50766602752
496 3.03100791781
497 3.27629786231
498 3.42510700966
499 2.89142893123
500 3.07529146559
501 3.13584268544
502 3.21100687732
503 2.97464360774
504 2.85248789774
505 3.26718887372
506 3.15544718136
507 3.15371885161
508 3.3182477304
509 3.16289865557
510 3.34675207705
511 3.52812501158
512 3.81434341399
513 3.8009817134
514 4.21990426064
515 4.23413695237
516 4.52662688638
517 4.56043180727
518 4.79086941641
519 4.27731694367
520 4.15574106068
521 3.7074957652
522 3.60916088442
523 3.75388868315
524 3.47094113423
525 3.19564774206
526 2.91673102937
527 3.21564412905
528 3.52340880897
529 3.05076196776
530 2.86836478302
531 2.83870822124
532 3.06158247957
533 2.9503972531
534 3.01500902469
535 3.00531237709
536 3.29613481228
537 3.08841243171
538 3.63913634725
539 3.72358436032
540 3.9960487553
541 3.88553454978
542 4.15418070721
543 4.25325147649
544 4.38984304906
545 4.61880397886
546 3.70427165685
547 3.92485018183
548 4.21039944346
549 4.11108963661
550 3.59516569851
551 4.25228400046
552 4.19329265155
553 4.52609582509
554 4.61147003823
555 5.09581959137
556 4.88456260342
557 4.81828265853
558 4.68844066758
559 4.52058949216
560 4.39453200142
561 4.7315290652
562 4.56417478568
563 4.95305179336
564 5.21917759318
565 4.88563693276
566 4.60725565539
567 4.51304802817
568 4.87616439791
569 4.63684004569
570 4.60537728907
571 4.63909348434
572 5.13049829293
573 4.75084552727
574 5.49171937723
575 5.51063327635
576 5.56690329969
577 5.46969449909
578 5.62180313196
579 5.50671341315
580 4.85208328305
581 5.68956421343
582 5.57958954079
583 5.37775495147
584 5.29049584046
585 5.05373604083
586 5.0266915108
587 4.92732366809
588 5.21224418143
589 5.04523903958
590 4.77215352541
591 4.88046774168
592 4.36067050117
593 4.74460924208
594 4.27804474644
595 4.9879761156
596 4.73940221458
597 4.85451042641
598 5.11380840655
599 5.03057393582
600 5.40310090646
601 4.8824187124
602 4.9698872249
603 5.12704027778
604 5.07364219607
605 4.94516394394
606 4.68108651046
607 5.00471558147
608 5.38321946009
609 5.10378642489
610 4.6562656423
611 5.00567124748
612 5.4654134138
613 4.88779839979
614 4.92340457154
615 4.96591658409
616 5.45390109413
617 5.78819616239
618 5.66525175047
619 5.77495259859
620 5.94601161136
621 5.80105823375
622 5.9236477484
623 5.57428803954
624 6.08032776595
625 5.94440002172
626 6.0239226242
627 6.04324480187
628 6.34766491181
629 5.99955746958
630 6.48984183441
631 6.56928438817
632 6.80886457266
633 6.85343505795
634 7.25770519299
635 7.53866311846
636 8.12535515656
637 8.29722040915
638 8.4384558539
639 8.60421095885
640 8.37149501645
641 8.3275615594
642 8.28421667472
643 7.9167183702
644 7.77206406066
645 7.95111656335
646 7.88157430931
647 7.68726547786
648 7.94740258686
649 7.71952223035
650 7.67908576924
651 7.81837196543
652 7.71788589935
653 8.02407617582
654 7.62847534169
655 7.46893953266
656 7.80937090339
657 7.63224794364
658 7.9807774481
659 7.47026126702
660 7.36980984332
661 7.15361799783
662 7.40939512784
663 6.95122909934
664 7.1032690486
665 6.98703694607
666 7.1346593374
667 7.29655152537
668 7.04700411496
669 7.34290544449
670 7.46284304171
671 7.5045968448
672 7.59390542958
673 7.16931804778
674 7.52904871331
675 7.21294606664
676 7.22595782109
677 6.95446448739
678 7.59554271164
679 7.36596290038
680 7.2483024734
681 7.72041492747
682 7.757255062
683 7.30300357025
684 7.549532127
685 7.80266455767
686 7.65643421499
687 7.86961933055
688 7.60294902609
689 7.79499331683
690 7.8801795757
691 7.77530227527
692 8.13177344943
693 7.6020503107
694 7.81343034893
695 8.13453993833
696 7.55235653544
697 7.60000166121
698 7.73012878657
699 8.07998487762
700 7.90880469235
701 8.25894640236
702 7.93255301988
703 8.30915829796
704 7.9538035663
705 8.17527105884
706 7.9607217935
707 7.56316254052
708 7.74393754055
709 7.60844372088
710 7.59806249282
711 7.54293225801
712 7.63915625277
713 7.3191020372
714 7.46704379901
715 8.05321076842
716 7.94288389592
717 8.01741565412
718 7.84710079379
719 7.68972649786
720 7.60097700215
721 7.85496919373
722 7.6790502866
723 7.69652666067
724 7.38549201487
725 7.8434005908
726 7.7188445552
727 8.00299135221
728 7.96059575194
729 7.91525353454
730 7.82913334795
731 7.92718327536
732 7.73334917219
733 7.64724027107
734 7.53154485071
735 7.32159335981
736 7.24290961513
737 7.30238677655
738 7.3493782949
739 7.67050878026
740 7.50708150803
741 7.66505390675
742 8.03586186585
743 8.30646501503
744 8.18592453373
745 7.7920468511
746 7.26312917662
747 6.91764476744
748 7.71592107078
749 7.27371196356
750 7.33987875918
751 7.35596305928
752 7.66744053475
753 7.51639304594
754 7.74276573235
755 7.82713370926
756 7.6468987567
757 7.59202726421
758 7.9380784426
759 7.76682205702
760 7.91337273873
761 8.30712751608
762 8.24550881356
763 8.37485427214
764 8.4103355289
765 8.51508783717
766 8.67328435619
767 8.36119517927
768 7.77860568877
769 8.21017229304
770 8.07117279738
771 7.82896470891
772 7.54158965345
773 7.78442322396
774 7.77796905989
775 8.07201814772
776 7.35823355871
777 7.42960143693
778 7.40258080346
779 7.3922538389
780 7.98904314623
781 8.23281971305
782 8.27375158929
783 8.67461685109
784 8.28677034038
785 8.25572690039
786 8.19164641737
787 8.43721936583
788 8.48891305152
789 8.42928262532
790 7.83394738354
791 7.77627546166
792 8.06993480469
793 8.40445187343
794 7.90987576243
795 8.4557648542
796 8.59201168505
797 8.64786258886
798 7.99355269811
799 8.19723375128
800 8.15773866805
801 8.22087078441
802 8.53451868406
803 8.20134966621
804 8.20054704441
805 8.38999055423
806 8.43950392967
807 9.10338941499
808 8.89277511432
809 8.4217591074
810 8.57464520982
811 7.93518120319
812 8.49032552371
813 8.60273030056
814 8.86212685087
815 8.98186838305
816 8.64772349196
817 8.62407925141
818 9.04754718986
819 8.88297539122
820 8.9095258946
821 9.1157793838
822 9.50325110485
823 9.55598175968
824 9.03956628794
825 9.82935694344
826 9.80752554385
827 10.1573786948
828 10.0512229969
829 10.1402471879
830 10.331253305
831 10.1540875413
832 10.1611457814
833 10.3074834807
834 10.5785418387
835 10.1332412216
836 9.6062153445
837 9.63512073873
838 9.99653060158
839 10.2282431537
840 10.4718351873
841 10.5566323309
842 10.370329923
843 10.3407692952
844 10.0920011148
845 10.2808520195
846 9.77716540354
847 10.0308479064
848 10.1640050495
849 10.3474864648
850 10.0922950292
851 10.0615332966
852 9.86818968218
853 10.1300042087
854 10.3522299517
855 10.1991458871
856 10.4811979184
857 10.179717024
858 9.66782016469
859 10.3091914989
860 9.62355194572
861 9.76550771098
862 10.0505216025
863 10.1369747296
864 10.7108394955
865 10.9930607907
866 10.8242484942
867 10.9800211967
868 10.347138178
869 10.3938080196
870 10.3945343897
871 10.3952158744
872 10.7809430152
873 10.8986198624
874 10.5802932502
875 11.1460914518
876 10.886760418
877 10.7445928539
878 10.9727473122
879 10.7372021433
880 10.7753353065
881 10.6175693525
882 10.502843781
883 10.8654429189
884 10.8575089462
885 10.4399446053
886 10.3057808881
887 10.7479714165
888 10.6282543856
889 10.6740076038
890 10.5022958934
891 10.1906041599
892 10.4614399353
893 10.5066324676
894 10.9352801788
895 10.6444658774
896 10.5832803051
897 11.0430557688
898 11.133242427
899 10.5174119143
900 10.6477030226
901 11.1478741656
902 11.1040166677
903 10.9761642053
904 11.2211304019
905 11.1752773524
906 11.4908493576
907 11.2679102308
908 11.1376242381
909 10.7320886124
910 11.2228037499
911 11.2844161643
912 11.3522009687
913 10.8646179468
914 10.7334482097
915 10.6658025909
916 10.7806975476
917 11.0764937871
918 10.9952051926
919 10.9854163425
920 11.0567673261
921 10.8985634255
922 10.7073615174
923 10.6833022369
924 10.5099864662
925 10.7670674644
926 10.5364582854
927 10.4249408014
928 10.741509967
929 10.66520263
930 10.9858885235
931 10.5242068661
932 10.6094597491
933 10.5495344449
934 10.3793497392
935 10.5121716053
936 10.5829302779
937 10.5631338311
938 10.2642055028
939 10.4577489085
940 10.5869806574
941 10.5195551441
942 10.2434633703
943 10.5002989774
944 10.6518387022
945 10.2526294257
946 10.0787808899
947 10.3363053108
948 10.2945648242
949 10.7312899114
950 10.8375009624
951 10.669545822
952 10.1948075748
953 10.7968042766
954 10.9180751118
955 10.6761297229
956 10.6846310874
957 11.1442370107
958 10.8421125238
959 10.7134767984
960 10.7095626203
961 10.8553837886
962 11.236944969
963 11.4272963209
964 11.2938982197
965 11.6698976011
966 11.0835555937
967 11.4970211011
968 11.2205672814
969 11.0880362161
970 11.1722847158
971 10.8819127333
972 10.8004658313
973 11.2177588254
974 11.0289651159
975 11.1422962754
976 11.3477025781
977 11.5698102265
978 11.4746118762
979 11.5685302486
980 11.2865125755
981 11.8996434387
982 12.1036050318
983 12.056197064
984 11.4382764974
985 11.7292816475
986 11.1658974158
987 11.0352525023
988 11.2112957551
989 11.551960477
990 11.4421716806
991 11.2881781379
992 11.6472475187
993 11.6867620427
994 12.0340348123
995 12.173048858
996 11.9376668535
997 11.5297437499
998 11.7736576433
999 11.4622623314
