0 0.0
1 0.334849986522
2 0.255420932706
3 0.3295629864
4 0.337218727757
5 0.341484675836
6 0.438603903994
7 0.500606487347
8 0.107289098589
9 0.135325361131
10 0.250888606506
11 0.402957556654
12 0.364353787272
13 0.544666422952
14 0.256082671942
15 0.719364397276
16 0.273039343692
17 0.597869704435
18 0.538826120354
19 0.730005777728
20 0.539138033328
21 0.535966161679
22 0.713528071316
23 0.390467570984
24 0.622715998766
25 0.495464745452
26 0.568325290236
27 0.373527860035
28 0.5366673914
29 0.687177581401
30 0.870852756636
31 0.585570416258
32 0.615119203492
33 0.695096049137
34 0.581493053042
35 0.753618883748
36 0.714504329405
37 0.685809704059
38 1.07131204358
39 0.749223690149
40 0.612037179454
41 0.933174897606
42 0.874704405996
43 0.910830796458
44 0.834485719772
45 1.03613860971
46 0.942424033068
47 1.05261221667
48 1.05928670013
49 0.666650449454
50 1.11683119047
51 0.82259167765
52 0.840752925247
53 0.928486415027
54 1.01020917011
55 0.696407267397
56 0.82017169684
57 1.00430237618
58 0.933625397621
59 0.859870643166
60 0.734543926257
61 0.977823993675
62 0.788885767649
63 0.88671525748
64 0.749466938986
65 0.885718619333
66 0.849985889083
67 1.03668765292
68 0.70729675596
69 1.16524965495
70 0.794700482414
71 1.02347173455
72 0.850228008971
73 1.31510885223
74 1.16175367062
75 1.02679142861
76 1.11829509881
77 1.41422064458
78 0.695727924496
79 0.94093350086
80 0.827365135081
81 0.936415239457
82 0.920081410901
83 0.868322434142
84 0.857536518691
85 0.759090597587
86 0.599038609899
87 0.791658576728
88 0.726395195962
89 0.771051487467
90 0.808900758146
91 0.931867479039
92 1.10744675851
93 1.17183477377
94 0.777999314984
95 0.982454759986
96 0.877895786976
97 0.718732102813
98 0.805584193223
99 0.902876654206
100 0.737312661805
101 0.840967458657
102 0.928662309894
103 0.743506080763
104 0.891538703149
105 0.806695585902
106 1.32852530719
107 1.14373034735
108 0.681919411816
109 0.890899446199
110 0.965157496227
111 0.929842928454
112 1.34523974519
113 0.972285783216
114 0.985686241461
115 1.21440897819
116 1.14777749377
117 1.01494746965
118 1.16404555668
119 1.17719611309
120 1.50942366447
121 1.38482332622
122 1.66442515997
123 1.50979136595
124 1.50595657707
125 1.37597479578
126 1.48233482461
127 1.65791991422
128 1.50768427083
129 1.42354921317
130 1.07964987945
131 1.25507506518
132 1.52852816293
133 1.46491814375
134 1.32234726177
135 1.65071866429
136 1.22159185847
137 1.45547598382
138 1.58644246868
139 1.63780449068
140 1.542374279
141 1.65256764188
142 1.48391454695
143 1.40098222086
144 1.54475413293
145 1.68387623952
146 1.4905443242
147 1.52519002284
148 1.38234428032
149 1.48849340562
150 1.33422141779
151 1.61018684926
152 1.43767264116
153 1.54469949035
154 1.60519433579
155 1.77100671052
156 1.38662477866
157 1.52980015865
158 1.44433652976
159 1.5879827784
160 1.59289154732
161 1.68533256086
162 1.42312566644
163 1.19756140039
164 1.18982419428
165 1.33450412947
166 1.42324636511
167 1.21369569335
168 1.11784660748
169 1.18766989805
170 1.38323353036
171 1.753766467
172 1.38601613197
173 1.54226545753
174 1.27257291599
175 1.34118180474
176 1.78321525775
177 1.37670825264
178 1.33918222045
179 1.5762859536
180 1.73140294383
181 1.62799798167
182 1.54177809609
183 1.38615831121
184 1.72620388698
185 1.43323784885
186 1.49614113381
187 1.50667356528
188 1.52106545609
189 1.22639909984
190 1.38886825053
191 1.75878021502
192 1.72657470461
193 1.77313113827
194 1.62144562593
195 1.76704138211
196 1.60525275411
197 2.2121698229
198 1.87250348724
199 1.89350506643
200 1.94303758881
201 2.12307142096
202 2.08958720039
203 1.98030268228
204 1.78507231946
205 2.34213514926
206 2.16356920254
207 1.76616664328
208 2.36865546584
209 2.1303445256
210 2.1884197192
211 1.88582560576
212 2.03843490135
213 2.00382566069
214 2.02780407292
215 1.58202943388
216 2.00301719191
217 1.53642264102
218 1.79778804513
219 1.61761086814
220 1.8828791694
221 1.85515180349
222 2.0072897538
223 1.86866116775
224 1.78592139311
225 2.36139911207
226 2.39293309778
227 2.05287753749
228 2.17766802119
229 2.15254769573
230 1.93901647439
231 2.20298960688
232 2.20237624918
233 2.14813169467
234 2.81550373686
235 2.33227017003
236 2.34328041106
237 2.28815696084
238 2.29671440257
239 2.70072670382
240 2.70642534215
241 2.90182929968
242 2.96106682222
243 2.86773526386
244 2.47615887113
245 2.82698061846
246 2.8041036079
247 2.83145914669
248 2.64718121354
249 2.7038817887
250 2.71085577189
251 2.93832664087
252 3.18816398469
253 2.3974248123
254 2.91766126794
255 2.26823296203
256 2.61815527742
257 2.31522503535
258 2.83858520808
259 2.38406178997
260 2.30961982225
261 2.44898976256
262 2.43957470523
263 1.89096739973
264 2.53374809075
265 2.53916766385
266 2.27388648113
267 2.46434028365
268 2.45930075528
269 2.28992685677
270 2.41201952187
271 2.6766198414
272 2.3775108844
273 2.3687147528
274 2.5995819857
275 2.32924510041
276 2.23950397808
277 2.32483403214
278 2.31412182279
279 2.445025823
280 2.19210273458
281 2.19550189861
282 2.13633153145
283 2.2530822736
284 2.18651035863
285 2.49621190041
286 2.3605504279
287 2.10888409736
288 2.13644055029
289 2.02251540093
290 2.30531271132
291 2.09335338004
292 2.19208819082
293 2.64113811117
294 2.54018557276
295 2.64431178935
296 2.65469115993
297 2.56660871825
298 3.22400693131
299 3.1073118954
300 2.69198504744
301 2.5073328145
302 2.84784064636
303 3.09547931051
304 3.25770056919
305 3.19839439055
306 3.27751365846
307 3.99683986457
308 3.96509110504
309 3.93020755541
310 3.56340750341
311 3.75773399762
312 3.81029058843
313 4.17399279353
314 4.11095739104
315 3.87909055875
316 4.17614927916
317 4.11643994922
318 4.43179878394
319 4.47675105591
320 4.54465129473
321 4.48183130259
322 4.42468630987
323 4.70801073119
324 5.07578580405
325 4.87757180239
326 4.98622511811
327 4.89406122698
328 4.48379725282
329 4.47742632648
330 4.77884565066
331 4.78978064786
332 4.7110608819
333 4.46491192393
334 4.79779207375
335 4.85543903042
336 4.84782471201
337 4.65671426597
338 4.66424480755
339 4.64639381684
340 4.33099705165
341 4.93059742141
342 4.69899802667
343 4.30641510483
344 4.43603104582
345 4.53925515862
346 4.3386020631
347 4.031338204
348 4.26131292308
349 4.771969013
350 4.31766275172
351 4.32496499926
352 4.37160764863
353 4.24944174555
354 4.36592148543
355 4.51869116151
356 4.9048554485
357 4.45249153451
358 4.24581518712
359 4.40678753043
360 4.2737619416
361 4.27482211593
362 4.44848798576
363 4.24846482609
364 3.86972972301
365 3.87939948953
366 3.20092780526
367 3.71294337104
368 3.75630327677
369 3.52090107251
370 3.47726721754
371 3.47910892027
372 3.5202070521
373 3.44323993179
374 3.6421362136
375 4.21755943247
376 4.15021093128
377 3.76137104373
378 3.49092724232
379 3.21766306012
380 3.47647420335
381 3.71927190119
382 3.66760705279
383 3.58772280555
384 3.61036046283
385 3.18845394321
386 3.39454486701
387 3.02905286265
388 3.33792097247
389 3.65615710146
390 3.6617462784
391 3.07934624816
392 3.27945988338
393 3.6065496828
394 3.3936457944
395 3.46219754845
396 3.30539481305
397 3.13877568608
398 2.83570947926
399 3.01164282434
400 2.57661640223
401 2.45176678477
402 2.81726468844
403 3.02167666342
404 3.41590642196
405 3.1527033529
406 3.76964187027
407 3.45532000194
408 3.35787823829
409 3.71297906383
410 4.16180762102
411 4.18543882588
412 3.8919561415
413 3.80213410563
414 4.12793429356
415 3.75640228582
416 3.56603960066
417 3.92647104919
418 3.71800703232
419 3.58216326901
420 3.67614226065
421 4.16917104152
422 3.94474071865
423 4.04591629468
424 3.39550239294
425 3.17334361281
426 3.40542595066
427 3.99267826948
428 3.93765475613
429 3.90362849464
430 3.63495692356
431 3.41583600211
432 3.46596434516
433 3.03240433754
434 3.70332187779
435 4.16318335397
436 4.03917346644
437 3.55034302872
438 3.29816580399
439 3.55412407938
440 3.43133696022
441 3.78906905668
442 3.12956323759
443 3.14595345692
444 3.25549620187
445 3.45915825537
446 3.73970976289
447 3.63884477087
448 3.55989476241
449 3.69341623701
450 3.83909817624
451 3.14208241732
452 3.40497838773
453 3.82726404501
454 3.38344294165
455 3.60464692141
456 3.66843355688
457 3.64088852109
458 3.97721520024
459 3.87762225677
460 3.5525333455
461 3.24393646692
462 3.69420855421
463 3.67835642797
464 3.85568985322
465 3.90934390052
466 3.76476965822
467 3.84895511018
468 3.87710311508
469 4.23316135369
470 4.25902727773
471 3.85760456745
472 4.28079408272
473 4.1932164847
474 4.40235376028
475 4.1168607538
476 4.69025908993
477 4.36084574481
478 4.45734600191
479 4.62099772801
480 4.42289327786
481 4.77382291044
482 4.58489971367
483 4.39817371055
484 4.62302486736
485 4.49423559216
486 4.58521612107
487 4.52909818121
488 4.51904397875
489 4.46624192821
490 4.3678283933
491 4.38182270416
492 4.5886222963
493 4.36765243184
494 4.65246373271
495 4.54115147467
496 4.57892122703
497 4.66230669328
498 4.68038265619
499 4.45960859297
500 4.49906772167
501 4.79635566093
502 4.4134116287
503 4.46767811209
504 4.46239198357
505 4.91409623995
506 4.46761439999
507 4.34006767749
508 4.73853236208
509 4.54423982285
510 4.58433100475
511 4.73754322261
512 4.51643739305
513 4.73565206688
514 4.60107866517
515 4.21546917519
516 4.33943496062
517 4.4072697899
518 3.99900744401
519 4.26803952097
520 4.39604371186
521 4.5366923529
522 4.28012080016
523 4.48631628253
524 4.31779659955
525 4.60721788026
526 4.76516630919
527 4.27474801455
528 4.13329379665
529 3.9859937187
530 4.39281523131
531 4.41543803757
532 4.39448905199
533 4.7780893572
534 4.59968599951
535 5.08463281583
536 4.97495543094
537 5.07216871231
538 5.06568121376
539 4.49923977967
540 4.53012487929
541 4.94876491125
542 5.2170406921
543 4.84462154576
544 4.92022658739
545 5.02378510452
546 5.10906213974
547 4.94435611517
548 5.06856773925
549 5.2315786174
550 4.38814229654
551 4.64396978825
552 4.72457317622
553 4.51747020203
554 4.53395319291
555 5.43263784321
556 5.04874982355
557 4.8162884041
558 5.31676884915
559 5.22103589091
560 5.00881629464
561 5.15316225872
562 4.78632337601
563 4.65918493933
564 4.28388105529
565 4.09381735204
566 3.96558713016
567 3.81253854265
568 4.17342863082
569 4.38933835236
570 4.47762684203
571 3.9938144393
572 4.33489875213
573 4.0292822243
574 4.09637492933
575 4.40231195918
576 4.34107799192
577 4.15651165081
578 4.01882342126
579 4.43072736606
580 4.29792933663
581 4.45203796728
582 4.21341273668
583 4.14256828331
584 4.41373333086
585 4.51513045195
586 5.00138147635
587 4.93780152274
588 4.28211334291
589 4.31664649323
590 5.08115223621
591 4.86942216195
592 4.54254080087
593 4.51913522823
594 4.62858560227
595 4.75085756676
596 4.26876810347
597 3.89307571931
598 3.99924169061
599 4.18062335508
600 4.34574872765
601 4.35162301684
602 4.41942098991
603 4.37590191901
604 4.85683840081
605 4.30383414273
606 4.65805009037
607 5.14676051096
608 4.95150648407
609 4.30611051591
610 4.54884427493
611 4.41861923946
612 4.35267621615
613 4.85236422859
614 4.61000145446
615 5.19289233956
616 5.5059214286
617 5.26672010301
618 5.48429076309
619 5.38753238823
620 5.27635079102
621 5.31386904193
622 5.49636804171
623 4.97782325744
624 5.30612142691
625 4.96353931147
626 5.00870744729
627 5.11307006943
628 5.47446092487
629 5.25336075315
630 5.12260696331
631 5.21087410189
632 4.73256057212
633 4.72766772977
634 4.87315504897
635 5.24204807113
636 5.37489679412
637 5.32390886881
638 5.36241985117
639 5.45455827375
640 5.1448855575
641 5.35458994048
642 5.37380268641
643 4.90280735101
644 4.42468126552
645 4.42951344361
646 4.81812951293
647 4.87522104151
648 5.00260508504
649 5.28154680862
650 5.88080532497
651 5.42785833283
652 5.61451649249
653 5.5230345255
654 5.40171174708
655 5.88409737357
656 5.71221683128
657 5.91382322656
658 6.00545010402
659 5.59531657052
660 5.40712244339
661 5.51330403764
662 5.37980830001
663 5.29965320143
664 5.7477837142
665 5.36411468558
666 5.57041028635
667 5.30390890445
668 5.66959250384
669 5.625501329
670 5.2972239073
671 5.34969593086
672 4.84786693613
673 5.08785708272
674 5.1079323016
675 5.05991300975
676 5.19176191584
677 4.76750574163
678 5.1662593919
679 4.95602028111
680 5.06415176886
681 5.07992871978
682 5.01748237568
683 4.89359740658
684 5.05675377928
685 5.49624699062
686 5.42631959739
687 5.04946184862
688 5.42157783981
689 5.2376902342
690 5.0959304641
691 4.8481877836
692 4.96656904022
693 5.40523138756
694 5.4332389644
695 5.67586690752
696 5.78584090377
697 6.1510324292
698 5.71374007658
699 6.21197176431
700 6.18992668332
701 5.79179369085
702 6.31467561811
703 6.30779258912
704 6.09062315171
705 6.11942346247
706 6.14508341259
707 6.45640253918
708 5.86754300457
709 6.0985202728
710 6.45924162084
711 6.61607263932
712 6.37256000714
713 6.49625023394
714 6.27057802554
715 6.23285702472
716 6.1205067146
717 6.36382513313
718 6.64685975658
719 6.40672984387
720 5.96234630585
721 5.99499016346
722 6.30346579706
723 5.91753323211
724 6.00569976168
725 6.04644727536
726 6.2838396933
727 6.53872007306
728 6.52657981847
729 6.86103627561
730 6.50544041544
731 6.39892578376
732 7.06271412176
733 6.69211621288
734 6.62232290605
735 6.77629908417
736 6.54567405281
737 6.62271605222
738 6.46733213755
739 6.4214368948
740 6.11232741273
741 5.98298285953
742 6.40319865368
743 6.33530284463
744 6.39545005771
745 6.32542084272
746 6.38039286496
747 6.46137264633
748 6.05688540533
749 5.77506157895
750 6.14879139576
751 6.05726643893
752 6.19029599121
753 6.03981850448
754 5.84832757196
755 6.12735921348
756 6.39034878686
757 6.07785534241
758 6.18404875051
759 5.8988811146
760 6.04325786746
761 6.04643226693
762 5.72909741085
763 5.87326390847
764 6.86026030525
765 6.76343839079
766 7.10831348118
767 6.26980110797
768 6.34050313284
769 6.01167813319
770 5.94068173996
771 6.55153335987
772 6.45685702599
773 6.80478859371
774 6.72469778195
775 6.51198691951
776 7.07456233189
777 6.78005146722
778 7.21701246206
779 7.57207995982
780 7.44482018629
781 7.06845960748
782 6.59249148391
783 6.58237868442
784 6.71364096366
785 6.43055797649
786 6.22081342697
787 6.135163606
788 6.37911109497
789 6.11187195892
790 6.18807703596
791 6.61657731885
792 6.30186975863
793 6.85948016982
794 6.77617437812
795 6.83389142148
796 7.09040615546
797 6.71849328199
798 6.49520391818
799 6.59282167173
800 6.73214201368
801 7.37377346175
802 7.33070784153
803 7.01475138007
804 6.48689371548
805 6.51057820109
806 6.78884036984
807 6.61021351741
808 5.89536820075
809 5.87087250437
810 6.04252085535
811 6.18416498558
812 5.78974132317
813 6.22922497586
814 6.73652139907
815 7.10692837421
816 6.90719704218
817 6.41830353881
818 7.22531229152
819 6.31264849653
820 5.84653556341
821 6.1155153082
822 6.42754944442
823 5.98101363893
824 6.00820758387
825 6.21098335365
826 6.54070832689
827 6.59046472309
828 6.87395491498
829 6.74445903434
830 6.44323415751
831 6.10895557006
832 6.67309937678
833 5.85586469392
834 5.33529955473
835 5.5819062089
836 5.99759293975
837 5.58194817172
838 5.78798902711
839 6.5162651351
840 6.40707243023
841 6.80252108549
842 6.50456738671
843 6.71594961553
844 6.76603134334
845 6.57087690794
846 6.06026550826
847 5.85456769932
848 6.34432678363
849 6.82449852451
850 7.14380024539
851 7.42557357964
852 6.47385923116
853 6.33422938963
854 6.58744953847
855 6.63773287536
856 6.02845201506
857 6.57565412643
858 6.42869165353
859 6.67384094085
860 6.53560959646
861 6.5593369759
862 6.63740679591
863 6.30779397252
864 6.1044530733
865 5.8939681938
866 5.70877825939
867 5.83494099604
868 5.67350943038
869 6.71983793319
870 7.35050214876
871 6.78072546079
872 6.49249064156
873 6.31620077238
874 5.94483836818
875 5.84776029501
876 6.04743348909
877 5.67270381651
878 6.04554353883
879 6.25184138437
880 6.5551053405
881 6.16911312223
882 6.74000377052
883 6.46002693387
884 5.47679060576
885 5.41930773646
886 5.8248664649
887 5.64132338993
888 6.0956821324
889 6.16573277223
890 6.23127889687
891 5.53344747862
892 5.89835767329
893 6.18124460892
894 6.67082793058
895 6.54982303121
896 6.68341915266
897 7.09413777311
898 6.45545862917
899 6.98307028194
900 6.85199642833
901 7.25199929048
902 7.09621805547
903 6.78814805624
904 7.73223751166
905 7.911727063
906 7.95438028958
907 7.60865997303
908 8.02596976355
909 7.92956160919
910 8.11802972129
911 8.62110440445
912 8.24747492566
913 8.21878863596
914 8.31515928308
915 8.1247548045
916 8.13608108798
917 7.63570763391
918 7.87215448699
919 7.42907715662
920 7.23540780647
921 7.51728491823
922 7.58680488418
923 6.93187449534
924 7.06530466349
925 7.28981862568
926 7.13489368377
927 6.72379466909
928 6.6055302268
929 6.83516921862
930 6.7171351736
931 6.41102912872
932 7.10983552022
933 7.29749744399
934 7.52970379994
935 7.34830067472
936 7.43057759029
937 7.5289090623
938 7.09722603716
939 7.30105327175
940 7.66855913205
941 7.31001934451
942 6.72648461746
943 6.53572575496
944 6.29551715915
945 6.66290242798
946 6.61466886189
947 6.98501685857
948 6.96784849475
949 6.58739755316
950 7.47460354532
951 7.1236242942
952 7.08572573316
953 6.87671185743
954 6.70699484732
955 6.52244855043
956 6.92173100348
957 7.26341409408
958 7.4232462012
959 7.5756511994
960 7.58735212254
961 7.5040362418
962 7.15464234213
963 8.00542798682
964 7.79665984163
965 7.27759927894
966 7.57318240631
967 7.61297851098
968 7.38888033962
969 7.86021356081
970 7.40958556721
971 7.35634002598
972 7.14293269892
973 7.61861333843
974 7.86344673041
975 8.07031064618
976 8.20909172641
977 8.42789247508
978 8.01253422852
979 8.07406374632
980 7.98597766441
981 8.03215034945
982 7.57802202168
983 7.61412827429
984 7.64525919247
985 7.6474163357
986 7.72402288944
987 6.87229916956
988 6.70897613624
989 6.78425426669
990 7.34488131803
991 7.16169490228
992 7.27787931216
993 7.47163701616
994 7.38585154325
995 7.10725511949
996 7.54837939193
997 8.36747080095
998 8.28801811681
999 8.1967113953
