0 0.0
1 0.182176482598
2 0.114959295105
3 -0.115972225848
4 0.0981660844158
5 0.00332056460502
6 0.0614385418922
7 0.013510403474
8 0.361920494782
9 0.209454391422
10 -0.158096226999
11 -0.149475756017
12 -0.0327801970824
13 -0.0629782777251
14 0.199963106316
15 0.220639398553
16 0.19770391263
17 0.175273363059
18 0.3519728053
19 0.132194905788
20 0.276262132098
21 0.428708843237
22 0.428650778729
23 0.368894369523
24 -0.13477846634
25 0.362183070586
26 0.197549251875
27 0.0171487431814
28 0.267546894452
29 -0.110930680348
30 0.279126498601
31 -0.0759119774417
32 0.249690231795
33 0.313395997697
34 0.251793060763
35 -0.0538625246577
36 0.220999453689
37 0.224299605626
38 0.107553566485
39 0.282447079258
40 0.0934862841942
41 0.513904713428
42 -0.0454632955313
43 0.212057345626
44 -0.0536999562983
45 0.23460617361
46 0.144136297238
47 -0.0130291493951
48 -0.00341876951177
49 0.128642337433
50 0.00899262644237
51 0.0997513824679
52 0.308960842427
53 0.370364054699
54 0.0521896121827
55 0.161371268498
56 0.324147646746
57 0.34055532469
58 0.196026053985
59 0.443963674848
60 0.502315235368
61 0.233326044213
62 0.458552037482
63 0.398847291924
64 0.581927104164
65 0.574938189075
66 0.321415154252
67 0.596770768956
68 0.439593584531
69 0.731984252253
70 0.692994564384
71 0.740342543488
72 0.679260012853
73 0.69331740733
74 0.418768216745
75 0.535307505183
76 0.574969635557
77 0.670210258332
78 0.480402782749
79 0.864191388518
80 0.541332991907
81 0.965957595852
82 0.756773303196
83 0.822819365684
84 0.896219635029
85 0.730090736791
86 0.710464728832
87 0.627879248235
88 0.474173623343
89 0.353287135982
90 0.471271389406
91 0.54928758585
92 0.437227646915
93 0.702748555253
94 0.768735063301
95 0.860724106444
96 0.876978636234
97 0.610194708307
98 0.919803426963
99 0.749314068415
100 0.746395820434
101 0.652760206005
102 0.581425313941
103 0.547124986396
104 0.500319672179
105 0.835980744412
106 0.581551782078
107 0.378778445198
108 0.493117407977
109 0.759500672657
110 0.788533706116
111 0.866707851281
112 1.0955223707
113 0.787210707089
114 0.536246360839
115 0.696266016715
116 0.413851701094
117 0.535268425108
118 0.613999679874
119 0.621584975082
120 0.523595385413
121 0.654623896376
122 0.603370622714
123 0.649673107268
124 0.705869241098
125 0.839706311508
126 0.592372475104
127 0.628375165529
128 0.794776161316
129 0.60126745174
130 0.876227206469
131 0.955539688599
132 1.0795570606
133 0.780040664513
134 0.83774446682
135 0.800769519054
136 0.448172787389
137 0.551314777792
138 0.385622802869
139 0.90759614069
140 0.810449168242
141 0.734935459005
142 0.774608234313
143 0.893905138035
144 0.614879558238
145 1.02815859636
146 0.871222369307
147 1.0717205116
148 0.889777825351
149 0.823101115407
150 0.996743202305
151 0.901972439906
152 0.749390055531
153 0.522742010872
154 0.810850090968
155 0.762835280744
156 0.634628432139
157 0.829018451204
158 0.627220189902
159 1.00087112387
160 0.833115600538
161 0.792518896373
162 0.63837230381
163 0.745552685291
164 0.44061490381
165 0.336241336117
166 0.571535036521
167 0.731595474294
168 0.433842239554
169 0.594471480696
170 0.707555813603
171 0.643701838946
172 0.457853426048
173 0.556441235657
174 0.620190535774
175 0.729509597905
176 0.816617808716
177 0.604543771396
178 0.803584578175
179 0.530351565981
180 0.516868695886
181 0.75596112523
182 0.532345817689
183 0.816727772077
184 0.725887173616
185 0.654106464101
186 0.878933757291
187 0.83862833324
188 0.741228945205
189 0.459809254752
190 0.848735843204
191 0.850963719947
192 0.653249447012
193 0.822904218462
194 0.797677250841
195 0.75840329111
196 1.10291036802
197 1.17154967647
198 1.14184489773
199 0.825650261375
200 0.975803171092
201 1.02595868001
202 1.11770671784
203 1.05147416933
204 1.11024603014
205 1.08220023965
206 0.966767630499
207 0.784816291347
208 0.784002338593
209 1.22489839819
210 0.997433446495
211 1.22413458092
212 1.07077674477
213 1.09604810117
214 1.47444385874
215 1.3410637157
216 1.26243792932
217 1.29889566712
218 0.942076817622
219 1.10547898053
220 1.32923570548
221 1.05865931853
222 1.08936731259
223 1.16097511304
224 1.15150064414
225 1.08026350868
226 1.36404266575
227 1.43197403472
228 1.5694323999
229 1.6070551271
230 1.55967780092
231 1.43045210198
232 1.38372528146
233 1.37064211424
234 1.22946975875
235 1.19066959036
236 1.16723662788
237 1.24387808253
238 1.24285262374
239 1.01605081043
240 1.09649112178
241 1.28028508239
242 0.929895787982
243 0.746040882307
244 0.889220721144
245 0.857138214618
246 0.800178192557
247 1.12858047125
248 0.973320908241
249 1.10589737812
250 1.36051277258
251 1.19103429015
252 1.29311181604
253 1.43289600251
254 1.31267290125
255 1.29144672357
256 1.49207823089
257 1.48952448126
258 1.6013751351
259 1.90440858424
260 1.84102087851
261 1.52162787288
262 1.6224085418
263 1.51075658629
264 1.71353118848
265 1.67182795042
266 1.73123594707
267 1.59709969314
268 1.42361498818
269 1.410617709
270 1.55412772432
271 1.71937569421
272 1.52736636802
273 1.57573759126
274 1.69528056449
275 1.75554568844
276 1.43029532999
277 1.79116670271
278 1.95099847769
279 1.77722312096
280 2.08233230338
281 1.80144807761
282 1.60325751448
283 1.09350780453
284 1.65466029776
285 1.61097378706
286 2.1689475071
287 1.78676915453
288 1.67433813107
289 1.67470727378
290 1.91425581216
291 1.68535126445
292 1.60190794207
293 1.48748642665
294 1.640668158
295 1.60049089617
296 1.48287631894
297 1.83750606946
298 1.81246341368
299 1.80764922009
300 1.86551128394
301 2.08398546578
302 2.0718887731
303 2.01612176082
304 1.98900960123
305 2.04579129454
306 1.81720553103
307 2.28795081995
308 2.07917171498
309 1.93831358449
310 1.88538897543
311 1.75268652196
312 1.94891766614
313 1.71365328675
314 1.71373048516
315 1.62212531855
316 1.86442920629
317 1.69877158753
318 1.65390682846
319 1.58060541651
320 1.22932908271
321 1.68471845564
322 1.74525361467
323 1.79031680408
324 1.82893151082
325 1.70119558236
326 1.62944616912
327 1.43167373696
328 1.75047660774
329 1.57429192798
330 1.57391552302
331 1.44035113271
332 1.41041109406
333 1.75352166054
334 1.83363127609
335 2.01219055458
336 2.02600624461
337 2.04544111794
338 2.15258104345
339 2.14276329921
340 2.03154164475
341 1.80961458857
342 1.80740117352
343 1.53667847396
344 1.64143789692
345 1.5317534231
346 2.10250348387
347 1.94584449554
348 1.9845122281
349 1.94008616244
350 1.7587549952
351 1.7212584713
352 1.85645040991
353 2.04862907287
354 1.94495315988
355 2.38595878206
356 2.46507726631
357 2.36463981069
358 2.35753435352
359 2.97626328227
360 2.50646105589
361 2.70696290488
362 2.60659612123
363 2.64431545442
364 2.63056851027
365 2.87176724845
366 2.69801232772
367 2.69520740764
368 2.6755069369
369 2.62327118417
370 2.74935256866
371 2.72676154693
372 2.61806344674
373 2.56995998362
374 2.7696790271
375 2.65507501375
376 3.10463739491
377 2.82307989011
378 3.63483061212
379 3.11906850277
380 2.72907714431
381 3.06247789535
382 3.32279623209
383 3.29666086093
384 3.29398275791
385 3.04600269885
386 2.76892056324
387 2.68622431407
388 2.82625687765
389 2.76450863258
390 2.60350132113
391 2.55864733361
392 3.05551098763
393 3.26616193649
394 3.03485338398
395 3.0822628205
396 2.71237348695
397 2.46064494456
398 2.95039091276
399 2.6821119635
400 2.39076611533
401 2.395829691
402 2.25582753256
403 2.25901179986
404 2.30522054661
405 2.75134517017
406 2.66579830835
407 2.63874764207
408 2.83136671008
409 3.25204203044
410 3.09882600366
411 3.15065946398
412 3.25300640277
413 3.1307984579
414 2.84366777218
415 2.88211296592
416 3.21986957958
417 2.44137815453
418 3.0639338733
419 3.45767365772
420 3.46916222874
421 3.63311975737
422 3.50595543761
423 3.04521968708
424 2.65902420955
425 2.54156735753
426 2.86010763376
427 3.09861930658
428 2.78949760515
429 3.31115868309
430 3.33202780373
431 3.61059197136
432 3.74175817958
433 3.66700700889
434 3.21336393046
435 3.34443742825
436 3.35734941938
437 3.20410101177
438 3.2642514654
439 3.70695068668
440 3.61040974237
441 3.69317499973
442 3.64531843615
443 3.69944891815
444 3.22341146047
445 3.38965344234
446 3.27604159261
447 3.46229799754
448 3.14669786229
449 3.23881027539
450 3.33902768933
451 3.60637674119
452 3.37264840624
453 3.18247484017
454 3.63214852018
455 3.83472463803
456 3.22767167304
457 3.24870364122
458 3.93819178087
459 3.99007947206
460 3.57172414402
461 3.43405664117
462 3.69212953182
463 3.67817896515
464 3.76872019184
465 3.61938071885
466 3.45830576066
467 3.77237429486
468 3.93314687258
469 3.53024502639
470 3.59144993669
471 3.62552228046
472 3.31630463493
473 3.01951909364
474 3.19771429534
475 3.56180403555
476 3.77699838122
477 3.43044612096
478 3.37279659448
479 3.31998200376
480 3.73475550998
481 3.97117879397
482 3.93920803954
483 3.55266825127
484 3.63630139726
485 3.45281757318
486 3.63165829778
487 3.51026005855
488 3.33209821636
489 3.36976844873
490 3.67014505079
491 4.09396395952
492 4.18452239496
493 3.93899231703
494 3.48103562004
495 3.59419243253
496 2.760830123
497 3.23887014702
498 3.44824240172
499 3.49429602374
500 3.38056705889
501 3.23342906472
502 3.45146790143
503 3.69736063357
504 3.85322860835
505 3.96458217389
506 3.74399706753
507 3.68985312365
508 3.47574086526
509 3.49363158517
510 3.5238523158
511 3.38049329636
512 3.13471020534
513 2.81594672142
514 3.12649195408
515 2.97900583011
516 2.76215433194
517 3.00120941923
518 2.99401443211
519 2.97290687972
520 2.84672679932
521 2.66436901986
522 2.72925837959
523 3.12872284897
524 3.16589269011
525 2.81750503843
526 2.83301804346
527 3.20736674316
528 3.13604334481
529 3.21889490775
530 3.90541814364
531 4.07148715363
532 3.10312972655
533 3.68720008123
534 3.4584015867
535 3.47525697048
536 3.93690145085
537 4.27763665085
538 4.38987409605
539 4.67748913041
540 4.36211133187
541 4.2954396476
542 4.3069898471
543 4.10613343276
544 3.62835927929
545 3.51219421138
546 3.6198262488
547 3.58805710152
548 4.51884422727
549 3.97323513752
550 3.67038844509
551 3.55094895841
552 3.4299916293
553 3.17453423709
554 3.01939281635
555 3.41093504601
556 3.72211956034
557 3.99216667035
558 3.87656001981
559 3.88099030038
560 4.03647781232
561 3.89546918297
562 3.91648896754
563 3.3210946408
564 3.41199895401
565 3.56849560687
566 3.6549899982
567 3.95179027438
568 4.22995470186
569 4.10480080005
570 4.36205850215
571 4.26228221143
572 4.46893266948
573 4.46653301647
574 4.41679380984
575 4.11413147009
576 4.1297744478
577 4.18705447962
578 4.15875346821
579 4.49564750972
580 4.37908745502
581 5.0696671506
582 5.39516801225
583 5.58245400558
584 5.68468732783
585 5.61280603174
586 5.77433628258
587 5.45944324358
588 5.39416355723
589 5.41081121539
590 5.42123648062
591 5.1521895076
592 4.90419164517
593 4.94080375179
594 4.72655674419
595 4.70878804848
596 4.42835557618
597 3.89440066213
598 4.06351525126
599 4.16726682567
600 3.73764156635
601 3.49738780054
602 3.48562233876
603 3.80926293113
604 3.85083400962
605 4.30889526495
606 4.56973243538
607 4.56380838557
608 4.29995115816
609 4.34304298008
610 4.35562917035
611 4.33402216891
612 4.52422471213
613 4.7739636089
614 4.73987079385
615 4.27972638163
616 4.16472418113
617 3.86617493708
618 3.62415920347
619 4.17147667464
620 4.01616065187
621 4.59823360817
622 4.17642287214
623 4.31605166937
624 4.02024522253
625 4.12315759522
626 4.06044609159
627 3.83974075147
628 4.46601938238
629 3.76660967111
630 3.7526180839
631 3.52104109644
632 3.94664472068
633 3.6199505883
634 4.05045211403
635 3.67053821539
636 3.28493580512
637 3.75841798548
638 4.23048496901
639 4.33290060022
640 4.33042982843
641 4.01101429345
642 3.82243163811
643 3.82913406436
644 4.21851823508
645 4.42020099419
646 4.73677228185
647 4.8755319794
648 5.31014791712
649 5.6077508987
650 5.15578551971
651 5.0689334814
652 4.86535179175
653 4.81203076224
654 5.77187270841
655 5.44568446319
656 5.70059472308
657 5.61967563877
658 6.54053613425
659 6.99895045178
660 6.47579682192
661 6.24780351441
662 6.52613983514
663 7.17491178015
664 6.93471616292
665 6.75672340024
666 6.21844048334
667 6.55895256489
668 7.0702648181
669 7.45908911658
670 7.81617401733
671 7.46490519444
672 7.98666367746
673 7.80940860766
674 7.76494370454
675 7.93552784097
676 8.0921689433
677 8.43156367619
678 8.70678922265
679 8.70476334439
680 9.33705747846
681 8.95973173317
682 9.7194648654
683 9.49894928011
684 9.89905508805
685 9.51124811628
686 9.7572403849
687 9.82916957287
688 10.241066528
689 10.1087601282
690 10.1411384081
691 9.9291777184
692 10.3305521618
693 10.3112073329
694 10.6875198602
695 10.5794379864
696 10.9448891196
697 11.1928991476
698 10.587489161
699 10.1935049467
700 10.0118139753
701 9.94970623066
702 10.7167389808
703 10.9287546476
704 11.0582109226
705 11.1618441153
706 10.5324832359
707 11.0928520337
708 11.1318375252
709 10.9606874158
710 10.7672012731
711 11.1810853062
712 10.4606552559
713 10.3293544897
714 9.99061485502
715 10.0765567917
716 10.8744944509
717 11.5892013805
718 11.7342159226
719 11.7036558422
720 11.3444024723
721 11.9522218142
722 12.069503338
723 12.111629458
724 13.2242578761
725 12.3149352958
726 12.4769636798
727 13.0646087799
728 14.0073802876
729 13.8151671136
730 13.6072498149
731 13.8842952668
732 13.452742272
733 12.8169828968
734 12.5465105615
735 12.2910766845
736 11.8312025183
737 12.3605634797
738 12.1653532008
739 11.9213794108
740 12.1038471619
741 11.7425191338
742 12.0917685136
743 12.1336029514
744 11.8699317706
745 11.5110317761
746 11.0915175169
747 11.5158771344
748 11.71983365
749 11.4193169568
750 11.250717157
751 11.3059411258
752 13.8096936296
753 11.078457033
754 10.7214101333
755 11.0968037897
756 10.9869276862
757 10.8590018436
758 11.5658543068
759 11.222866247
760 10.7361815138
761 10.8227810599
762 10.6045784734
763 9.64955461783
764 10.0490330959
765 9.98512525683
766 10.2550995907
767 11.1489575379
768 11.7639727445
769 12.3330520475
770 11.8249114284
771 11.6614626936
772 11.902933275
773 11.3396289007
774 10.9804994717
775 11.1057468179
776 10.9010893504
777 11.0062214537
778 11.4360448003
779 11.7035107982
780 11.2571888791
781 11.5277162189
782 11.5904977511
783 11.8872867736
784 11.7773520585
785 11.9190855095
786 11.1612186952
787 10.9958970617
788 11.2007585495
789 11.4598091823
790 11.4921020387
791 11.4871621305
792 11.2125936628
793 11.2359252197
794 11.2455475297
795 11.7301940444
796 11.7156782889
797 12.0705824651
798 12.114108374
799 12.2176820227
800 11.6766697399
801 11.4180789943
802 11.5254944415
803 11.6955342992
804 11.4534665964
805 11.6555568213
806 11.2951004728
807 10.8819399258
808 10.639478275
809 10.9698188536
810 11.1021055639
811 10.8902940337
812 10.6462234153
813 10.3783441453
814 10.7648647724
815 11.3096514073
816 11.4194771693
817 11.4457155892
818 11.9696459607
819 11.5881995774
820 11.356901914
821 11.7727548649
822 11.6160306996
823 11.4771065311
824 11.6444418351
825 11.7078316113
826 11.6194518135
827 12.146760784
828 11.9916982635
829 11.374754616
830 11.4564691012
831 11.637726558
832 11.6756141791
833 11.8147475264
834 11.9269745011
835 11.4019731703
836 11.6146694462
837 11.3221392277
838 11.7354264266
839 11.8933633291
840 11.9641723754
841 11.9886925313
842 11.5330525474
843 12.3877077193
844 11.7271870511
845 12.0721430099
846 11.866783235
847 11.2635676457
848 11.4097487687
849 11.580790119
850 12.1371214598
851 12.5981371858
852 12.5266057143
853 12.2079599782
854 12.4275643818
855 12.3536684467
856 12.5845862468
857 11.8935447595
858 12.4049506531
859 12.3764736775
860 12.2997178358
861 12.3872797899
862 12.674411123
863 12.2934262595
864 12.2620966694
865 12.6568078657
866 12.4167108254
867 13.0237693219
868 12.6048276294
869 12.8948241408
870 13.3887306765
871 14.0148316468
872 13.2899983133
873 13.5819824183
874 13.9528959398
875 13.6897353415
876 14.0896572138
877 13.9003464969
878 14.0059949843
879 13.7404958894
880 14.2484012212
881 14.7760207933
882 14.5954258307
883 13.7103033119
884 13.5942915476
885 13.9519241824
886 13.9110608294
887 14.1445566238
888 18.7949618283
889 18.5219997018
890 17.2806752969
891 17.6679413899
892 17.3258606738
893 16.7035309678
894 17.0424031984
895 17.1552976148
896 17.5775117271
897 18.1314447438
898 17.6780781884
899 18.1460510506
900 17.5464112287
901 17.6478203675
902 17.4783282722
903 17.6025416364
904 17.6515243953
905 17.5729989658
906 17.271044625
907 17.7601887682
908 14.1428714179
909 14.2090654614
910 14.3064151618
911 14.4942287088
912 15.3938804997
913 15.4142375845
914 15.4088979987
915 15.4046138112
916 15.6116238644
917 15.4210536672
918 15.2365535994
919 15.1140785416
920 15.1041217055
921 15.3441804349
922 15.690608369
923 15.4872578448
924 15.8074514941
925 15.6292164519
926 15.6306222249
927 15.5726893993
928 15.7867898273
929 15.2667812724
930 15.2064420044
931 14.8046297453
932 15.1850765462
933 15.054410362
934 15.9726550052
935 15.4579623885
936 15.6157817818
937 16.0291208607
938 15.7799233782
939 15.6861114876
940 15.8238838738
941 15.7900497915
942 15.8778414629
943 16.0280236913
944 15.5906046631
945 16.4504971318
946 16.4745644476
947 16.8716580389
948 17.2290730566
949 17.7318514942
950 17.4647994342
951 17.3995649852
952 16.9680985361
953 16.7804520433
954 16.1269446554
955 16.5303917843
956 16.5978349753
957 16.3070782939
958 16.0933913456
959 16.3585657885
960 15.6569318046
961 15.5032486563
962 15.2772009353
963 15.6806891034
964 15.6619807563
965 15.4653918198
966 15.3952256571
967 16.1885616042
968 16.5879038533
969 16.5181702325
970 16.9028769993
971 17.3032793413
972 17.9271331545
973 18.0256063633
974 17.7767366102
975 17.8243284498
976 17.7462617625
977 17.8204915866
978 17.7041561424
979 17.5332807649
980 17.324921252
981 17.3749904555
982 17.5648445821
983 17.0595739517
984 16.9877278389
985 17.1984280578
986 17.0408567184
987 16.9891410915
988 18.0713519445
989 17.7592066604
990 17.6545790748
991 17.6754869495
992 17.9999181992
993 17.875465545
994 16.9169721928
995 16.5363736957
996 16.5957624524
997 16.4302192561
998 16.5063400222
999 16.4213267305
