0 0.0
1 -0.0568796276706
2 -0.374755388929
3 0.0055673061043
4 0.00802555146631
5 -0.134493865031
6 -0.113600343936
7 0.102808899026
8 -0.045565961405
9 0.255545825877
10 0.00109721092483
11 -0.00852962656649
12 -0.138989854761
13 0.0808384709923
14 0.0607048075289
15 -0.0278120971143
16 0.253556147228
17 -0.310184897877
18 -0.296040792114
19 -0.184635494444
20 -0.4106212683
21 -0.148007187583
22 -0.338208510012
23 -0.257529014937
24 -0.22643517221
25 -0.110826307176
26 -0.305261066188
27 -0.283070321665
28 -0.171513646223
29 -0.24351803633
30 -0.329387339858
31 0.0445965511616
32 -0.151869060029
33 -0.176141743423
34 -0.0455651019849
35 -0.17424912916
36 -0.22468636621
37 0.24458126849
38 0.101344126704
39 0.250589344597
40 0.215530471208
41 -0.0906827123681
42 0.510948352175
43 0.0336280567588
44 0.314996087357
45 0.0917237804288
46 0.226686804054
47 -0.154136601983
48 0.137698998362
49 0.260800148976
50 0.0917655924499
51 0.151090590992
52 -0.034823767263
53 0.114833127904
54 0.309448200644
55 0.226794359463
56 0.140406279792
57 0.22180391512
58 0.0772733356047
59 0.311759191353
60 0.302375710482
61 0.13980556191
62 0.227015948128
63 0.0463111985533
64 0.076481138301
65 0.154799558102
66 0.268855441769
67 0.252237941237
68 0.294140701467
69 0.0951113979912
70 0.288742326825
71 0.289893782998
72 0.49243376287
73 0.244982083224
74 0.589046267203
75 0.4441691498
76 0.425879128255
77 0.277070715686
78 0.272389318964
79 0.406495312152
80 0.498494411487
81 0.342546954461
82 0.58352770943
83 0.364864101745
84 0.481798402584
85 0.213068412355
86 0.315060626317
87 0.487600775994
88 0.0938241197283
89 0.165231188911
90 0.250618421128
91 0.237982857721
92 0.321406356394
93 0.264561703566
94 0.116986311363
95 0.423676764168
96 0.14505232527
97 0.203272666801
98 0.324417535556
99 0.203436534891
100 0.270975779709
101 0.45521911947
102 0.226922335813
103 0.420612600154
104 0.424737923345
105 0.331000994583
106 0.206312344454
107 0.271045457576
108 0.379898734771
109 0.368539197408
110 0.0972345830061
111 0.177937688048
112 0.189208018945
113 0.447166277471
114 0.505264266263
115 0.358959573802
116 0.334942791828
117 0.179105814433
118 0.170069865773
119 0.355113900519
120 0.357463472115
121 0.214024024328
122 0.339414620537
123 0.418702623014
124 0.273838332593
125 0.559987819786
126 0.442911319389
127 0.528339763002
128 0.496999466528
129 0.39462802449
130 0.189773294
131 0.49978692143
132 0.398376320174
133 0.761556925965
134 0.631062115195
135 0.52920063289
136 0.423364515656
137 0.414806256261
138 0.332287917855
139 0.512606773658
140 0.482825090152
141 0.62928347391
142 0.37971315391
143 0.341023150473
144 0.251345123858
145 0.166207952397
146 0.236184194206
147 0.285936200526
148 0.3913141081
149 0.382246923845
150 0.311304154601
151 0.327849592137
152 0.47736197477
153 0.276613900605
154 0.467142527523
155 0.395626856738
156 0.481718213045
157 0.710699074453
158 0.539825778439
159 0.704789820898
160 0.628606224455
161 0.71657066607
162 0.845794975482
163 0.618930202363
164 0.690920438615
165 0.802206719775
166 0.80770120413
167 0.598014498844
168 0.835662203816
169 0.556343680745
170 0.857281464425
171 0.438515077672
172 0.463481453951
173 0.726739308109
174 0.827139871594
175 0.674969372411
176 0.587489951933
177 0.416842478929
178 0.80150447277
179 0.56354688268
180 0.740275677958
181 0.5598443184
182 0.679770556634
183 0.547415039298
184 0.633355552408
185 0.446905542721
186 0.705480863524
187 0.865246593178
188 0.754274314697
189 0.7505143291
190 0.623659113538
191 0.540010006716
192 0.458387606586
193 0.853025989231
194 0.694183165799
195 0.615684908236
196 0.433566050877
197 0.380744662097
198 0.518791516232
199 0.699646740289
200 0.951559878909
201 0.436126294234
202 0.470722219784
203 0.670237358274
204 0.7937790252
205 0.848187769202
206 0.425113855573
207 0.498428628349
208 0.871366316727
209 0.543346017128
210 0.376721085315
211 0.562615321114
212 0.457530565151
213 0.592312504935
214 0.696095751239
215 0.697245076203
216 0.673172036322
217 0.679029873571
218 0.375905066226
219 0.642481442573
220 0.610152225151
221 0.827122562838
222 0.715480409444
223 0.541352272833
224 0.474223633255
225 0.406178438396
226 0.969979026887
227 0.613852828137
228 0.544607653629
229 0.743681736275
230 0.67260314391
231 0.778358622335
232 1.12689874417
233 0.629666757511
234 0.371118295029
235 0.481222986206
236 0.764874138108
237 0.546602609396
238 0.675699025364
239 0.659622269358
240 0.972893922566
241 0.852730624839
242 0.900333388028
243 1.09626396351
244 1.24414645249
245 0.974024622683
246 0.944198408023
247 1.03461169649
248 1.0745174871
249 0.88339833656
250 1.12899886603
251 1.5567678696
252 1.02666825846
253 1.12686546218
254 1.02683469957
255 1.24105727632
256 1.25254063307
257 1.03342970875
258 1.17140596926
259 1.24674154163
260 1.32160390593
261 1.25447303355
262 1.3625879496
263 1.40823577166
264 1.47673593444
265 1.27855033568
266 1.02820492025
267 1.45329694034
268 1.15560700829
269 1.0208058421
270 0.965723259271
271 0.999731766325
272 1.24583080238
273 1.26751540273
274 1.41554768573
275 1.09447909374
276 1.22058477945
277 1.17043533162
278 1.29206614424
279 1.1855537204
280 1.26071096643
281 1.2250405516
282 0.916708595064
283 1.08373441392
284 1.19125753096
285 1.43928637756
286 1.44338455266
287 1.15067434275
288 1.38545489238
289 1.19246073741
290 1.16664923602
291 1.26214826551
292 1.58615989446
293 1.21856606354
294 1.28227103241
295 1.47212877326
296 1.37883451959
297 1.39067917738
298 1.42239708164
299 1.63324091524
300 1.53099531368
301 1.59963520496
302 1.57206731582
303 1.30825481324
304 1.73842869519
305 1.44600446708
306 1.65933843702
307 1.43994421299
308 1.47868904893
309 1.29065633411
310 1.31460629989
311 1.30309350019
312 1.50094813285
313 1.4615910443
314 1.65649671171
315 1.52211183851
316 1.45311527468
317 1.34473058271
318 1.47668989768
319 1.61907872235
320 1.75008164103
321 1.66192967045
322 1.77231160987
323 1.94851579448
324 1.49456467798
325 1.8080356666
326 1.95748989639
327 1.88841844174
328 1.82372415785
329 2.07291792153
330 2.04232695869
331 2.07118339489
332 1.87844375831
333 2.42440532476
334 2.19362361749
335 2.14900143461
336 2.12563496512
337 1.94281201437
338 1.95226028355
339 2.07749767436
340 2.19532927884
341 2.20809319045
342 2.07133943249
343 2.18860687302
344 2.05811258678
345 2.11743661715
346 1.83759913208
347 1.92728056449
348 2.00094825527
349 1.71383830102
350 1.85039525932
351 2.10424366164
352 2.24802544439
353 2.05328981649
354 2.16461866612
355 1.99601167187
356 1.88960650643
357 1.78037726191
358 1.95191926372
359 1.84196617817
360 2.12496719599
361 1.99624422549
362 1.79840133108
363 1.86060751431
364 2.07356294389
365 1.93551037362
366 1.54132621168
367 1.57763509296
368 1.86872145672
369 1.99907589035
370 1.8900422686
371 1.87202973325
372 1.94298327949
373 2.08567646946
374 2.03464052176
375 2.223526352
376 2.07849562167
377 1.85873176294
378 2.1111027822
379 2.30889176137
380 2.05838696437
381 2.10212975633
382 2.24323314993
383 2.15569772312
384 2.26868359183
385 2.40221188508
386 2.76134234764
387 2.56075619279
388 2.46156872705
389 2.15165118353
390 1.88941974318
391 2.12262640765
392 2.07952288284
393 2.02426062956
394 1.83891880632
395 1.82255583384
396 1.58091709195
397 1.77053596555
398 1.60121010117
399 1.43815326506
400 1.51134763231
401 1.67273228437
402 1.70053477734
403 1.902774549
404 2.14522999529
405 1.85329918821
406 1.65465549595
407 1.95021450139
408 1.67419337562
409 1.69253947594
410 1.33059287021
411 1.85185021338
412 1.56633052571
413 1.96470926809
414 1.91631903146
415 1.97950781047
416 1.73135855484
417 1.79849094862
418 1.93532467875
419 1.54069780461
420 1.64225280434
421 1.52328324092
422 1.75532877895
423 1.57157145
424 1.54969066929
425 1.87816715296
426 1.72887282362
427 1.94860421068
428 1.59885175067
429 1.61462312001
430 1.79519891782
431 1.41396485155
432 1.56492909426
433 1.82802321547
434 1.35475732693
435 1.79431048954
436 1.61559671597
437 1.97112119659
438 1.59802827993
439 1.66656069638
440 1.64829370254
441 1.79355164388
442 1.66647044781
443 1.73642771793
444 1.88077602768
445 2.05574104541
446 1.96334535581
447 2.00672092218
448 1.56976721405
449 1.82970790695
450 2.16967708068
451 2.55482350002
452 2.4860971582
453 2.42104201669
454 2.06053591262
455 2.63304751314
456 2.2438046045
457 2.09329412404
458 2.16028607242
459 2.13151569533
460 2.26171411282
461 2.44204967795
462 2.30623692103
463 2.27996061746
464 2.2324849521
465 2.04356664828
466 2.20020035008
467 2.43312956324
468 2.36329272951
469 2.03962885319
470 2.18710026343
471 2.68497960763
472 2.39856591071
473 2.69869911861
474 2.36681084824
475 2.4714352284
476 2.51409345535
477 2.4408447632
478 2.41023174963
479 2.80385685384
480 2.96782374559
481 2.25716353481
482 2.41022895123
483 2.57350381934
484 2.46686295808
485 2.82433680576
486 2.56885473846
487 2.51935057165
488 2.50819134637
489 2.92214200049
490 2.61295679553
491 2.37494633935
492 2.37236239558
493 2.25948347215
494 2.74658966705
495 2.43593313705
496 2.46710903227
497 2.63249450277
498 2.6240848773
499 2.62288261247
500 2.78982834937
501 2.5739087778
502 2.44551197004
503 2.22272607615
504 2.5964206816
505 2.66433074503
506 2.52203334428
507 2.72050445664
508 2.83572128437
509 2.63010960831
510 2.39532258452
511 2.50958609641
512 2.39204706612
513 2.55335512105
514 2.42973143817
515 2.36260564286
516 2.54120394192
517 2.31288109283
518 1.86172486019
519 2.08482756885
520 2.11468647961
521 2.40164064579
522 2.20229812271
523 2.52336631396
524 2.43219895328
525 2.75904717064
526 2.65359879191
527 2.20562161042
528 2.20502329419
529 2.35720713291
530 2.26371188272
531 1.89149423387
532 1.54305873618
533 1.98716270383
534 1.87762563876
535 1.87637009038
536 1.77861811914
537 1.47439179904
538 1.78464227276
539 1.79551507504
540 1.63320670154
541 1.91756362155
542 2.32331845483
543 2.29838406361
544 2.74168817392
545 2.90774241529
546 3.32936032465
547 3.39199009203
548 3.71908324571
549 3.2929420401
550 3.18326387857
551 3.06296840307
552 2.95672549585
553 3.19335280902
554 3.323487156
555 2.80725380484
556 3.60070546594
557 3.42142206152
558 3.47784959175
559 3.45681847813
560 3.54731183684
561 3.49614903373
562 3.54890200113
563 3.78518214057
564 3.95406645343
565 3.83854626133
566 4.03945239538
567 3.92691681857
568 3.9200386425
569 4.05496866187
570 3.92313768748
571 3.88595903676
572 3.79347131263
573 4.13959641867
574 4.48401274628
575 4.21184372909
576 3.94613693252
577 3.82349007564
578 4.17469830119
579 4.43429676379
580 4.4394108832
581 3.92494552868
582 3.83354845794
583 3.69545385531
584 4.23904835667
585 4.18768127237
586 4.5508210843
587 4.20430010431
588 4.26871122304
589 4.26052660505
590 4.2328763571
591 4.24816159599
592 4.28134975309
593 4.46863731035
594 4.29056038285
595 4.50297551682
596 4.09407707727
597 3.99550963999
598 4.03533664362
599 4.42173773015
600 3.84745701722
601 3.66790105399
602 3.98931516798
603 3.94011482417
604 4.20678735346
605 4.55821300344
606 4.33268561819
607 4.67037776389
608 4.9680102659
609 4.31410220821
610 4.38966886932
611 4.1849098126
612 4.75389662892
613 4.2569388412
614 4.34680330924
615 4.20386869495
616 4.33622776043
617 4.58441778847
618 4.22547486929
619 3.72021820663
620 3.47074018764
621 3.75693351532
622 3.76878409199
623 4.16602578335
624 4.37546578225
625 4.1021298362
626 4.07532432895
627 4.01602477856
628 3.74981805706
629 4.15568199698
630 4.00831679284
631 4.07034156393
632 4.13319578278
633 4.18440641733
634 4.10879927406
635 4.76936444516
636 4.35207781789
637 4.02259388434
638 4.20498911761
639 4.80321644406
640 5.01426116546
641 5.13496466324
642 5.21238172045
643 5.24083782302
644 5.38614615354
645 5.98551432539
646 6.01848319298
647 5.43053064039
648 6.21468571479
649 6.39227828998
650 6.15811531473
651 6.38416833619
652 6.65805368028
653 6.79296211269
654 6.56006012119
655 6.57027345617
656 6.62379633099
657 6.19316524609
658 6.37373153007
659 6.18290675462
660 5.723306689
661 5.32010710135
662 5.26205285559
663 5.51432572285
664 5.13251418168
665 5.33540521535
666 5.02243115825
667 4.82460424201
668 5.02402182972
669 4.81186990004
670 5.22720612256
671 5.13960585095
672 5.08494838196
673 4.93788900783
674 5.10285533258
675 5.26708065377
676 5.36720484264
677 5.0587768395
678 5.02198938957
679 4.50125508271
680 4.8421091965
681 5.39608293652
682 5.30027852879
683 4.95663672887
684 4.45624571526
685 3.98092131705
686 3.74172923001
687 4.37755437239
688 4.22372402382
689 4.60524739377
690 4.61752202809
691 4.76999853816
692 4.78104199833
693 4.71936612597
694 4.73895777203
695 4.5667624629
696 5.35535591574
697 5.4030813745
698 4.95362412727
699 4.76410764612
700 4.31209920156
701 4.59922603631
702 4.51675415
703 4.52410869698
704 4.69448252602
705 4.30805000295
706 4.1783548375
707 4.1111839823
708 3.84115115848
709 3.96310875334
710 3.71298454389
711 4.29126175536
712 4.8566469046
713 5.10011170381
714 4.97893272448
715 5.12370668964
716 5.371902463
717 4.98436821416
718 5.29145752567
719 4.98904163067
720 5.29023755541
721 5.52760264881
722 5.20997281939
723 5.57301750342
724 4.91009125178
725 5.26960256421
726 5.16483657061
727 5.86496311261
728 5.98525214322
729 5.95363413886
730 5.56955859535
731 5.53617776304
732 5.70540173462
733 5.81794086133
734 5.1451055914
735 4.74389757748
736 4.82847455996
737 5.23228415785
738 5.91857751798
739 5.54247741249
740 4.84482287135
741 5.01439595161
742 4.9455358415
743 5.17495532008
744 5.49309929105
745 5.8031943482
746 5.69669333816
747 5.39314276779
748 5.58137311326
749 5.6819966466
750 5.42499143587
751 5.31843405411
752 5.01340604781
753 4.8177251733
754 5.10169997622
755 5.40277532671
756 5.07492157413
757 5.53870098275
758 5.61340604978
759 5.44798911263
760 5.80223818178
761 5.59489837234
762 5.48128053366
763 5.51224789028
764 5.50507531056
765 5.57043603636
766 5.34219331283
767 5.51278802931
768 5.28105283747
769 5.41170036677
770 5.4409727688
771 5.30640332546
772 5.77597351796
773 5.64018144599
774 5.45085764346
775 5.11189670611
776 5.5515231697
777 4.86843190259
778 5.52256284463
779 5.42738821098
780 5.6905470161
781 5.60863635593
782 5.41619224065
783 5.15475362822
784 5.22332669646
785 5.07418823044
786 5.52074020439
787 5.39485871868
788 5.26457162644
789 5.51560836068
790 5.33646021233
791 5.07742744336
792 5.02719093155
793 4.81183818396
794 4.78451812783
795 4.80544967797
796 5.48458879577
797 5.55047435211
798 5.59682259475
799 5.82299604844
800 5.49723584486
801 5.16148480127
802 5.206761791
803 5.17679001189
804 5.46059003397
805 5.48000625091
806 5.4872150198
807 5.39164400687
808 5.34898311342
809 5.26368757943
810 5.77085470748
811 5.84373142992
812 5.74161603261
813 5.77870758038
814 5.92636741862
815 5.62681385233
816 5.71363263118
817 6.12924907716
818 6.57063197731
819 5.98056916501
820 5.82604491826
821 5.94585079023
822 5.87691964778
823 5.32403836997
824 5.22403526924
825 6.0447151102
826 6.10692144714
827 5.74847723064
828 5.83273101383
829 5.67773802205
830 5.79388493277
831 5.65223949925
832 5.26208442304
833 5.46427676055
834 5.59900759855
835 6.27290483912
836 6.58110534525
837 7.08003695501
838 7.25855005378
839 7.20001887902
840 7.35823115173
841 7.05344598834
842 6.59437815172
843 6.17426181379
844 5.88802766198
845 5.87525461838
846 6.60582443803
847 6.95996338519
848 7.13009798421
849 7.56681881811
850 7.60201350711
851 7.26765405044
852 7.07249304863
853 7.04543056807
854 6.6185491336
855 6.6698506441
856 6.61765456647
857 6.72880455033
858 7.16324134777
859 6.69726068387
860 6.72145597831
861 6.49774713974
862 6.51887822628
863 6.58353688562
864 6.66857110809
865 6.51304613158
866 6.02152749671
867 6.55639254092
868 6.15672149973
869 6.25061320142
870 6.05690841542
871 6.39240752289
872 6.51881349104
873 6.23900815994
874 6.27926595483
875 6.45294639551
876 6.87782681614
877 7.33678947643
878 7.07709558658
879 7.4391186188
880 7.70617208039
881 7.1374808482
882 7.24319044896
883 7.34559316978
884 7.50576494896
885 7.72151129752
886 7.690382629
887 7.70484482365
888 7.25783328447
889 7.18611620704
890 7.20094207382
891 6.9802837932
892 7.33642627225
893 7.20370803334
894 6.87440593102
895 6.69050282709
896 6.56184025172
897 6.50735213654
898 6.76278771996
899 7.15297730134
900 7.07021535148
901 7.47464443159
902 8.12101149715
903 8.4919729382
904 8.51180774339
905 8.59558886998
906 8.55684117207
907 8.34247050284
908 8.16298569792
909 7.81349957862
910 7.11225890194
911 7.76026210601
912 8.30029214663
913 8.5067598798
914 8.56015665775
915 8.47955942874
916 8.13416389617
917 7.45192824268
918 7.69691314233
919 7.82158711464
920 7.70678658137
921 7.88970454539
922 7.58993286093
923 7.55644746921
924 7.68085613768
925 8.28341659223
926 7.55976694555
927 7.04266861501
928 7.0039851099
929 6.93145876071
930 6.42811320629
931 6.55565208355
932 6.59229264634
933 6.47208550087
934 6.56953706841
935 6.43368518218
936 6.84398518971
937 6.93052659679
938 7.17935419353
939 7.56050467185
940 7.54705095946
941 7.39835096435
942 7.3186005707
943 7.74344573629
944 7.93951150653
945 7.6995029445
946 7.06043972502
947 6.99517908885
948 6.55618312297
949 7.0725987237
950 7.52785098227
951 7.26148981738
952 7.49388045613
953 7.48694449375
954 8.45808348584
955 8.04743372835
956 8.09587347738
957 8.53985873221
958 8.44466663346
959 8.24068876983
960 7.99919212405
961 8.12916329361
962 8.35126193689
963 8.60425682267
964 8.53516581398
965 7.8694178387
966 7.87775216553
967 7.53594043495
968 7.95704659524
969 8.45669353311
970 8.15225940395
971 8.03398736083
972 8.12918130699
973 8.09060276346
974 8.21257395859
975 8.21994026645
976 8.71095447956
977 8.04299516017
978 8.50024164403
979 8.36966218081
980 9.14791008918
981 9.17170191023
982 8.99570141212
983 8.91691574981
984 8.79244304865
985 9.06715705581
986 9.1827210205
987 9.20284169064
988 9.30132272731
989 8.64680833112
990 8.84098506267
991 8.96480149956
992 9.31712212118
993 9.58068090557
994 10.0432574269
995 9.89500237218
996 9.91149481723
997 10.1974052692
998 10.0994337937
999 9.73268511221
