0 0.0
1 -0.159823441869
2 -0.251257622103
3 -0.0266064678655
4 0.142617218484
5 0.159719557428
6 -0.00174089522945
7 -0.132445860874
8 -0.153786746544
9 -0.0844668171529
10 0.0367265255268
11 -0.34717925524
12 0.0643082550601
13 -0.299754970854
14 0.0106387319844
15 -0.308967223787
16 -0.0559459615179
17 0.00646825653188
18 0.211824316882
19 -0.00120163015358
20 -0.287386948198
21 -0.330675906408
22 -0.470208727091
23 -0.254777971808
24 -0.269835984314
25 -0.245893933016
26 -0.379224773441
27 -0.128112836454
28 -0.397197340506
29 -0.31914705418
30 -0.33042381575
31 -0.2932791013
32 -0.1682261813
33 -0.330158012027
34 -0.304714803857
35 -0.534948039429
36 -0.415389592345
37 -0.559243495143
38 -0.258948530073
39 -0.558567422993
40 -0.342309688951
41 -0.608891361638
42 -0.799455625573
43 -0.862190639478
44 -0.682704072804
45 -0.50159536341
46 -0.661739873858
47 -0.607461003664
48 -0.397121420243
49 -0.620389473206
50 -0.42273850861
51 -0.206024342914
52 -0.332695814743
53 -0.206429543328
54 -0.394012774912
55 -0.407126285983
56 -0.761765768743
57 -0.239850284425
58 -0.31881726177
59 0.0145126270236
60 -0.13457653911
61 -0.106567316519
62 -0.0812818667792
63 -0.0615486289638
64 0.0242509085596
65 -0.15209471074
66 -0.0141185209504
67 -0.0928056543005
68 -0.19212133668
69 -0.249838660903
70 -0.107378624665
71 -0.219803406406
72 -0.0746148565386
73 -0.132948284125
74 -0.390409300007
75 -0.193903078897
76 -0.0907708880943
77 -0.326528717043
78 -0.268887398566
79 -0.333116243959
80 -0.166626410587
81 -0.306059795946
82 -0.107271911466
83 -0.150623678568
84 -0.166200508252
85 -0.0978415163006
86 -0.187921255521
87 0.0675470277605
88 -0.141586780494
89 -0.0793206066261
90 -0.184390348082
91 -0.392908146151
92 -0.179472404582
93 -0.55164793463
94 -0.30066627484
95 0.0995998542024
96 -0.0266810135379
97 0.00772715458446
98 0.066253971823
99 -0.0814006579026
100 -0.00841270898554
101 0.145712437456
102 -0.0517842258287
103 0.0423270210786
104 0.215426547934
105 -0.0114947232343
106 0.127955562157
107 0.162618953021
108 0.283194303103
109 -0.0563628021206
110 -0.0447452228794
111 0.0511943263394
112 -0.0933768523644
113 0.02765193081
114 0.0160156456802
115 -0.26282312922
116 0.10073366747
117 -0.0295295681971
118 -0.164078399991
119 0.156900160645
120 -0.0632657409638
121 0.117476702757
122 0.168670091131
123 -0.0377252424526
124 -0.0804949901652
125 0.0397166542024
126 0.0425943075123
127 -0.176251059274
128 -0.0154309504695
129 0.117257671667
130 -0.0331259821043
131 0.087086695647
132 0.161324532649
133 0.0465242409173
134 -0.171957540869
135 0.209586348176
136 -0.0423840856253
137 0.195287157202
138 0.200523289778
139 0.0325088564553
140 0.364714441552
141 -0.0170225972022
142 0.30188430995
143 0.201531424254
144 0.0599434994296
145 -0.140644789537
146 -0.0886451897403
147 -0.0890779084223
148 -0.223365683976
149 0.141372375629
150 -0.178566896463
151 -0.0139460407898
152 0.0400929292074
153 0.129050778717
154 -0.017592713402
155 0.0424899016904
156 -0.104699846621
157 -0.0987920974613
158 0.0905502550965
159 0.275838370098
160 -0.100330382715
161 0.102156586282
162 0.0656012528054
163 -0.20281188846
164 0.130465586639
165 0.140569832607
166 -0.32027124518
167 -0.393927722126
168 -0.321428014426
169 -0.513211890314
170 -0.590982782292
171 -0.5425357875
172 -0.254742208252
173 -0.608288980161
174 -0.375892628204
175 -0.546207145627
176 -0.215144189998
177 -0.231190227132
178 -0.290387274842
179 0.109991090743
180 -0.280416053342
181 -0.352343284401
182 -0.283124295997
183 -0.67262366599
184 -0.606234816809
185 -0.710464783725
186 -0.475905012764
187 -0.781390163428
188 -0.643589503686
189 -0.60693922279
190 -0.612296000635
191 -0.718616651042
192 -0.319808917928
193 -0.630942575039
194 -0.579494431325
195 -0.338642568078
196 -0.483367473049
197 -0.226716443629
198 -0.117675684569
199 -0.357249359178
200 -0.272705405452
201 -0.0866502335528
202 -0.0926763375805
203 -0.14246118216
204 -0.094715175503
205 0.00186854035746
206 -0.175806472094
207 -0.267283831524
208 -0.147616818572
209 -0.27976943476
210 -0.299665046494
211 -0.42199822282
212 -0.476452635907
213 -0.476763041766
214 -0.0749863915619
215 -0.258304433136
216 -0.0700726488793
217 -0.00680910457696
218 0.156734773946
219 0.0918959329872
220 0.289554106217
221 -0.11137586539
222 -0.164559865343
223 0.0574477967854
224 0.000782909455609
225 0.10971180982
226 0.133677582427
227 0.33182620756
228 0.148280300136
229 0.0648368798266
230 0.225684841627
231 0.298219291575
232 0.247544922303
233 -0.169581094878
234 -0.0770674691534
235 0.0207292080072
236 0.233110470518
237 0.370124598259
238 0.0980462268668
239 0.152793507993
240 0.130918345173
241 0.321394888616
242 0.0295052358415
243 0.339150116541
244 0.0806034462139
245 0.169537130439
246 0.305810354412
247 -0.129042307392
248 0.0569528937048
249 0.175630291096
250 0.236798716648
251 -0.00470241536768
252 -0.0304060206894
253 0.0276911024602
254 0.187460771162
255 -0.074912377876
256 -0.301267119851
257 -0.382410355961
258 0.0600192820131
259 -0.0156671868513
260 -0.131723761438
261 -0.398180369861
262 -0.178490900075
263 -0.0723317797415
264 -0.0512515927833
265 -0.197222337375
266 0.0921506013453
267 0.00479035589273
268 -0.0426373462775
269 -0.156719348216
270 -0.446168874643
271 -0.0912542385507
272 -0.0680023259599
273 -0.0943762323021
274 -0.029174784012
275 0.220005138635
276 -0.0373449399246
277 -0.113801118946
278 -0.0963845090649
279 0.11202836987
280 -0.0908252207684
281 -0.0238944534864
282 0.0308854586486
283 -0.176620098913
284 -0.326893729307
285 -0.28258753049
286 -0.204699278228
287 -0.0657265824615
288 -0.0564650571246
289 -0.0731394358083
290 -0.130230677171
291 0.0282665833299
292 -0.210553014407
293 0.043609358843
294 0.152793300077
295 -0.00343793743351
296 0.110813405438
297 0.0578154993163
298 0.00655871449029
299 0.440455404412
300 0.283724373584
301 0.20163470074
302 0.133123502764
303 -0.0336908679617
304 0.224921319529
305 0.148116260253
306 -0.0775163286993
307 0.291814276623
308 0.160340832143
309 0.257518606953
310 0.00218458878943
311 0.479451649458
312 0.368655727144
313 0.538575541519
314 0.318660048367
315 0.489330268459
316 0.220664077287
317 0.68103003886
318 0.51507615197
319 0.251266577969
320 0.402085260688
321 0.277159390138
322 0.524186613456
323 0.707064238475
324 0.859045242803
325 1.4002393135
326 1.1629719355
327 1.3171168938
328 1.46475234664
329 1.21283690405
330 1.44474504509
331 1.3513531581
332 1.27622480605
333 1.26748482543
334 1.87539280414
335 1.97717772691
336 2.11542445296
337 1.91409253508
338 2.06182845496
339 1.70000369283
340 1.34036851578
341 1.82021062399
342 1.69065418374
343 1.76768748288
344 1.77737301367
345 1.64892620763
346 1.45359474594
347 1.86519313144
348 1.96663515581
349 2.17747470049
350 1.85417347883
351 1.62839508071
352 2.30108567888
353 1.86486001834
354 1.86498523059
355 2.03460401822
356 2.16317663265
357 1.86383306693
358 1.75483846058
359 1.72686658341
360 1.7542550016
361 1.60928336576
362 1.7687321273
363 1.49377359513
364 2.00407064021
365 1.68454413294
366 1.74134051322
367 1.62629499092
368 1.29548959772
369 1.79129224965
370 1.79766897962
371 1.92280534682
372 1.98948708925
373 2.19224866949
374 2.3921431135
375 2.4236934963
376 2.17461226715
377 1.74951085977
378 1.9601285577
379 1.70066841687
380 1.95207104154
381 1.94803606484
382 1.76059188562
383 1.82963977055
384 1.92872647648
385 2.12002329678
386 1.82040218059
387 1.79956430413
388 2.13270616349
389 1.91928742891
390 2.04040018362
391 2.14298768984
392 2.1265324851
393 2.07834989806
394 2.09505641282
395 1.83639468801
396 1.7006277366
397 1.54433594399
398 1.65310871182
399 1.57331054195
400 1.86517517666
401 1.66963234557
402 1.48384844925
403 1.65734440336
404 1.36503843503
405 1.49510633486
406 1.28450063617
407 1.476266813
408 1.63862898928
409 1.25825530259
410 1.74933073555
411 1.63403959937
412 1.63728218874
413 1.84560194877
414 1.76728086952
415 1.87063568604
416 1.66625872915
417 1.8196621526
418 1.87058111157
419 1.74672016826
420 2.04055764204
421 1.72770054882
422 1.79767322906
423 1.63160990279
424 1.56177999302
425 1.38893466538
426 1.61666331192
427 1.51463673872
428 1.60285566796
429 1.53936894951
430 1.53020191305
431 1.83068343565
432 1.97359585331
433 1.64742090491
434 1.82550697991
435 1.41824867875
436 1.55699481726
437 1.42470997679
438 1.41427922114
439 1.50148279181
440 1.722801426
441 1.75197821
442 1.66539912842
443 1.38940138574
444 1.46188597723
445 1.59335841579
446 1.63338200316
447 1.35447896032
448 1.3830601051
449 1.4335500068
450 1.68037419081
451 1.46427537399
452 1.32722331085
453 1.18078514529
454 1.42762542699
455 1.20710842145
456 1.25338701888
457 1.20861862706
458 1.32666860992
459 1.27729584802
460 1.16089898249
461 1.21128425237
462 1.13163384611
463 1.28221695732
464 1.41129974048
465 1.40350913532
466 1.3384367079
467 1.34968279055
468 0.995081365286
469 1.30601012588
470 1.48867741943
471 1.29983883606
472 1.20048047475
473 1.72689114261
474 1.63140099863
475 1.53394390813
476 1.82029751514
477 1.77766101364
478 1.76594049531
479 1.54705748055
480 1.66712904142
481 1.79873710403
482 1.51819625435
483 1.84752024
484 2.17549114398
485 2.25400248648
486 2.08453173725
487 1.90589050939
488 2.03656155759
489 1.9968636365
490 2.24357475718
491 2.18231323596
492 2.0087828215
493 1.82743157416
494 2.27781857132
495 2.54850161696
496 2.53438216549
497 2.67662510813
498 2.23095070177
499 1.66449977167
500 2.01586803016
501 2.29479735636
502 2.35830178172
503 2.10664014143
504 1.83660006967
505 1.85063293363
506 1.92152017196
507 1.92556631529
508 1.74110089004
509 1.69727539386
510 1.36352272495
511 1.37146127156
512 1.76315731991
513 1.33278537093
514 1.49941127048
515 1.4977928629
516 1.18177907312
517 1.18425536204
518 1.67343033287
519 1.14263988
520 1.33270582914
521 1.62746873457
522 1.62159648196
523 1.55707918318
524 1.56178039574
525 2.26797893999
526 1.88312490675
527 1.90936907325
528 1.99885242312
529 2.18383852331
530 1.6894869345
531 1.94100048177
532 1.86713268206
533 2.31641374486
534 1.69513229445
535 1.68684865822
536 1.4899084369
537 1.61377639978
538 1.58469982906
539 1.94594401092
540 1.67037540268
541 1.61478623837
542 2.33632595817
543 1.88725627283
544 2.05829015671
545 1.77776184226
546 1.74669808851
547 1.8840047245
548 2.14791923342
549 1.77752598522
550 2.17224640265
551 2.31564589351
552 1.83503428066
553 2.14155627761
554 2.045616328
555 2.28092478901
556 2.70138916891
557 2.52342270879
558 1.79116691485
559 1.89329190828
560 2.29676218422
561 1.93372019684
562 1.90397128739
563 1.88063211805
564 2.14713739552
565 1.7754172374
566 2.0859752615
567 2.1115510043
568 2.35691350097
569 2.67363852482
570 2.61015581124
571 3.36282728619
572 3.42533351306
573 3.35361187716
574 2.54925464003
575 2.54637206896
576 2.72950908133
577 2.55303583454
578 2.83510938381
579 2.40699526046
580 2.11707548528
581 2.03040982067
582 2.16635874762
583 2.1082741272
584 2.67024433235
585 2.65297717048
586 2.55929932981
587 2.47201499387
588 2.4343686615
589 2.318794801
590 2.11025170197
591 2.25915297497
592 2.61508989014
593 2.31521717748
594 2.1539070108
595 2.08070268795
596 2.38028291517
597 2.34860295162
598 2.50914931107
599 2.7981756138
600 2.40785476632
601 2.62999313831
602 2.81573756801
603 2.87513778159
604 2.9618969213
605 2.96192986383
606 2.80254528422
607 2.61905003774
608 2.50915112399
609 2.54576638261
610 2.63039324333
611 2.88374099003
612 2.81084676121
613 3.32091267052
614 2.84932551553
615 3.33633666434
616 2.87307956087
617 3.37373477195
618 2.86064706664
619 2.96762414266
620 2.82983216511
621 2.91921254832
622 3.04759330844
623 3.05705443396
624 2.81213376574
625 3.13928799566
626 3.07980678844
627 3.13346615512
628 3.29429706924
629 3.06716501441
630 3.0902727839
631 3.0596064296
632 3.03510482392
633 2.93539911825
634 3.26294595071
635 3.62817872188
636 3.93745510544
637 2.95717306795
638 3.03352021346
639 2.90644561225
640 3.0107202225
641 3.00681503226
642 3.02102403999
643 2.93345306654
644 3.17027310037
645 2.91829404554
646 2.63413485849
647 2.47951441404
648 2.80973982894
649 2.40216045484
650 2.77348351892
651 2.51896368728
652 2.918936974
653 3.05106783552
654 2.6781762441
655 2.51509324724
656 2.28317577124
657 2.03644338154
658 2.11305321548
659 2.41450519396
660 2.66566645485
661 2.92402399067
662 2.99987351566
663 3.05342499689
664 2.95320386905
665 2.82182985333
666 2.57090839981
667 2.58323000592
668 2.95344149095
669 3.18841974046
670 3.06471413029
671 3.18997254522
672 3.20316729512
673 3.06771091222
674 3.40729683254
675 2.99767714944
676 2.80933600262
677 2.92980018061
678 2.93210401711
679 2.8875649462
680 2.63327481424
681 2.56778389309
682 2.31954238338
683 2.21322190386
684 2.46722247195
685 2.34618915245
686 2.41906230857
687 2.76703228855
688 2.66806482185
689 2.83094665467
690 2.94995863799
691 2.41061253846
692 2.55700745294
693 2.93679682368
694 3.02018196656
695 2.86387993082
696 3.16446107549
697 3.18069188222
698 3.10632683948
699 2.37687686459
700 2.70349107461
701 2.52840910453
702 3.34668998111
703 3.27237767162
704 2.39681256888
705 2.53322810007
706 2.52110082404
707 2.48940537258
708 2.58613813275
709 2.77402170389
710 2.83566502089
711 2.94544782123
712 2.85364717438
713 3.03427604189
714 2.96034245974
715 3.15508985188
716 3.58267555288
717 3.29563247712
718 2.74429554536
719 2.56783972177
720 2.80524958205
721 2.58510048128
722 2.78827860814
723 2.1848319996
724 2.50972883526
725 2.29328836308
726 2.43106484649
727 2.34710187205
728 2.69378080918
729 2.85772881879
730 3.18782901146
731 3.10730906058
732 3.10086187828
733 2.67481916488
734 2.9598343145
735 2.81784094992
736 2.22776854995
737 2.18396507607
738 2.1264823596
739 2.79984474316
740 2.76376574626
741 2.76450386346
742 2.73918694301
743 3.26416858756
744 2.88022587571
745 2.55463427959
746 2.49101408635
747 2.75820550529
748 2.66628991086
749 2.40865729665
750 2.77554425568
751 2.68442635602
752 2.81725233829
753 2.72784813514
754 2.67783646486
755 2.57827777283
756 2.51580335586
757 2.25808888762
758 2.58582201001
759 2.52858590576
760 2.91804970461
761 2.81775442814
762 2.95491666887
763 2.17720877252
764 2.30153988041
765 2.55259275067
766 2.77795444935
767 2.7929115153
768 2.86140384172
769 2.42360955656
770 2.21270232211
771 2.64262167429
772 2.98878129916
773 3.12680988276
774 3.03516852279
775 2.90262109077
776 3.11576459766
777 3.15372211103
778 3.07417007575
779 3.20651405058
780 2.94484345151
781 2.89746952133
782 2.87944577524
783 3.37748444358
784 3.24896698903
785 2.8260642744
786 2.82162405598
787 3.00844223844
788 3.03993590079
789 2.92732568601
790 3.06226720215
791 2.94258283269
792 3.23889784182
793 3.19687304584
794 3.2942761265
795 3.18995012673
796 3.28400683894
797 3.55173898154
798 3.52400745372
799 3.65175695838
800 4.04626577695
801 4.08536526634
802 3.79188378296
803 3.71905756814
804 3.55297934911
805 3.57898544791
806 3.50490868939
807 3.38457204043
808 3.55456950935
809 4.1463513354
810 3.7642655491
811 4.27656814554
812 3.60736607288
813 3.60553866608
814 3.43763706101
815 3.35355858243
816 3.43293244246
817 3.2167401909
818 3.361789037
819 3.26484149166
820 3.42455688835
821 3.32667050315
822 3.19720212672
823 3.06479350566
824 3.29240208565
825 3.58861507844
826 3.66104184261
827 3.24271270916
828 3.61426798265
829 3.50847113372
830 3.41249320858
831 4.38730199719
832 4.45707462966
833 4.05592135781
834 4.08994772228
835 3.76169134813
836 4.3495576234
837 3.99000156456
838 4.47251687815
839 4.05487661077
840 4.21943970766
841 3.67771088854
842 4.08974163196
843 4.10569520784
844 4.2363773153
845 3.90299705943
846 4.09915517275
847 3.88402273759
848 4.14523817063
849 3.77172940316
850 3.50397093637
851 3.47635449426
852 3.82992421135
853 3.59754393861
854 3.33029432178
855 3.32390127849
856 3.67943342004
857 3.43009011153
858 3.501248117
859 3.35599225687
860 3.45226693536
861 3.36028363218
862 3.39199658419
863 3.90801269848
864 4.06311794274
865 3.83632631048
866 3.61960332213
867 4.01958361136
868 4.26407125653
869 4.3784863035
870 4.0518493017
871 4.18606450868
872 4.71749496264
873 4.9390420073
874 4.43277791851
875 4.83084534984
876 4.78676117001
877 5.0564574046
878 4.92394601567
879 4.75992823707
880 4.16581890925
881 4.33046709701
882 4.94761311806
883 4.5321186032
884 4.29892345826
885 3.92518287087
886 4.1891308465
887 4.56234416699
888 4.33174025459
889 4.10485317813
890 4.34602277963
891 4.32180931857
892 4.2033107284
893 4.20901993105
894 4.096022401
895 4.0497137776
896 4.15976228574
897 3.78909278935
898 4.06269670711
899 4.5392437193
900 4.94114033955
901 5.2491974702
902 5.13564050675
903 5.39465900696
904 5.55493489136
905 5.90075231907
906 5.35343952784
907 5.62654768976
908 5.64283606593
909 5.58359837995
910 5.25255605617
911 5.44371948506
912 5.4896833541
913 5.73551769061
914 5.08731205338
915 5.3700325139
916 5.93033254317
917 5.97211216817
918 6.08173775489
919 5.61717692006
920 5.83973964127
921 5.95433009541
922 5.93849452578
923 6.0056935195
924 6.02947744182
925 6.18057747462
926 6.42956361576
927 6.38338064187
928 6.13269497594
929 6.16227562701
930 5.89747075303
931 6.13275852035
932 5.63151731534
933 5.87325447809
934 5.93508391644
935 5.98104805034
936 5.63042806003
937 5.72381308644
938 6.68169875786
939 6.85758883754
940 6.53428949862
941 6.14091766927
942 6.37756189884
943 6.06343890206
944 6.37743186762
945 7.06854484497
946 6.56085932234
947 6.70478210703
948 6.62185298622
949 6.51773915134
950 7.04142619714
951 6.99704485085
952 7.29021368201
953 7.01534759926
954 6.95636228338
955 7.02556609016
956 7.24867814429
957 6.8553653766
958 7.0939856079
959 7.00013776927
960 7.09285587342
961 6.90751603605
962 7.21887675732
963 6.68254070765
964 6.61954604161
965 6.72377731468
966 6.43575102808
967 6.59145800797
968 6.52898852332
969 6.46018552273
970 6.50185177567
971 6.29964693155
972 6.2930253437
973 6.23746872308
974 6.35377293823
975 6.3898281982
976 6.95796509725
977 6.86331384009
978 6.4152183812
979 6.63707876359
980 6.69419986809
981 6.66607083059
982 5.93198523472
983 6.00189329387
984 5.73764580822
985 6.04383699059
986 6.08540294838
987 5.97324619437
988 6.02956798695
989 5.5195955963
990 5.54461730613
991 5.56948143187
992 5.51078568279
993 5.2177002607
994 5.76120235325
995 5.71635521667
996 5.6933128511
997 6.20184796712
998 6.2929203605
999 6.41478351501
