0 0.0
1 -0.128825443757
2 -0.224686869922
3 -0.0592985462503
4 -0.263744593892
5 -0.11926367665
6 0.0519844720268
7 -0.224266675395
8 -0.230742322599
9 -0.123529447378
10 -0.183114270139
11 -0.0704538286861
12 -0.328546432892
13 -0.281629585898
14 -0.0640737370428
15 -0.454048359337
16 -0.286563201795
17 -0.267568923357
18 -0.328256203919
19 -0.152927760059
20 0.0758189182572
21 0.288500997536
22 0.0110944843221
23 0.0117421669095
24 -0.224649621773
25 -0.147832248485
26 -0.11778955018
27 -0.262344889752
28 -0.0841717753464
29 -0.0146563204969
30 0.245813775636
31 0.226390337447
32 -0.114044443929
33 0.187835721069
34 0.0764162486419
35 -0.0484423083426
36 0.0846336262752
37 -0.0150962218206
38 -0.0396675999681
39 -0.02472672516
40 -0.154709901184
41 0.0413685303732
42 -0.0321127097974
43 0.267631433932
44 0.0213578142652
45 0.0883468285278
46 0.115681772306
47 0.268851099204
48 -0.000293322226167
49 0.0887798557581
50 0.0333350887928
51 0.137933897819
52 0.0476641392296
53 0.108724506857
54 0.254992050867
55 0.239252364254
56 0.242552263997
57 0.352530537686
58 0.285714419004
59 0.229930276087
60 0.129683644493
61 0.139075512822
62 0.100490244032
63 0.432239649449
64 0.698995857095
65 0.602457943603
66 0.588548459743
67 0.686792773951
68 0.827261335962
69 0.726370524801
70 0.41512573296
71 0.602873388591
72 0.527796165273
73 0.628906850129
74 0.572741175959
75 0.651369282682
76 0.479855132061
77 0.409296690673
78 0.419135793487
79 0.632544423102
80 0.767583771021
81 0.581504396412
82 0.445031748572
83 0.246334292719
84 0.521767573829
85 0.656884551136
86 0.720475073796
87 0.79406283237
88 0.458033302684
89 0.79762563098
90 0.605284339581
91 0.69835665181
92 0.406264707429
93 0.348941352487
94 0.56637457205
95 0.737613981729
96 0.846846760273
97 0.891157822631
98 0.523150389035
99 0.654526965775
100 0.694719324158
101 0.899732855409
102 0.737352203427
103 0.64849535671
104 0.774829663086
105 0.646762500152
106 0.900688103835
107 1.03782654171
108 0.588929303226
109 0.731855385233
110 0.746581320499
111 0.860010554032
112 0.921065984127
113 0.672069192669
114 0.735247941957
115 0.88014846812
116 0.961797219777
117 0.951423812406
118 0.86814265074
119 0.912876283557
120 0.596723482315
121 0.906001971062
122 0.75210206663
123 0.641598679863
124 0.856096125787
125 1.02003219933
126 1.0222940596
127 0.62878204855
128 0.955513722304
129 0.722204402296
130 0.85365187369
131 0.848463302013
132 1.08906153101
133 0.944619237934
134 1.08030739351
135 1.06114083107
136 1.43114801254
137 1.15611364785
138 1.02347722154
139 1.24666649567
140 1.07317760669
141 1.15478872803
142 1.15137388686
143 1.36876263529
144 1.20094027823
145 1.1563910102
146 1.17737359925
147 1.20148387449
148 1.1950786207
149 0.711968981609
150 1.01460865103
151 1.22178496866
152 1.09765090802
153 1.0798032425
154 0.858433979202
155 0.793582935362
156 0.825046863747
157 0.943276560032
158 0.844100957404
159 0.675216602744
160 0.899012288017
161 0.923298129053
162 1.03187594786
163 1.38816046432
164 0.885584737434
165 1.03443977427
166 1.0961375791
167 1.18514338555
168 0.781338263813
169 0.825638900242
170 0.805315362859
171 1.13920106318
172 1.09157839524
173 1.02764335674
174 1.22960211206
175 1.02307234719
176 0.961154882892
177 0.755553287828
178 1.10862720579
179 1.05491975371
180 1.26744735613
181 0.730620680985
182 1.07984895905
183 1.19960030494
184 1.21320427837
185 1.11486497676
186 1.16318172678
187 0.984165767025
188 1.21690910706
189 1.16983337685
190 1.0369050901
191 1.03473467657
192 1.10053828353
193 1.11564841395
194 1.08103339182
195 0.976934827824
196 0.906377110584
197 0.776458937254
198 0.973388245123
199 0.866081177245
200 1.11454582125
201 0.934518794891
202 1.40359134297
203 1.07688582314
204 1.38524297809
205 1.30897713571
206 1.06095932023
207 1.2809895945
208 0.858121465759
209 1.03384393219
210 1.35884391533
211 1.33561795316
212 1.24744888065
213 1.08818937548
214 1.12573066392
215 1.38027234977
216 1.44068368974
217 1.39264051172
218 1.63219842905
219 1.3752981312
220 1.36523538473
221 1.31223007268
222 1.52567113115
223 1.49195698691
224 1.32575516074
225 1.19703072733
226 1.26546046133
227 1.18895760001
228 1.58443337167
229 1.55910309735
230 1.35892024446
231 1.88389137178
232 1.80709110603
233 1.35195852935
234 1.57268856078
235 1.57868500853
236 1.41641534316
237 1.34874369756
238 1.43842254056
239 1.57901208305
240 1.64722483338
241 1.66985829565
242 1.20598846465
243 1.09668358684
244 1.26614923623
245 1.41221188311
246 1.50777978658
247 1.07154285978
248 1.44050289447
249 1.01520311388
250 1.09488000497
251 1.13106729142
252 1.15638719595
253 1.31036362934
254 1.17223591606
255 1.48911000442
256 1.26425254381
257 1.51058359491
258 1.3142347245
259 1.6047653825
260 1.74930609601
261 1.7326663586
262 2.01053230335
263 1.88171310394
264 1.87746444089
265 1.87021245372
266 1.71274224095
267 1.70214314802
268 1.73152485292
269 1.93429189023
270 2.0430638044
271 2.07248701083
272 1.97724119437
273 2.09234532245
274 2.39237039134
275 2.25224731172
276 2.49774369989
277 2.86957131392
278 2.66774356233
279 3.00908727595
280 2.99287030244
281 2.65428347357
282 2.46702455827
283 2.6880080466
284 2.49752387021
285 2.77354549197
286 2.93915491698
287 2.80323543103
288 3.02587862663
289 2.94759227217
290 2.84350819461
291 2.87465541546
292 2.74235632259
293 2.94002169311
294 3.20537824274
295 3.25965258973
296 3.24064230338
297 3.07495337952
298 3.26737638776
299 3.06115825717
300 2.74791687902
301 2.68662538905
302 2.73881016442
303 2.99839097039
304 3.26698507578
305 3.54001222537
306 3.71945394105
307 4.01773406985
308 4.06210390702
309 4.15759313634
310 4.01932693125
311 3.9749206773
312 3.89858125029
313 4.11232981414
314 4.02975443946
315 4.57027125068
316 3.97509172405
317 4.19937176518
318 4.55535403022
319 4.86636103584
320 4.38519775986
321 4.5136224831
322 4.36941041928
323 4.52898138993
324 4.76504568352
325 5.06636086467
326 5.01157428189
327 4.89943691915
328 4.90179207895
329 5.07350151687
330 5.07493227316
331 4.75631395741
332 4.72837169199
333 4.16229475879
334 4.14253168953
335 4.26174180147
336 4.44937221587
337 3.88054745437
338 4.03305358899
339 4.47346315262
340 4.09992872767
341 4.26758694869
342 4.03192392041
343 3.89494354371
344 4.1939454398
345 3.8744733155
346 4.0473876217
347 3.67510104166
348 4.02655948752
349 3.92993197864
350 4.26104118444
351 4.37065719737
352 4.34870778544
353 4.88360320838
354 5.12539451416
355 4.96363988709
356 4.9394632202
357 4.57884369756
358 5.05044858156
359 4.8401034764
360 5.16807481162
361 5.04458625736
362 5.38442209444
363 5.11525511826
364 5.13000730219
365 5.47621190573
366 4.99452158595
367 5.28136402017
368 5.24033159536
369 5.20071563628
370 5.07100525739
371 5.54404685623
372 5.39279745611
373 5.3701153092
374 5.32295291407
375 5.36492309084
376 4.98012345838
377 5.13598679923
378 4.99292658515
379 5.29141010152
380 5.90456795429
381 5.45620090024
382 5.57802203231
383 5.44519361352
384 5.14030001532
385 4.96208082943
386 5.48343887985
387 5.50679440057
388 5.51538033924
389 5.52486889755
390 6.01739600755
391 6.01894969806
392 5.94123643533
393 6.08602187415
394 6.01058655345
395 6.09218238448
396 6.34723709408
397 6.55431154055
398 6.76577274056
399 6.32643194777
400 5.92119866262
401 5.99174422856
402 5.99423837059
403 6.00996179547
404 6.03031275786
405 6.13261344141
406 5.78257777696
407 6.09488658299
408 5.84536008142
409 5.74589045686
410 5.51841152603
411 5.99910175456
412 6.14241434246
413 6.55729564154
414 6.50450621009
415 6.3654568352
416 6.30454027923
417 6.15284894665
418 5.95837482824
419 6.247574092
420 5.99639725038
421 6.01779594528
422 6.15221143725
423 6.19030640547
424 6.11299841402
425 6.53304615117
426 6.03749436425
427 6.11445629061
428 5.83105094656
429 5.82952308082
430 5.62559809583
431 5.39787320923
432 5.67136842238
433 5.6150197961
434 5.75089510581
435 5.82992787926
436 6.45929114357
437 6.35318257523
438 6.18817053613
439 6.52592830296
440 6.11518187091
441 5.449392975
442 5.40656170389
443 5.81070262605
444 5.15956284167
445 5.48406399331
446 5.64459516107
447 5.58473892624
448 5.43708793078
449 5.51772866924
450 5.87409699963
451 5.46413832985
452 5.36539748317
453 5.08392843146
454 5.10148125481
455 4.88045516376
456 4.86553147425
457 5.05928563921
458 5.26921223037
459 5.36663669389
460 4.85587728259
461 4.89964553459
462 5.30083729811
463 4.73989622198
464 5.06420308795
465 5.56351718155
466 5.20717277969
467 4.91419504913
468 5.69393918633
469 5.97499646499
470 6.0920586579
471 6.10129116576
472 6.27805403322
473 6.64122175213
474 6.20603309792
475 6.34439451047
476 6.26849892454
477 6.24193614308
478 6.24316681211
479 6.65617847877
480 6.73793414413
481 6.65683546219
482 6.96919686888
483 6.87083470176
484 6.95986969009
485 7.00155008423
486 7.2193084015
487 7.63041229118
488 7.86766862944
489 7.16638921475
490 7.14580384351
491 7.6821509853
492 7.97429177067
493 7.49193783175
494 7.12458985507
495 8.03030602324
496 8.0168888353
497 8.01583115998
498 7.90003306597
499 8.00042909176
500 8.20056457347
501 7.81163160578
502 8.34973964362
503 8.89627412888
504 8.69416263012
505 8.61426587743
506 8.68575619512
507 8.1370343029
508 8.50486488482
509 8.45059739327
510 8.31307982457
511 8.59249560637
512 9.11422363834
513 8.19505318032
514 8.07691021812
515 8.16018137674
516 8.20030434872
517 8.26713361435
518 8.61354154112
519 8.6749455752
520 8.37078352215
521 8.62060814713
522 8.78783768374
523 8.40167666841
524 7.99839951226
525 7.48538472856
526 7.46531263624
527 7.1447244735
528 6.95994307246
529 7.33250100412
530 7.00294916784
531 6.89519464367
532 6.17835649575
533 5.85582639853
534 6.49067880672
535 6.39730076544
536 6.6471757278
537 6.8222050374
538 6.83181508427
539 6.57924490077
540 6.84820191957
541 6.86090847789
542 7.02797081896
543 6.93248468306
544 7.03485258072
545 6.74855757087
546 6.94417044503
547 6.80688299229
548 6.17747441182
549 5.99898408947
550 6.37109215486
551 6.34271291463
552 5.98343139932
553 5.70113219896
554 5.58611870717
555 5.90100291159
556 6.32308539052
557 6.97873429261
558 6.89321390043
559 6.65870871766
560 6.62547049148
561 6.91338527548
562 6.63481745111
563 6.77864023258
564 6.50989801613
565 5.91074436349
566 5.28730980276
567 5.61763482547
568 5.02134873777
569 5.55333084961
570 5.88095115558
571 6.01347025756
572 5.96366439077
573 5.79477375133
574 5.86056200554
575 5.88093167411
576 5.95960496048
577 5.44719708908
578 5.6524714556
579 6.19227279418
580 6.41975976288
581 6.73591742102
582 6.51126151932
583 6.43183529484
584 5.74653619779
585 5.52093071561
586 6.26578255414
587 6.70429350386
588 6.44010559037
589 7.16846781334
590 7.35008083355
591 6.88079612311
592 6.11002041203
593 6.41550339469
594 7.04835680928
595 6.89446664042
596 7.16606228384
597 8.0206429072
598 8.49476295045
599 8.39579493141
600 8.6002100675
601 8.74108738801
602 8.11783315059
603 8.64721820454
604 9.48506158297
605 9.55768458697
606 9.64210985193
607 3.53679528019
608 3.9705148078
609 3.7532719323
610 10.2092889367
611 10.0987346532
612 3.44532974153
613 3.29180657696
614 3.24974239431
615 3.10267665624
616 2.67949874608
617 3.31958714339
618 3.67843148603
619 4.01773286234
620 3.5660684007
621 3.28517580745
622 2.56697173
623 3.036456272
624 2.80802309984
625 2.66338070099
626 2.32262063113
627 2.31549149575
628 2.45072364436
629 2.50426698445
630 2.60443101424
631 2.21710131824
632 2.27259367699
633 2.8097829214
634 2.91395242311
635 2.96928424434
636 3.00323089203
637 2.77156033303
638 3.18082265506
639 3.5905029061
640 3.1312558275
641 2.92168404313
642 2.79553125643
643 3.07920596071
644 3.04316663033
645 3.12533506934
646 3.30614240231
647 3.05941712785
648 2.54984937242
649 2.08846101863
650 2.53378761367
651 2.46343756798
652 1.90874826992
653 2.56508298922
654 2.49174753114
655 2.24005597866
656 2.1687321398
657 1.85047490172
658 2.4813512635
659 2.70475301531
660 2.97599565437
661 2.78569269252
662 2.64146835222
663 3.03187723169
664 3.1573727354
665 3.42498391406
666 3.171864032
667 2.79569754164
668 3.17509757703
669 2.63715261697
670 2.76130184744
671 2.45449925905
672 2.45171350434
673 2.22585014561
674 3.10973519255
675 3.06943532225
676 2.9278889169
677 3.14604529171
678 3.58817779901
679 3.41563590774
680 3.66569757911
681 3.8439726138
682 4.05554250215
683 3.43642760112
684 3.43282868669
685 3.72029427055
686 3.63456639467
687 4.13470462694
688 3.94678991345
689 4.39087888456
690 3.66712725177
691 3.64593848479
692 4.43557865028
693 3.99794308371
694 3.95690924041
695 3.43024817575
696 3.64643877856
697 3.43321639867
698 3.72755094686
699 3.75571227557
700 3.50721056447
701 3.83045173975
702 4.15855204216
703 4.00550487493
704 4.14585117879
705 4.3254015271
706 4.22957707058
707 4.11952534319
708 4.23665025785
709 4.44957478812
710 4.43951282636
711 4.58744643993
712 4.60365716347
713 4.63646746648
714 4.41468643285
715 4.42684533513
716 4.65523464783
717 5.0119488048
718 4.59001300897
719 4.77955282255
720 5.35256259265
721 4.70658970971
722 5.12141253177
723 4.61291331633
724 4.38007561859
725 4.82470278568
726 5.45431759973
727 5.47806489915
728 5.88171566867
729 5.6400106263
730 5.57915498694
731 5.70556873921
732 5.74947554164
733 5.12173673864
734 4.73696086177
735 4.62093185749
736 4.50332609864
737 4.95107796173
738 5.27663038026
739 5.23571567582
740 5.91489260069
741 6.53668777546
742 6.45865922629
743 6.29620485924
744 6.8117570953
745 6.41949237953
746 5.97721254308
747 6.12872900649
748 6.04021432174
749 6.29992004399
750 5.76978675923
751 5.98148041868
752 6.15137919072
753 6.69694097799
754 6.64908770721
755 6.5845443498
756 6.65249319939
757 6.44551489104
758 6.19090322104
759 6.59412046699
760 6.75427973032
761 6.79822188556
762 7.1062176484
763 6.37868989865
764 6.14700668133
765 6.30030847607
766 6.43850779563
767 6.16838042076
768 6.6954200132
769 6.41439068839
770 6.26005442161
771 6.46026665653
772 6.04740057251
773 6.38758692066
774 7.30705148135
775 6.7760907186
776 6.38762072998
777 7.27233475335
778 7.45241922456
779 7.34254411494
780 7.55157013814
781 7.17841837335
782 7.10314428187
783 7.54082633201
784 7.3705137018
785 7.37000247496
786 8.4947672072
787 9.04780102652
788 8.94729371903
789 8.37916915597
790 8.70433024923
791 8.16261942333
792 8.08649775872
793 7.30868791257
794 6.24185346881
795 6.24847686953
796 7.19724993785
797 6.77626966268
798 6.5182005218
799 6.65118269683
800 6.49811051642
801 6.88830295072
802 6.71802754245
803 7.23347655512
804 6.90631166588
805 7.08297189765
806 7.0140863856
807 7.40526405
808 8.377721344
809 8.67650088381
810 9.03570126905
811 8.79062171958
812 8.28739016498
813 8.16557079871
814 7.33621460788
815 7.08429379442
816 6.93545880848
817 7.06842095074
818 7.92761167236
819 7.88900848824
820 7.4876545444
821 7.45463660664
822 6.6957041136
823 6.14750160684
824 6.43522664062
825 6.27649590244
826 5.76332025948
827 5.12290261696
828 5.28878418155
829 4.98613912351
830 5.03768589211
831 4.97151649887
832 5.18698772683
833 5.36565162452
834 5.32890404682
835 4.87742161372
836 4.63792853299
837 4.91649473044
838 5.26501179755
839 5.23757706878
840 5.46858585012
841 5.08588826449
842 4.56703630018
843 5.45748284523
844 4.9807441121
845 5.27335793806
846 5.94752849238
847 5.78479398049
848 5.45494067151
849 6.01002469275
850 6.27754397446
851 6.41092665128
852 7.07628937823
853 7.34470212901
854 7.41910386902
855 7.65827606464
856 8.57837440085
857 8.76363781618
858 8.03679666636
859 8.4738352538
860 8.7775202137
861 8.5417484559
862 8.09617602368
863 7.75754529457
864 7.14552682829
865 7.10679158866
866 6.66097524113
867 6.45771917679
868 6.42625287215
869 6.403429798
870 6.39400262782
871 7.11324176462
872 7.19852728233
873 6.90492287082
874 7.43558274032
875 7.27589403005
876 6.49008406159
877 7.31322709264
878 7.29621510812
879 7.66441560155
880 7.70495246836
881 7.82027499765
882 7.67703526084
883 7.92887066158
884 7.79966360494
885 7.84892882491
886 7.60711351575
887 7.34970349561
888 7.46237802153
889 7.14985345121
890 7.3127797842
891 7.03674511482
892 6.85887001806
893 7.09747227258
894 7.10010561998
895 6.86559751317
896 6.24810055892
897 5.98017965679
898 5.48218356146
899 5.69258065281
900 5.31642395683
901 5.3953024553
902 5.52790540649
903 5.00624826617
904 5.45582660476
905 5.3296119778
906 5.04846866777
907 5.65331110975
908 5.81414876844
909 6.36750460028
910 6.3515939646
911 6.37854877041
912 7.05090253142
913 6.65749871971
914 6.38611635453
915 6.45580632535
916 6.83673515527
917 6.93470007459
918 6.92735703026
919 6.92069799927
920 7.07686942534
921 7.38754309698
922 6.46171804657
923 6.5218607038
924 6.40583382721
925 6.42718469761
926 6.67670272242
927 5.90602854105
928 5.98564944137
929 5.73107272134
930 5.91048395563
931 6.26527271017
932 5.87623805281
933 5.95579893274
934 6.34062420272
935 7.10054940078
936 7.56693414938
937 7.75673609751
938 8.13108029247
939 8.55669925911
940 7.7992442193
941 7.57097501152
942 7.77828544472
943 6.83435527055
944 6.9781742097
945 6.87942331129
946 7.04678374559
947 7.52171125305
948 7.4282636571
949 7.78301334628
950 8.46507805448
951 8.5482037832
952 8.85055957929
953 9.79772881251
954 10.0739484251
955 9.86322512454
956 9.34936329423
957 9.81092190008
958 10.2260574334
959 9.95080615396
960 9.62873562398
961 9.28862154868
962 9.99061961665
963 9.02006914393
964 9.33682460343
965 10.4030845641
966 10.4205314217
967 10.4433647585
968 10.6459066298
969 9.94436227254
970 10.0413540163
971 10.4678934336
972 10.1931439735
973 10.2104097486
974 10.40194653
975 10.67752296
976 10.7074983502
977 10.7161001296
978 14.221854048
979 13.6243700339
980 13.533165906
981 14.5077068568
982 15.2284105117
983 12.2582690083
984 12.558074215
985 12.1555436491
986 11.8436213374
987 11.4474823394
988 11.9939958091
989 11.659681795
990 14.4444521976
991 14.4433247715
992 11.7659585617
993 12.0221430464
994 15.4482366505
995 12.0364728537
996 11.9123271543
997 11.8498062779
998 15.4990574517
999 11.0674543225
