0 0.0
1 -0.0681074904338
2 0.0986210253105
3 0.0744304471849
4 -0.0870381504488
5 0.103158811321
6 0.0713805373921
7 0.0888013397671
8 0.183862530774
9 0.186041945296
10 0.217716056945
11 -0.00614049664181
12 0.210781058356
13 0.0790240013757
14 0.0238416102625
15 0.157572241855
16 0.238867384451
17 0.0911982592241
18 0.135322575536
19 -0.0779700937167
20 -0.0810061415432
21 0.00404847666595
22 -0.129049485543
23 -0.00940657592317
24 -0.0443585796915
25 0.0448424312065
26 -0.0312414424905
27 -0.346458358376
28 -0.251803034149
29 -0.131292473188
30 0.0565326405078
31 -0.0199104718251
32 0.104861468425
33 0.286745156052
34 0.0134681578811
35 0.0577270264671
36 -0.0696592404309
37 -0.0099976155029
38 0.00740611384521
39 0.0876125566155
40 -0.00265621781521
41 -0.213932169909
42 -0.039581067682
43 0.098423480874
44 0.151976875746
45 -0.0633272405826
46 0.249379298876
47 -0.109095231118
48 -0.0222810394565
49 0.144799886877
50 0.110060540114
51 -0.174366634954
52 0.0709145555137
53 0.39219517493
54 0.0119377224273
55 -0.0593249594597
56 0.142466690027
57 0.241441013039
58 0.0544303609419
59 0.07818346331
60 -0.0714582114129
61 0.183107802309
62 -0.0526279840822
63 -0.0111664423875
64 -0.124422457564
65 0.00260690954715
66 0.0848224876702
67 0.0271559662362
68 0.292899319181
69 0.235744505612
70 0.229133507977
71 0.36544576345
72 0.0632883834805
73 0.282413239041
74 0.282510514259
75 0.266103515285
76 0.383646464097
77 0.369639639129
78 0.515117715805
79 0.517130492048
80 0.536336081079
81 0.682805901234
82 0.361083661688
83 0.263130767529
84 0.222491554069
85 0.34070410498
86 0.259542992364
87 0.443204922574
88 0.642758105458
89 0.268978737262
90 0.24866779053
91 0.361055305309
92 0.317235411426
93 0.158680252026
94 0.163329325989
95 -0.0144042145863
96 0.163119210153
97 0.364263881702
98 0.151579485142
99 0.160431641767
100 -0.0291993152484
101 0.128733216658
102 0.0169662419889
103 0.0989978700913
104 0.0704411363766
105 0.181480802259
106 0.0843161251863
107 -0.0385466199701
108 0.0787350297046
109 0.299565840238
110 -0.0048012777519
111 0.0254002031891
112 -0.0302385822554
113 0.0688190196257
114 -0.0373148479327
115 -0.237179193049
116 -0.326460497869
117 -0.127106078513
118 0.206003148276
119 -0.0173310422286
120 0.083425916148
121 0.0735168307835
122 -0.0427605741859
123 0.00784929262205
124 0.19132566336
125 0.307631348369
126 0.381820066524
127 0.260627653142
128 0.27455868588
129 0.370925680144
130 0.336136501155
131 0.300771033869
132 0.338476869168
133 0.246870663861
134 0.238129784203
135 0.314667754736
136 0.242421781281
137 0.418806009478
138 0.184030335756
139 0.203306738102
140 0.261599356742
141 0.0679247828677
142 0.0479024657591
143 -0.0145274207022
144 0.126648359483
145 0.313668223789
146 0.35912249138
147 0.167523128519
148 0.433250675991
149 0.288956380895
150 0.244511891978
151 0.162449529086
152 0.0405694179702
153 0.412051354258
154 0.385237276968
155 0.0555731073764
156 -0.0920669753602
157 0.254778238331
158 0.231659853643
159 0.205214509332
160 0.159246371858
161 0.356476324707
162 0.342014578409
163 0.711219652349
164 0.509929005963
165 0.403579698043
166 0.365611334403
167 0.680779154335
168 0.476102973368
169 0.730799891194
170 0.518346132249
171 0.529257030873
172 0.566877027741
173 0.43272961558
174 0.859436640636
175 0.768047970193
176 0.864835301919
177 0.710125659438
178 0.727109285404
179 0.520250974434
180 0.604858516976
181 0.631559512137
182 0.921040260355
183 0.765634197389
184 0.789754357829
185 0.570647562373
186 0.732232411606
187 0.734111215067
188 0.835248116472
189 0.897460607067
190 0.988663777549
191 0.846438324815
192 1.02838336008
193 1.34511087147
194 1.04877112308
195 1.13177426603
196 0.875925253793
197 1.1934398049
198 0.841196516062
199 0.638586160504
200 0.885959469631
201 0.758846782674
202 0.75034795418
203 0.734381486208
204 0.70134587417
205 0.698578141155
206 0.6946709549
207 0.631543974941
208 0.931819899362
209 0.942657921706
210 1.02162896769
211 0.869916531099
212 0.852118200993
213 0.803347212563
214 0.772495388157
215 0.880595728657
216 0.931232416816
217 0.790951287265
218 0.608900653731
219 0.68448094564
220 0.549220141675
221 0.471252965653
222 0.54624249862
223 0.285379902875
224 0.283025355937
225 0.204888199266
226 0.558488805278
227 0.336443330656
228 0.607781452674
229 0.397213871257
230 0.529593983518
231 0.407953688091
232 0.423359540714
233 0.397682715678
234 1.00632000092
235 1.00554954591
236 0.597734746803
237 0.249046637248
238 0.350619386471
239 0.444846167375
240 0.721363924286
241 0.19354642125
242 0.145143408128
243 0.446404631264
244 0.483544169862
245 0.826231398101
246 0.671700481954
247 0.706316626607
248 0.601893108708
249 0.754009896272
250 0.901653225386
251 0.492790318826
252 0.636921625153
253 0.821320970045
254 0.499900106874
255 0.946019928121
256 0.728493662283
257 0.737877458352
258 0.523551679675
259 0.85923810358
260 0.676646463939
261 0.906321174299
262 0.831109421388
263 0.706288909767
264 0.514478740267
265 0.646168769847
266 0.858271402163
267 0.790176000274
268 0.842410867489
269 0.714190402277
270 0.930774803706
271 0.625441084278
272 0.80466982794
273 0.909282497391
274 0.953753465166
275 0.617352467256
276 0.610912256187
277 0.619732800923
278 1.02523555555
279 1.0564208554
280 0.952845558146
281 0.829207744509
282 0.711578915433
283 0.742354253447
284 1.02690373898
285 0.934261857023
286 1.29929366477
287 1.14240227284
288 1.44168363984
289 1.26703334616
290 1.05429535462
291 1.00714164323
292 1.35992290895
293 1.25394881082
294 1.17806660645
295 1.23413193232
296 1.28726091092
297 1.59069621152
298 1.51373388809
299 1.22898704328
300 1.14660647522
301 1.30257500916
302 1.09685105102
303 1.15640631517
304 1.22666965796
305 1.16613936349
306 1.12802067464
307 1.25488543034
308 1.20240841987
309 1.06569954767
310 1.21907185134
311 0.989611204131
312 1.28544138835
313 1.01897474009
314 1.14436448392
315 1.3936706772
316 1.29965918592
317 0.994181274974
318 1.32026028975
319 1.26762657244
320 0.950711032335
321 1.32393817916
322 1.36914781489
323 1.23845293382
324 1.54796100792
325 1.75294547231
326 1.69428122471
327 1.65094965211
328 2.10444565963
329 1.85015307059
330 1.60679187295
331 1.58323356224
332 1.38576245003
333 1.73904928831
334 1.26058719872
335 1.21754576833
336 1.44113415462
337 1.64886487058
338 1.77586903351
339 1.52881414011
340 1.41535023993
341 1.19836607671
342 1.5271033534
343 1.62672229273
344 1.32425175374
345 1.34980184599
346 1.31390018328
347 1.27093691475
348 1.59853490083
349 1.37065824769
350 1.4371916905
351 1.54971846338
352 1.3554936139
353 1.68006848808
354 1.83090722239
355 1.61739361547
356 1.99189359142
357 2.04974426835
358 2.36576419289
359 1.6853067109
360 1.99327540198
361 2.15782185476
362 1.9418825672
363 2.06848775255
364 1.90128717409
365 1.9783077422
366 1.92393721206
367 1.9207195901
368 1.80076120237
369 1.85210877401
370 1.76180083158
371 1.85148757151
372 1.98610830899
373 1.88540959253
374 1.85676979922
375 1.93760091286
376 1.85098656118
377 1.92043441888
378 1.88239192596
379 1.80780194457
380 1.38122766861
381 1.89075269299
382 1.90903628849
383 1.5916670672
384 1.70542648848
385 2.18235249099
386 2.0506744087
387 1.86554088431
388 1.96123435357
389 2.22813058498
390 2.26995894021
391 2.01000416403
392 2.35350167952
393 2.64832998419
394 2.49788442894
395 2.40797144446
396 3.08858726527
397 2.609896851
398 2.73721209999
399 2.65851810123
400 2.68169137291
401 2.28941141511
402 2.362787602
403 2.32030229287
404 2.6308740828
405 2.53221221548
406 2.42320087045
407 2.58730961143
408 2.52458876513
409 2.62862863261
410 2.48678059112
411 2.64352059237
412 2.65296263661
413 2.43772512374
414 2.53652804645
415 2.79241005728
416 2.68802960516
417 2.99521038651
418 2.8228150726
419 2.6266683375
420 2.73412670085
421 2.87436776473
422 2.5844614671
423 2.62300312828
424 3.33742397643
425 3.50368484567
426 3.52006409406
427 3.13238462376
428 3.03867795121
429 2.76516448517
430 2.6551202892
431 2.69920572839
432 3.0038876802
433 2.81147465124
434 3.29098543567
435 2.95058328443
436 2.9376840194
437 2.36556359324
438 2.88770001316
439 2.18622481501
440 2.70305394096
441 3.1698837709
442 3.59062792236
443 3.069900765
444 2.97253069822
445 3.41814559815
446 3.53919257127
447 3.57318737168
448 3.2682780013
449 3.12971090552
450 3.37182095568
451 3.64233300309
452 3.4377400431
453 2.88045558372
454 2.83723837288
455 2.31148767771
456 2.58310741122
457 2.99773178173
458 3.16445284677
459 3.33652444094
460 2.89416566167
461 3.07303493902
462 3.57775781009
463 3.43017012734
464 3.48310138269
465 3.11437966428
466 3.40821588512
467 3.10362378661
468 3.32776464282
469 3.62888435513
470 3.11656186637
471 3.26973059716
472 3.62947535236
473 3.54914381552
474 3.50243276919
475 3.70799538799
476 3.170975163
477 3.93183494617
478 3.92013006128
479 3.60391758687
480 3.76438177671
481 3.75536565168
482 3.6225370382
483 3.75031859998
484 3.61882476397
485 3.69589208151
486 4.09771394605
487 4.40594410392
488 4.44275518587
489 4.28187518821
490 3.99091007687
491 3.98558419624
492 3.60538714967
493 3.56063060533
494 3.5082836862
495 3.62286096829
496 3.82716585065
497 3.68428474937
498 3.92280794407
499 3.41311291416
500 3.36665201114
501 3.29983307739
502 3.29921702364
503 3.07884663917
504 3.21964747443
505 2.92834178706
506 2.80767056487
507 2.98151424111
508 3.02379261117
509 2.93686597522
510 2.66840036313
511 3.22064619768
512 3.18637665049
513 3.11659705939
514 3.30178976397
515 3.24616117711
516 2.8732414356
517 3.05512914847
518 3.27994543086
519 3.29136947166
520 3.91724725267
521 4.01227864815
522 3.99720923308
523 3.94003775581
524 4.45171919682
525 4.53939043464
526 4.41549757027
527 4.40811599299
528 4.75246547621
529 4.65962297983
530 4.49322168973
531 3.83904621532
532 3.51912049235
533 3.69218078382
534 3.31391671683
535 3.66710259724
536 3.75466843587
537 3.96584709267
538 3.9674879391
539 3.42178197238
540 2.59761798166
541 3.28320559135
542 3.26946434189
543 3.42137344045
544 3.62811090673
545 3.99132045854
546 4.23309757707
547 4.59054363402
548 4.47373954496
549 4.63505944898
550 4.74730827379
551 5.17088642726
552 5.27472511379
553 5.27771227827
554 5.25211783917
555 4.65591514632
556 4.44606778835
557 4.17208292983
558 4.0575627039
559 3.89351878459
560 3.56001956661
561 3.57632310007
562 3.97162925114
563 3.81927300792
564 4.78573342622
565 4.65170347209
566 4.65197359109
567 4.84528996389
568 5.161872187
569 4.78874473349
570 4.7133531515
571 4.73872795256
572 4.87857280287
573 4.60438102862
574 4.8151024443
575 4.33984173683
576 4.52104154317
577 4.74646004743
578 4.52462986249
579 4.66087570156
580 5.06058340398
581 5.11638567582
582 4.17324249545
583 4.56967848856
584 4.37241398454
585 4.93117673989
586 4.79250164452
587 4.9331341619
588 5.04847001375
589 5.2667224382
590 5.08045161173
591 5.00046517051
592 5.24695688171
593 5.78757952195
594 5.64115407302
595 5.4253272547
596 5.93199915835
597 5.8140701598
598 5.69139306927
599 5.83670587076
600 5.63827274903
601 6.54712629786
602 7.18208874286
603 7.08916865154
604 7.19652371532
605 7.17625174984
606 7.19069183558
607 7.50222336024
608 8.2886122967
609 8.46727967769
610 7.94465278063
611 7.40566151551
612 6.98966918631
613 7.0741981831
614 7.50797784822
615 7.07273070387
616 6.58130474004
617 7.08291585576
618 6.90214903747
619 7.66244355279
620 7.66545158182
621 7.62023137752
622 7.49368843866
623 7.26211154129
624 6.90826379657
625 6.9381355933
626 6.78643140433
627 6.47480168039
628 6.50799751948
629 5.90094836711
630 6.10233601657
631 6.31173518058
632 6.71027403721
633 6.04156562109
634 6.28411851406
635 5.89683944872
636 5.72349615579
637 5.64286082215
638 6.1039929241
639 6.06213355235
640 5.96164904075
641 6.55417785367
642 6.43542210838
643 6.91003223012
644 6.56750568163
645 6.15735336972
646 6.8413971839
647 6.58711621254
648 6.65417225789
649 6.23719730856
650 6.81654613657
651 7.0270699151
652 7.05662295721
653 7.21770551997
654 7.54480125443
655 8.21019258596
656 8.4855255801
657 7.88458112978
658 7.61222026035
659 8.28329799442
660 8.29299033365
661 7.89964139485
662 8.20473138456
663 8.40138525466
664 8.32911077062
665 8.17257460866
666 8.58832039152
667 8.90941693148
668 8.59481615244
669 8.78146300981
670 9.13897199301
671 8.89437121697
672 8.50122233233
673 8.69842368795
674 8.8726370919
675 9.62520960811
676 9.63249489637
677 9.78461332257
678 9.53092074405
679 9.59110620413
680 9.15963599601
681 9.92269957099
682 10.0894444939
683 10.3784780706
684 10.2191227037
685 10.3193492423
686 10.4165391791
687 10.8008550382
688 10.4683688757
689 10.4276670184
690 10.4688020231
691 11.2983157135
692 10.8718001106
693 10.3744850546
694 10.5763774255
695 10.6841584968
696 10.2384693229
697 10.0228125773
698 9.61168768163
699 10.0045172643
700 10.3552596855
701 10.4913092762
702 10.0766853566
703 9.95682972433
704 9.92737377665
705 10.0538498027
706 9.97931705628
707 9.59613499896
708 9.62129217392
709 9.95809714394
710 9.67327351156
711 8.83235091821
712 8.72836089807
713 8.36884537028
714 7.93562915452
715 8.31388216303
716 7.79531060478
717 8.55009654156
718 8.51899219435
719 8.402800119
720 8.8544028231
721 8.34322601188
722 8.70469842038
723 8.39351145065
724 8.30063056419
725 8.3777636859
726 8.50215975164
727 9.27965592437
728 9.26285034236
729 9.62041837986
730 9.95644606478
731 9.68402471952
732 9.76650000895
733 10.0329441825
734 10.6751164634
735 11.2989481111
736 11.5911117486
737 11.9712233525
738 11.7845558998
739 11.2596535772
740 10.8696041574
741 10.7827123227
742 10.5271683547
743 10.8318209775
744 10.8142015669
745 10.3132901561
746 10.9155597853
747 10.811140451
748 10.6705084945
749 10.7592414669
750 10.8676035964
751 10.9512543149
752 10.1165209005
753 9.97936517289
754 9.79479712436
755 9.49100969194
756 9.23546207038
757 9.13043863428
758 9.58544528365
759 10.33596831
760 10.7074895075
761 10.4631862347
762 10.8366771952
763 10.3221267282
764 9.94118846068
765 9.75960124904
766 10.2502088541
767 10.1953683439
768 10.2769903362
769 10.1391636275
770 10.3931697723
771 10.5990588683
772 10.26486088
773 10.1723192394
774 10.1605251036
775 9.83314829712
776 9.52195530452
777 9.14295820699
778 8.85908054224
779 8.62824309514
780 8.6681785982
781 8.86904156702
782 8.84787009602
783 9.75068469388
784 9.80873663123
785 9.93225849328
786 9.95889961809
787 9.52521950586
788 9.64899826216
789 9.74872081293
790 10.2182206101
791 9.96050817562
792 10.3820611958
793 10.7069744556
794 11.4829261148
795 10.9570777299
796 11.2886146839
797 11.525135917
798 10.6989594557
799 11.5520802171
800 11.5924766053
801 10.7663644136
802 11.0343891167
803 11.862225266
804 11.8520836761
805 11.9611132417
806 11.9828998986
807 11.7817965497
808 11.6760843115
809 11.8427200768
810 12.1729160613
811 12.2711254713
812 13.0167818408
813 13.4895461593
814 13.2888863172
815 13.2611645501
816 13.4726563405
817 12.9284234855
818 12.6720948133
819 12.8490083342
820 13.1949255894
821 10.4403358055
822 13.0281606908
823 13.1672347099
824 11.1596558109
825 11.4975676869
826 10.6487456525
827 11.1019078649
828 11.0949091022
829 11.3326129686
830 11.2314351889
831 10.8829269755
832 10.7462620878
833 10.6571955842
834 10.7262333976
835 14.0459360084
836 13.7736546006
837 10.3546155178
838 10.822945998
839 10.87963551
840 10.6586263784
841 10.7899415064
842 11.9948426363
843 12.5242992593
844 13.2057453104
845 13.7664259531
846 12.7573010016
847 12.9019359799
848 12.3881178822
849 11.6806362312
850 12.0165428121
851 11.0721301456
852 11.2605542632
853 10.9111937511
854 12.1717660999
855 10.9762159302
856 10.7897198189
857 10.3403170795
858 10.7226831095
859 10.3592949391
860 10.7070925488
861 10.7520485672
862 10.7429904803
863 10.7562654073
864 10.524271018
865 10.2761716276
866 10.0951659095
867 10.1582979475
868 10.8796126876
869 10.5822281451
870 10.5411307894
871 10.7817209127
872 10.9599702173
873 10.7302328521
874 11.0513325827
875 11.4085523873
876 10.9826020186
877 10.865484373
878 11.2633502593
879 11.3176490411
880 11.6435923412
881 11.8947621251
882 11.6317471615
883 10.9253028152
884 10.7117054101
885 10.8064090137
886 11.2751990138
887 10.8133749788
888 10.6546371263
889 10.9893458788
890 12.1383115134
891 11.3712280276
892 11.8265438847
893 11.3619568569
894 11.0455688779
895 10.8353982061
896 10.8243328164
897 11.3504514454
898 11.1406988761
899 11.4934888745
900 11.9628290731
901 12.2976127667
902 12.4640692175
903 12.566389047
904 12.6700345402
905 12.7534527881
906 12.474294369
907 12.8096432287
908 13.3713387518
909 13.4099126151
910 12.9464013193
911 12.8420539475
912 12.3244820692
913 12.4478463071
914 12.5594985103
915 12.9442572538
916 12.8281443039
917 12.7143341588
918 12.9306459094
919 13.2735822571
920 13.4648247451
921 13.4398040845
922 12.9655807704
923 12.8703494548
924 13.4376491783
925 14.0339275854
926 13.2954991256
927 13.1647550782
928 13.8071518629
929 13.3412969848
930 12.5900565631
931 12.5033653428
932 13.1428351863
933 13.1004010265
934 13.6515918461
935 12.9466323432
936 12.8907592492
937 12.9178390312
938 13.119185831
939 13.5276254374
940 13.1049539844
941 13.074667865
942 13.3139079322
943 13.5635566418
944 13.5405800016
945 13.5916393673
946 13.2463575116
947 13.7641710529
948 13.9018789563
949 13.829399923
950 13.7607378434
951 13.3250694366
952 13.0324881062
953 12.7840609941
954 13.4615078236
955 13.566549972
956 13.3708978835
957 13.657049804
958 13.677497218
959 13.839843406
960 13.6025364977
961 14.1151145347
962 13.5759568658
963 13.2574086737
964 12.8734223465
965 13.3534641076
966 13.3335376366
967 12.8422207876
968 12.3561181743
969 13.3190583929
970 12.7046164841
971 12.6294964704
972 12.9496461618
973 12.7466260216
974 12.1511557531
975 12.6799777064
976 12.5545929279
977 13.0945968641
978 13.1307000815
979 12.6949116965
980 13.0721412736
981 13.3191714604
982 13.5064737724
983 13.9241334413
984 13.9663071337
985 13.9265311704
986 13.9139465332
987 13.7337569256
988 13.3605099299
989 13.230310249
990 13.5078413302
991 13.2327596768
992 12.8524929701
993 13.0321851568
994 13.272688196
995 13.2686833321
996 13.779032456
997 13.6162315124
998 13.1485544334
999 13.3107390145
