0 0.0
1 0.019150083353
2 -0.214172930508
3 -0.0635073958701
4 -0.237656126186
5 -0.0405449893002
6 -0.149824666727
7 -0.0889281709367
8 -0.267562383149
9 -0.292344445761
10 -0.274053773926
11 -0.220920370856
12 -0.208785093983
13 -0.126883286922
14 0.165770785359
15 0.00546450344059
16 -0.0512113890584
17 0.270061203879
18 0.094933204205
19 0.144051679826
20 0.0656945933012
21 0.100625288418
22 0.193876401524
23 0.117895034872
24 0.0762801002579
25 0.256619958338
26 0.0700389564105
27 -0.175473183608
28 -0.0198522237901
29 -0.0815945906363
30 0.086050171303
31 -0.0407301355481
32 0.117872711228
33 -0.0510597321641
34 0.0549157275916
35 -0.0865134321628
36 -0.306829133197
37 -0.0993199436523
38 -0.0119068829615
39 0.0972426715387
40 -0.238771203662
41 -0.0724671878623
42 -0.0340385367679
43 0.0858124533079
44 -0.00494736238121
45 -0.0396093939472
46 -0.20434651641
47 0.0242231285054
48 -0.118637451482
49 0.18019688147
50 -0.341217367634
51 -0.113688723326
52 0.0656643359051
53 -0.0990025543533
54 0.0700462977398
55 0.234308313843
56 -0.168841178622
57 -0.0384647942526
58 0.113331594833
59 -0.0841297541844
60 0.0228048741353
61 -0.0495436203241
62 -0.198555607185
63 -0.00852415266884
64 0.223834495602
65 0.0899065661426
66 0.0776071536115
67 0.203680241598
68 -0.136644113859
69 -0.0433368292544
70 -0.0383280532456
71 -0.266218405009
72 -0.253409756196
73 0.0074891362807
74 -0.365221241295
75 -0.000790408678753
76 -0.268106168358
77 -0.305243369008
78 -0.271114620839
79 -0.101877679759
80 -0.248383861946
81 -0.353090360339
82 -0.404744996792
83 -0.294232291634
84 -0.210761310154
85 -0.112619226792
86 0.0088151428269
87 0.125753080279
88 -0.0466717087365
89 0.098112442666
90 -0.138637679308
91 -0.165817269856
92 0.215429440769
93 -0.0511337566159
94 0.1307676726
95 -0.0758825547133
96 -0.0925143308059
97 -0.0700110595887
98 -0.166507311228
99 -0.175773438115
100 -0.257400058349
101 -0.179177743756
102 -0.274582333661
103 -0.102745433146
104 0.0344302641259
105 -0.202601839186
106 0.136437142487
107 0.0210603793586
108 -0.173525828995
109 -0.0977757963664
110 -0.281067080778
111 -0.345236526679
112 -0.0945668800977
113 0.0443256111032
114 -0.118035585292
115 -0.307858203751
116 -0.288952475474
117 -0.29437854374
118 -0.302078049427
119 -0.274824922212
120 -0.183460977956
121 -0.197090773439
122 -0.340466026677
123 -0.230898405763
124 -0.117081352058
125 -0.019720997176
126 -0.0381523811733
127 -0.108684548582
128 -0.0811579761196
129 -0.101779669634
130 0.172112587975
131 0.285115957061
132 0.343243588053
133 -0.0906109150241
134 -0.0772692319558
135 0.0995967417439
136 0.233631463816
137 0.251146823144
138 0.250456657228
139 0.340421695564
140 0.349226115768
141 0.343437557017
142 0.115440910777
143 0.225247640253
144 -0.28040276707
145 0.328125712565
146 0.485574940365
147 0.589330303249
148 0.594869805864
149 0.505567614575
150 0.0697034804225
151 0.124765522551
152 0.501022628816
153 0.469643604632
154 0.513444954946
155 0.558674578518
156 0.545211341808
157 0.875640585696
158 0.9013920614
159 0.826128237441
160 0.591667704425
161 0.758926449687
162 0.970720031341
163 0.582010577425
164 0.550137382452
165 0.677983403436
166 0.369423156874
167 0.283602142135
168 0.389323560003
169 0.47514406364
170 0.313131035795
171 0.256798158021
172 0.465029080093
173 0.513779525098
174 0.224238563867
175 0.512697152499
176 0.399902351873
177 0.556663944685
178 0.813063526525
179 0.856097144888
180 0.682414437632
181 0.508669059107
182 0.482154606975
183 0.544858222892
184 0.762920869236
185 0.523424777691
186 0.483368028678
187 0.925563719676
188 0.91488787354
189 0.806759121607
190 0.398114905958
191 0.338960322281
192 0.489093692844
193 0.686777479647
194 0.467043282936
195 0.726797550862
196 0.946922882436
197 0.607397079744
198 0.671887289865
199 0.61532941735
200 0.742482645642
201 0.278962779981
202 0.602504169999
203 0.310023785087
204 0.483101750448
205 0.568321800275
206 0.849441877628
207 0.868083941014
208 0.50247036514
209 0.625493868962
210 0.988191153014
211 0.905098257814
212 0.689476013736
213 0.451422235123
214 0.427110260935
215 0.564330830459
216 0.333452613859
217 0.646223713586
218 0.48325377344
219 0.594414835667
220 0.758462351664
221 0.99356457824
222 1.03629578952
223 0.799641209592
224 1.01832850287
225 1.11320892138
226 1.2276346636
227 0.982672649511
228 1.11465386983
229 1.04223464992
230 1.13158272228
231 1.1627610703
232 1.3998852291
233 1.27191256782
234 1.07957319853
235 1.15681684295
236 0.944681584155
237 1.13684149204
238 1.11854138086
239 1.04478143699
240 1.10901712228
241 1.60392814496
242 1.96230844174
243 1.85626477727
244 1.98624807495
245 2.03551139245
246 2.22544435798
247 2.12914796896
248 2.28086614288
249 2.63590843455
250 2.69698852002
251 2.71033033301
252 2.84656682271
253 3.04932492168
254 3.19204445769
255 3.43331266656
256 3.53425160206
257 3.41687602062
258 3.61813045165
259 3.80743603431
260 3.67774756716
261 3.73612217227
262 4.13999291466
263 4.11951357771
264 4.20343337398
265 4.57392599738
266 4.75992082667
267 3.94393755376
268 4.14693930674
269 4.44873298562
270 4.65445090552
271 4.87330526788
272 5.01502810694
273 4.68342883675
274 4.89237129509
275 4.55591635454
276 4.55186161191
277 4.23805156578
278 4.2138668749
279 4.08740035441
280 3.93373874863
281 4.46394700468
282 4.27501089933
283 3.91218400628
284 4.14779572718
285 4.134083045
286 4.25463378356
287 4.32602497315
288 4.01415824578
289 3.63911120145
290 3.78271786494
291 3.91096765868
292 4.20807221721
293 3.89615242984
294 4.20818749588
295 4.70815845329
296 4.31441001889
297 3.83810489306
298 4.5344468503
299 4.86907725937
300 4.36356731026
301 4.50196232637
302 4.42132524191
303 4.58895677032
304 4.89399061081
305 4.71925245138
306 4.35328905733
307 4.4347056585
308 4.29299904082
309 4.62294444512
310 4.96653494756
311 4.83810524079
312 4.76814428548
313 4.8856789567
314 4.35079342357
315 4.00074880301
316 4.06394413246
317 4.22659185887
318 4.31980348408
319 4.33225346971
320 4.40280544615
321 3.84701200527
322 4.26473503459
323 4.05956864161
324 4.15486767498
325 3.74468753414
326 3.72530093379
327 4.0748550231
328 3.98721848839
329 4.38846291615
330 4.18243522374
331 4.54147818683
332 4.44185615081
333 4.10199527956
334 4.29323045469
335 4.83835416359
336 4.64397844664
337 5.11770260226
338 4.56568226749
339 4.46824031484
340 4.66032876862
341 4.97265864685
342 4.76597151776
343 5.05701981565
344 4.58631488344
345 5.02780648797
346 5.25868628313
347 5.32393133679
348 4.80105386943
349 5.32048265721
350 5.26861166793
351 5.15145925076
352 5.19509592702
353 5.27072781641
354 4.63229833511
355 4.37124816711
356 4.90813269587
357 5.1594984272
358 5.14742215959
359 4.68592189467
360 5.02349845013
361 4.93188062757
362 4.34437182758
363 4.21938363738
364 4.39758983964
365 4.18536329548
366 4.08285976802
367 4.97373260367
368 4.51060482768
369 4.81328155116
370 4.24165818644
371 4.1350211449
372 4.18326671664
373 4.8464874435
374 4.97008603341
375 4.82337663268
376 4.77838281296
377 4.79419672612
378 5.01228409556
379 4.78578553365
380 4.40956715478
381 4.63686308574
382 4.80457066477
383 4.53893409489
384 4.44666509886
385 4.69160553423
386 5.13011425552
387 5.0037210406
388 4.75545536895
389 4.63998192698
390 4.74986937159
391 4.87293875656
392 4.80965377311
393 5.02597271227
394 4.90152766214
395 4.85823231174
396 5.05457861279
397 5.40097525264
398 5.32756896178
399 5.44436328766
400 5.20580142576
401 5.49437697634
402 5.76532485069
403 5.85786055223
404 6.0405886884
405 5.83769140674
406 6.52035062099
407 5.96215081961
408 5.63506723189
409 5.68022894187
410 5.76391865547
411 5.94651636877
412 5.28657183238
413 5.2813428691
414 5.42551570284
415 5.82385400271
416 5.49607889201
417 5.2139204113
418 5.37894839981
419 5.2465226862
420 5.58168490067
421 5.70264628867
422 5.97365460302
423 6.35296697719
424 6.18212170688
425 6.30997236738
426 5.96132741382
427 5.51159201122
428 6.02414833922
429 5.91527520171
430 5.99341100669
431 6.00473706367
432 5.62415436552
433 5.22489811615
434 5.74024033648
435 5.98291965996
436 6.16257411406
437 5.5296591538
438 5.61082190348
439 5.70302142815
440 5.74566220577
441 5.78253783347
442 5.95101546986
443 5.73494038636
444 5.85936753165
445 5.86135719905
446 6.22890545145
447 5.94641690899
448 6.04013803568
449 5.76036666228
450 5.35419849077
451 5.5298539965
452 5.55682424467
453 5.06671777739
454 5.05780946375
455 5.04751170196
456 5.08486040103
457 4.63902069984
458 4.91502963413
459 4.82819799767
460 5.47133210037
461 5.24931942235
462 4.79014526253
463 4.98025031611
464 5.62075458415
465 5.35884060218
466 5.38068183289
467 5.58923855337
468 5.49533579689
469 5.13586760373
470 5.58164775432
471 5.29511505993
472 4.93311029476
473 5.14723456469
474 4.75426919489
475 4.52253828026
476 4.37646555899
477 4.66664843131
478 4.67126513615
479 4.60745672826
480 4.53090289627
481 4.53774792593
482 4.65010347425
483 4.91469105188
484 4.19481124419
485 4.61857653259
486 4.77176168099
487 4.92508411888
488 4.51897076367
489 4.99008487598
490 5.15696492361
491 4.98674335082
492 5.76852816308
493 5.76632418512
494 5.94027982013
495 5.79850123665
496 5.85808436376
497 6.18840422617
498 5.16044471216
499 5.67002328243
500 5.05697778509
501 5.66726760484
502 6.15181619851
503 6.28050677966
504 5.81199312418
505 5.816384361
506 5.55959657069
507 5.63057212263
508 5.81285486369
509 5.43723652606
510 5.73284662986
511 5.47484741012
512 5.51331103691
513 5.8024386585
514 5.64914759287
515 6.036263575
516 5.98073164979
517 5.85013938746
518 5.51480795468
519 5.33840714686
520 5.85239803937
521 5.54287180763
522 5.73548440197
523 5.43844272601
524 6.0204594622
525 5.3442158119
526 5.41922196796
527 4.54678640351
528 4.87011258458
529 5.53686848944
530 5.4787446417
531 5.589376313
532 5.8318948285
533 5.98446055203
534 5.8606203333
535 5.84459823901
536 6.01655516463
537 5.81217994516
538 5.7333553747
539 6.36479706422
540 6.29897173219
541 6.21114430047
542 5.64649416693
543 5.47944157449
544 5.5674661932
545 4.81702074842
546 5.66265629216
547 5.59861746919
548 5.23617713814
549 4.76349730705
550 4.82589726699
551 4.8055017258
552 4.73245695206
553 5.55824330435
554 5.22914720526
555 5.32339464694
556 4.94365916297
557 5.05711687808
558 4.90240067167
559 5.27089882167
560 5.3364811987
561 5.59078699321
562 5.30950343802
563 4.78158017512
564 4.92559760874
565 5.22276530971
566 4.79958787778
567 4.74234236296
568 4.73470307666
569 4.47155116664
570 4.6491192295
571 4.61389106153
572 4.64483763394
573 4.76015506119
574 4.84468294594
575 4.86825541045
576 4.5655229416
577 4.28702256384
578 4.7523454266
579 4.43585608897
580 4.9441593369
581 4.99356492099
582 4.56687554174
583 4.40816161784
584 4.62180273808
585 4.21225371276
586 4.62435915838
587 4.54867054216
588 4.55732888851
589 4.19678084809
590 4.15881333377
591 4.12493688397
592 3.98665023201
593 4.31291296507
594 4.35464254049
595 4.45255997814
596 4.30622006505
597 4.4507427954
598 4.29862508002
599 4.31436609413
600 4.92027578615
601 4.66452730452
602 4.70019509757
603 4.34428520657
604 4.21882570034
605 4.76098725386
606 4.82003680278
607 4.94183597892
608 4.8922304267
609 5.35904715508
610 5.50394648615
611 4.64846233678
612 5.30908658055
613 5.22457850903
614 4.83058145452
615 4.73164373435
616 4.85065801992
617 4.90859549116
618 5.62256144381
619 5.47691010687
620 5.29074667096
621 5.35168634311
622 5.47316435549
623 5.18039623078
624 5.79791088156
625 5.35293538302
626 5.42822229382
627 5.35413164767
628 5.43986193753
629 5.40401275428
630 5.0891839258
631 4.82437231225
632 4.90026141281
633 5.07161438865
634 5.27307307814
635 5.00703404805
636 5.40843559129
637 4.79729977952
638 5.02556155025
639 4.73234100083
640 4.65338245022
641 4.82420303766
642 4.740057313
643 4.60908162047
644 4.61247670226
645 4.42094926563
646 4.43633976815
647 4.69379437169
648 4.67468915021
649 4.65882557453
650 4.83100137143
651 4.90917757481
652 4.72822564746
653 4.34636258743
654 4.54696141981
655 4.72782150481
656 4.5800344533
657 4.56723939845
658 4.798034888
659 5.08218413381
660 5.19387257041
661 5.12537641229
662 5.25863971285
663 5.16869495128
664 5.03124191111
665 5.01804254415
666 4.74548468031
667 5.1504662622
668 5.17412115751
669 4.68554517826
670 5.05076387623
671 5.23078086635
672 4.86959953541
673 4.93313713548
674 4.97908217489
675 4.86925691027
676 4.8153980225
677 5.12002731178
678 5.3974520568
679 5.22760029447
680 5.97892348392
681 6.16475902524
682 5.93416744437
683 6.39543959493
684 6.27377327922
685 6.23518864504
686 6.1877592253
687 6.60900825702
688 6.34311223968
689 5.99823803414
690 6.32306760596
691 6.20623736709
692 5.88198902029
693 6.14277929736
694 5.82226391252
695 5.63462497217
696 5.56059777731
697 5.66584778253
698 4.95908009338
699 5.2660145696
700 5.68523786712
701 5.43440633566
702 5.88704668084
703 5.68993798921
704 5.90223810949
705 6.08099399259
706 5.8957938613
707 5.74755690443
708 6.25806723468
709 6.38453595262
710 6.72980937334
711 6.87474996584
712 6.77172775231
713 7.31809645893
714 7.68150404086
715 7.84746181773
716 7.40511004291
717 7.76712517838
718 7.61872106569
719 8.31821693609
720 8.13772205943
721 7.3485372878
722 7.22808221431
723 7.95229800218
724 7.93499205379
725 7.59553570764
726 7.80869415111
727 8.01548166264
728 8.47857657469
729 8.98000932489
730 8.48400188123
731 7.85056477903
732 7.97152494196
733 8.36759887512
734 8.01356854819
735 8.50895026737
736 8.16923850581
737 8.11239777165
738 8.03531445437
739 7.70684356184
740 7.65463276991
741 7.51093399332
742 7.73391687791
743 7.45379146492
744 7.46481117863
745 7.89186014835
746 8.04055651168
747 8.60217434224
748 8.00826626642
749 7.92523735183
750 8.51256514959
751 8.25373277906
752 8.32743534389
753 8.01694252165
754 8.45775714234
755 8.35683635784
756 8.28638459567
757 8.29528459645
758 8.1908097911
759 8.19867950812
760 8.34652383685
761 8.45894595389
762 8.20775124057
763 8.1598551744
764 8.72558844541
765 8.68546875719
766 8.6053766261
767 8.24358995889
768 8.39904709905
769 8.20757547433
770 8.53353703205
771 8.59276295048
772 8.35500646387
773 8.37369278193
774 8.1019031833
775 8.70138211958
776 8.18474619789
777 8.66316162435
778 8.82436127464
779 8.83838617237
780 8.72917060595
781 8.86480433474
782 8.82214148265
783 8.82248859785
784 8.6399024729
785 8.65503910116
786 8.77624253925
787 8.76843099593
788 8.48343049516
789 8.33793902369
790 8.48125999046
791 8.33339033677
792 8.55000135915
793 8.41400425536
794 8.48721228298
795 7.86726788518
796 7.85168993527
797 8.14329853235
798 7.86089148202
799 8.455259053
800 8.66767121256
801 8.76442568282
802 8.91469160494
803 9.0838725082
804 9.07569820335
805 9.06745911492
806 8.46998189268
807 8.5044470976
808 8.33004587217
809 8.85765078011
810 8.6304459704
811 8.38961786005
812 8.76726015585
813 8.66101278458
814 8.22054514068
815 8.68584122195
816 8.70119551459
817 8.56724145246
818 8.64740226943
819 8.86285615871
820 9.16544411527
821 9.29614978456
822 8.9291669797
823 9.48478027618
824 9.69614870947
825 9.01616107746
826 9.24216739971
827 8.33396447822
828 8.23008428003
829 9.26773587481
830 9.03634206719
831 9.37629632405
832 9.11634633172
833 9.66612396283
834 9.81006461397
835 9.33508644687
836 9.19179489745
837 9.72574087067
838 9.70475222863
839 9.82246454235
840 9.98552295097
841 10.1727164186
842 10.3265166049
843 10.0781492232
844 10.7904409327
845 9.96380156796
846 10.276735495
847 10.4731761989
848 10.8329415833
849 11.1716434715
850 11.3385088878
851 11.8638363742
852 11.737061646
853 11.8169500445
854 12.2118318072
855 12.0862517572
856 12.2846183634
857 12.2796502584
858 12.8656926212
859 12.4750068552
860 12.5331120368
861 12.4525203429
862 12.8103619701
863 12.5792756177
864 12.1829471727
865 12.2269638421
866 12.4335627998
867 11.9523964313
868 15.1577730669
869 15.3203491071
870 12.5357874014
871 12.5150620045
872 12.1162167093
873 12.2967827232
874 14.5430803373
875 14.1781323579
876 13.8692812004
877 13.7458098165
878 13.2803181619
879 13.4211879162
880 13.4032738429
881 14.0219377637
882 14.2229898628
883 14.3918237156
884 14.3626661732
885 14.9337789539
886 14.5675790879
887 11.9945188944
888 12.0261949204
889 11.8146108299
890 14.5972309934
891 14.2781485325
892 14.4949730675
893 14.1875780215
894 13.8753521932
895 14.0819578693
896 14.1411884808
897 14.5102083126
898 14.0448144294
899 13.8893365111
900 13.8201967517
901 13.5711173844
902 13.7840849312
903 13.7661231199
904 13.8503905871
905 14.1982672316
906 14.2691627784
907 14.2039394103
908 13.9392613456
909 14.567829789
910 14.1029469737
911 13.7413390264
912 13.3609535419
913 13.4472588095
914 13.7014538538
915 13.9590467073
916 14.4424147313
917 13.6670191975
918 13.7129494776
919 13.664772321
920 13.6233420922
921 13.8904216449
922 13.7422058815
923 13.5411923585
924 13.269341981
925 13.5290062271
926 14.4146366025
927 14.4210979901
928 13.8589778184
929 13.612589337
930 13.4879056614
931 13.7669517335
932 13.6198742306
933 14.0791282904
934 14.5887394449
935 14.6945845534
936 15.0075076087
937 14.4346792007
938 14.2948250409
939 14.6491769944
940 14.9008810056
941 14.2309417334
942 14.6929507554
943 14.955674202
944 14.970552447
945 15.4147728702
946 15.6234949847
947 15.8470842033
948 15.6339342054
949 15.414416723
950 15.3043005932
951 15.3512034031
952 15.3991394471
953 15.2386362697
954 15.3294456063
955 15.416857387
956 14.7940596125
957 15.1804848001
958 14.7461243265
959 14.8255839997
960 14.7675451851
961 14.9086458226
962 14.9075592081
963 14.7511980337
964 15.1310847297
965 15.3226949546
966 14.9480801039
967 15.196188783
968 15.2837572238
969 15.2904385095
970 14.8197212039
971 14.6777265709
972 14.2620522073
973 14.1077906103
974 14.1773947148
975 14.7824499345
976 15.0803587667
977 14.9703299591
978 14.6922749602
979 14.4044136915
980 14.3693780115
981 14.2709707756
982 15.2704858815
983 15.0254993314
984 14.6311293813
985 14.1707930755
986 14.0946670922
987 14.5822411237
988 14.0050675358
989 14.1926843328
990 14.720432611
991 14.4569766937
992 14.5550039253
993 14.413438712
994 14.0901747158
995 13.2096473387
996 13.4532966978
997 13.6195764443
998 14.0952457967
999 13.8842505207
