0 0.0
1 0.0189981933992
2 0.386090306635
3 0.229658113623
4 -0.0934768284656
5 0.0425390880126
6 0.116808685448
7 0.170477933274
8 0.200817899631
9 0.256517271462
10 0.146154162819
11 0.237427236535
12 0.196064977162
13 0.221075873371
14 0.420431709266
15 0.294055841692
16 0.345084435397
17 0.45580318747
18 0.390662661703
19 0.381665186171
20 0.0638594271818
21 0.185222745374
22 0.233572099265
23 0.378869631013
24 0.402035432124
25 0.406161817171
26 0.39407328772
27 -0.0362738464433
28 0.267019484361
29 0.132314841246
30 0.457290699185
31 0.365029948273
32 0.39562055151
33 0.375420981963
34 0.393856811508
35 0.435109037984
36 0.580457516893
37 0.543803232221
38 0.484426172221
39 0.602098473689
40 0.593952191797
41 0.446296069266
42 0.316332820171
43 0.137883183575
44 0.477122336534
45 0.34996836786
46 0.559699188255
47 0.588426476473
48 0.533577871438
49 0.425302519909
50 0.370184852886
51 0.356966881531
52 0.240604245715
53 0.360070748282
54 0.423626118419
55 0.375915725
56 0.275647434929
57 0.107326544358
58 0.45244461513
59 0.43407700115
60 0.451505429939
61 0.537277677043
62 0.70441315661
63 0.597826224964
64 0.549459158591
65 0.613875838017
66 0.591267426647
67 0.653030763122
68 0.545941175057
69 0.57462017391
70 0.512600519962
71 0.900152985214
72 0.631321376216
73 0.728182237332
74 0.780157121668
75 0.50321592358
76 0.421763037197
77 0.628961652327
78 0.862889664144
79 0.864232609678
80 0.76091087275
81 0.571175283055
82 0.539423162523
83 0.659097042513
84 0.583219922415
85 0.817631194847
86 0.470222538599
87 0.708664726285
88 0.528929839836
89 0.320023264741
90 0.479690399102
91 0.559751338824
92 0.729166189255
93 0.65018129558
94 0.701824506069
95 0.627407845596
96 0.5371446312
97 0.481724391971
98 0.419954952949
99 0.754300523936
100 0.638515842638
101 0.558008930168
102 0.37094253489
103 0.459043452395
104 0.39111727608
105 0.699553574003
106 0.569988933132
107 0.551460200279
108 0.584418837721
109 0.715594849296
110 0.572060001572
111 0.932852883452
112 0.690464881293
113 0.778943818148
114 0.867503805946
115 0.678969363319
116 0.67553496574
117 0.570528539409
118 0.634988565103
119 0.678232015502
120 0.649152667974
121 0.807958923427
122 0.786610191041
123 1.00795690753
124 0.786948863443
125 1.02419747591
126 1.03009700961
127 0.836504537195
128 0.616902322752
129 0.690738929533
130 0.675797956251
131 0.845569586194
132 0.732662359307
133 0.788133005662
134 0.294608132125
135 1.00178767935
136 0.621545140645
137 0.720276143815
138 0.978960242606
139 0.832202972481
140 0.974050917893
141 0.728768109257
142 0.794371940418
143 0.966737036234
144 0.333151921558
145 0.464202326319
146 0.648764035302
147 0.629334150827
148 0.56496146473
149 0.419963473655
150 0.296298814615
151 0.355771414127
152 0.388952732038
153 0.558260460391
154 0.762669280289
155 0.397980171641
156 0.44474576775
157 0.358169259378
158 0.360855866444
159 0.372097353111
160 0.334113088044
161 0.418497441818
162 0.431385958917
163 0.196559616262
164 0.464019577429
165 0.267775118827
166 0.111827454369
167 0.68748035511
168 0.535454560311
169 0.670194012212
170 0.170605398685
171 0.106966805771
172 -0.0153234556853
173 0.280539439255
174 0.476787259876
175 0.427669873887
176 0.615408255318
177 0.2764999713
178 0.418511520741
179 0.413633437491
180 0.515348710168
181 0.741570954378
182 0.490999660789
183 0.861548942252
184 0.729376969621
185 0.447427938373
186 0.701675301116
187 0.663127185951
188 0.584617489924
189 0.523023825562
190 0.608486628142
191 0.675195014423
192 0.81572564213
193 0.948166311086
194 1.15720172029
195 1.08924165608
196 1.38332072001
197 1.212669243
198 1.22236458838
199 1.15164561903
200 1.33981408841
201 1.09281815935
202 1.0952409076
203 1.18950144485
204 1.30194663226
205 1.36695599962
206 1.20725841579
207 1.18004378016
208 0.830809729303
209 1.09308988056
210 1.1563315952
211 1.37375500204
212 1.21410942717
213 1.29543084997
214 1.39489015973
215 1.0905456429
216 1.30995676599
217 1.52545790488
218 1.10590117984
219 1.19808244631
220 0.976283538424
221 1.00986679781
222 0.698580709394
223 0.766801642398
224 0.836412914978
225 0.984468036223
226 0.753125524993
227 0.589654240211
228 0.470162695668
229 0.584003826643
230 0.800378558999
231 1.19592376122
232 0.828631516669
233 1.14232849114
234 1.12214207426
235 0.942541624792
236 1.39552911724
237 1.40727830417
238 1.17467111195
239 1.12763900601
240 1.43588772149
241 1.41407042993
242 1.49189446853
243 1.51592469962
244 1.44322604112
245 1.37092320677
246 1.56041563898
247 1.60095524534
248 1.73980877273
249 1.64376127764
250 1.50635167884
251 1.8103749869
252 1.93027118515
253 1.51112911935
254 1.3015985228
255 1.37927241324
256 1.280801574
257 1.24523723212
258 1.75879437786
259 1.68909550729
260 1.53833382243
261 1.53095914165
262 1.43108525494
263 1.34673136036
264 1.12544519308
265 1.48904825598
266 1.61269428727
267 1.43999241425
268 1.57596579247
269 1.46822725208
270 1.46231616697
271 1.48746847183
272 1.28513136847
273 1.5960265365
274 1.22062388322
275 1.66445613235
276 0.980401053625
277 1.20586041831
278 1.29536930738
279 0.919205212871
280 1.18086361279
281 1.5173816216
282 1.29614127297
283 1.50195267944
284 1.39163822837
285 1.56696155267
286 0.939120632671
287 1.43026316042
288 1.20866236138
289 1.10561120629
290 1.47719543372
291 1.50599497014
292 1.85384664905
293 1.27799046223
294 1.49865269996
295 1.64969244205
296 1.66477934419
297 1.93057926357
298 1.554484531
299 1.89280772811
300 1.75467702322
301 1.81495406571
302 1.80033185869
303 1.41269401334
304 0.959179117915
305 1.19712404489
306 1.38147442688
307 1.59880351467
308 1.49608200315
309 2.18931099832
310 1.95549833721
311 1.94221451337
312 1.5738880246
313 1.587796539
314 1.78218406746
315 1.7427834128
316 1.72215927372
317 1.66039590281
318 1.74738977825
319 1.78458816343
320 1.86096202961
321 1.53919738922
322 1.72520832269
323 1.58156349414
324 1.71562110904
325 2.02731947157
326 1.92408111536
327 2.17514517416
328 2.27596525063
329 2.31479854777
330 2.08421098768
331 2.47116382662
332 2.43309084416
333 2.1690585745
334 2.03792368473
335 2.1636476198
336 2.13202305333
337 2.45940256456
338 2.4275529532
339 2.40537082539
340 2.17646683923
341 2.06614527847
342 2.17682451593
343 2.27441220348
344 2.23263976567
345 2.27312491789
346 1.68418763027
347 1.94718021299
348 2.07361714543
349 2.31736733952
350 1.91324942815
351 2.0549454081
352 2.08801468596
353 1.98667529365
354 2.08031624541
355 2.18179344548
356 2.02639499948
357 2.01550216606
358 1.79786829805
359 2.07141179613
360 2.55894955104
361 1.8859304203
362 2.26894101852
363 1.95637809085
364 2.16955617438
365 2.21722339376
366 2.38223803524
367 2.15824916758
368 2.07593732083
369 2.44650770999
370 2.13097110779
371 2.34418930154
372 2.07152377687
373 2.8286331157
374 2.56359414775
375 2.22494073999
376 2.53670939971
377 2.48053766315
378 2.09479880095
379 2.0611642567
380 2.2642862483
381 2.28242711075
382 2.11082279048
383 2.60293075957
384 2.72874388748
385 2.5054292103
386 2.63537920293
387 2.90508064825
388 2.94703884616
389 2.87212919852
390 2.97982867571
391 3.05934979288
392 2.76538150826
393 2.78627009433
394 3.07121762679
395 2.87930145703
396 2.42532216735
397 2.9286217595
398 2.77939518424
399 2.86581148408
400 3.2560260985
401 2.92134272955
402 2.8237354156
403 2.7831312417
404 3.097355209
405 2.75748736813
406 2.53758262397
407 2.99968493148
408 2.88825465869
409 2.89574502611
410 2.77152982771
411 2.98706744327
412 2.88921638473
413 2.99496477018
414 3.15353995341
415 3.1989107656
416 3.2181358637
417 3.14465331101
418 3.44999310555
419 2.99191055007
420 2.75901239166
421 2.50893390574
422 3.37429700261
423 3.05462056657
424 2.76333905371
425 3.24274189477
426 3.80936046199
427 3.92493847781
428 4.40329614151
429 4.24940579464
430 4.33910343547
431 4.5852966176
432 4.35430526529
433 4.31247140763
434 4.02585058403
435 4.03010705283
436 3.74565026445
437 3.89182636999
438 3.84686711259
439 4.05380911933
440 3.79704885543
441 3.69662614824
442 3.56043874131
443 4.0099119188
444 4.12347653779
445 3.81996371252
446 3.8462475551
447 3.84874548564
448 4.05827221134
449 4.13662302162
450 4.25589148091
451 3.82821724339
452 4.19940695331
453 4.0776072393
454 4.00894160226
455 4.10600555362
456 3.81112649819
457 3.62034195425
458 3.75156714558
459 4.17019959465
460 4.05728655641
461 3.84272935267
462 4.30492853183
463 4.24358232431
464 3.98991586474
465 3.34549652129
466 3.66551804807
467 3.604087297
468 3.60255864229
469 4.15881603392
470 4.2230183681
471 4.69830130176
472 4.4705010639
473 4.53747009255
474 4.02124675039
475 4.43333706107
476 4.4087724309
477 4.59578223496
478 5.17014760333
479 5.0697587559
480 5.0648246659
481 5.57347132689
482 5.24307460689
483 5.23978650892
484 5.52776407943
485 5.40261387815
486 5.89422606014
487 6.07888466251
488 5.53128495899
489 5.45668927902
490 5.35766950205
491 5.19696663332
492 5.50221811687
493 5.17594708611
494 4.86581164231
495 5.41991944218
496 4.95050083966
497 5.07214447446
498 5.13576480138
499 5.66958199476
500 5.68322823064
501 5.5067357555
502 6.25628091457
503 6.30304360276
504 6.18316085813
505 5.77569494749
506 5.93117031197
507 6.10288454996
508 5.69123745782
509 5.96512930336
510 6.267050536
511 6.14006107899
512 6.03244678442
513 5.72922374626
514 5.73403443738
515 5.70758051387
516 5.5836757885
517 5.6105843393
518 5.52219989726
519 5.62374990731
520 5.27858037037
521 5.40196741082
522 5.62185385957
523 5.61491996112
524 5.58374167952
525 5.46732440584
526 5.63615333715
527 5.00981813342
528 5.29532389527
529 5.61603595507
530 5.38622727831
531 5.56450819221
532 5.23186737406
533 5.69947236802
534 5.61149029231
535 5.78638294782
536 5.70642593503
537 5.67221695719
538 5.61499283621
539 5.61713411349
540 6.26313305689
541 6.00810908769
542 6.20877779266
543 5.9725540466
544 6.19743284741
545 6.02295968773
546 6.07977069724
547 6.31524303848
548 6.24835641642
549 6.73143357144
550 6.39175079093
551 6.22147373141
552 5.68539257259
553 5.84816082236
554 5.90258159536
555 5.53830562785
556 5.56037404083
557 5.37148293145
558 5.89007281696
559 5.49150683743
560 5.12579563341
561 5.50161111954
562 5.28480073654
563 5.44479868292
564 5.3608162653
565 5.45072074833
566 5.33181734817
567 5.59473013962
568 5.80424970831
569 5.78454602831
570 5.56555722004
571 5.55423049064
572 5.5498198989
573 5.675194667
574 5.3967281169
575 5.82171633752
576 5.52666133791
577 5.04114622049
578 4.93469943904
579 4.86050646868
580 4.64685579153
581 4.62702039443
582 4.47887555464
583 4.34115490917
584 4.70008046137
585 5.08799520004
586 4.7217068565
587 4.60882290921
588 4.40022130924
589 4.36068307524
590 4.4845324669
591 4.33138143842
592 4.82297310552
593 4.38484492878
594 4.64935918935
595 4.71145276272
596 4.95672823144
597 5.13802890592
598 5.54645276431
599 5.34270515117
600 6.05788070138
601 5.77660656055
602 5.66712294007
603 5.55716122059
604 5.58705475341
605 5.25145735745
606 5.1405631177
607 5.30016049407
608 5.44628579923
609 5.18342804766
610 5.22834567072
611 4.82523084803
612 4.78388956996
613 4.62967465301
614 4.35562284975
615 4.40410368619
616 4.42318798473
617 4.33512389282
618 4.40832461797
619 4.60984437296
620 4.36911428477
621 4.26161801439
622 4.23736855431
623 4.30675113327
624 4.55790217147
625 4.53810501766
626 4.25320199284
627 4.2667186529
628 4.53415963351
629 4.33611546475
630 4.64297609956
631 4.50521304246
632 3.99550301324
633 4.1377852147
634 4.26953005283
635 4.25404052684
636 4.05448235962
637 4.5128394244
638 4.48803060936
639 4.48909397429
640 4.25098972221
641 4.53785538503
642 4.67475720489
643 4.26733131752
644 4.32265076681
645 4.1667386158
646 4.27123256628
647 4.68387048208
648 4.61094842235
649 5.07393172144
650 5.04720058436
651 5.07590669108
652 4.99306951326
653 5.06651844195
654 5.12746600442
655 5.37890555412
656 5.26880057899
657 5.28223424246
658 4.98087186273
659 5.00497038789
660 4.76350569728
661 5.06401150618
662 4.84846566665
663 4.90922952884
664 5.27381614294
665 5.51231376372
666 5.24987146054
667 5.13531837185
668 4.91547902076
669 4.75533855257
670 4.52522087701
671 4.86569353312
672 4.61188429652
673 4.55830674182
674 4.63058777394
675 4.69230364337
676 4.89342562467
677 4.55445541702
678 4.8532868694
679 4.97145527244
680 5.13173327688
681 5.07788676503
682 5.3996645051
683 5.14745531898
684 4.87695134008
685 4.89591564605
686 4.87577327857
687 4.5318846709
688 4.95861761264
689 4.98160347937
690 4.92625630481
691 4.82252296691
692 5.21621204258
693 4.81818160884
694 4.60390184659
695 4.79816547218
696 4.91145225293
697 5.13119624365
698 4.71642087442
699 4.47703173245
700 4.6614396662
701 4.94366926586
702 5.45097555265
703 5.15646624971
704 5.15856819653
705 5.52507330476
706 5.53722953331
707 5.78892631676
708 5.41822730593
709 5.04576862479
710 5.31698715903
711 5.6633071111
712 5.97494918384
713 5.21796181149
714 5.61631958286
715 5.77687819463
716 5.59341889969
717 5.66188063694
718 5.65445874066
719 5.4145462149
720 5.59262770053
721 5.6048264082
722 5.31056179603
723 5.72224843019
724 6.10958372787
725 6.00930361614
726 5.84462457665
727 6.01727767066
728 5.64267528878
729 5.65978247108
730 5.771286692
731 6.26485689469
732 6.15476733243
733 6.25111565794
734 6.49929253798
735 6.02133740651
736 6.17408648741
737 6.5031886597
738 6.2655251613
739 5.92735009002
740 6.00829985496
741 5.73586561526
742 5.80121907781
743 6.12464997898
744 5.65717582499
745 5.68336847904
746 6.02365005646
747 5.10635575239
748 5.33009542857
749 5.09538803942
750 4.66779071431
751 5.18661541716
752 5.41569651856
753 5.05510867683
754 4.97644707632
755 5.5915341026
756 5.22660307302
757 4.91626375794
758 5.58510042831
759 6.15629472123
760 6.13781959993
761 6.4182720209
762 6.30953939319
763 6.13270332526
764 6.38933650193
765 6.33362374469
766 6.20413224054
767 6.21017008556
768 6.61817687885
769 6.692412244
770 6.41440975754
771 6.66417669283
772 6.94582335061
773 6.40368603198
774 6.64151190832
775 6.55835669073
776 6.24341479621
777 5.52035044712
778 5.97353383583
779 5.94976975348
780 5.85951108524
781 6.0876437252
782 6.49457801716
783 6.77700813012
784 6.87316347002
785 6.6477382972
786 6.55976379811
787 6.78176867417
788 6.36997310565
789 6.59540140359
790 6.9950471266
791 6.73411787381
792 7.02358908509
793 7.28685766221
794 7.58335684106
795 7.27121427278
796 6.83754075528
797 6.77647152292
798 6.80551773578
799 6.83039863433
800 7.24957660007
801 7.17763145217
802 7.69047076168
803 8.33231850416
804 7.54770380721
805 7.77510122103
806 7.84959651941
807 7.86264291956
808 7.54268127445
809 7.68387254313
810 7.6374477979
811 7.72501298762
812 7.73752799596
813 8.02626418643
814 8.32714175778
815 8.61282592588
816 8.43156586162
817 8.33659333543
818 9.02434224587
819 8.81089708055
820 9.09040747249
821 9.19027380052
822 9.14104814239
823 9.05815861218
824 9.30207276804
825 9.79805440725
826 9.76498888004
827 9.31594110503
828 9.21967674748
829 9.44346412904
830 9.6492041599
831 9.87656239263
832 9.90862424285
833 10.2996171304
834 10.3410664023
835 10.4876550542
836 10.8066975303
837 10.7391849736
838 10.4967142736
839 10.6812645376
840 10.4389649186
841 10.7467592137
842 10.7682035221
843 10.3752716209
844 10.3427807944
845 10.1880616386
846 10.7455703773
847 10.7799231963
848 10.4663792582
849 10.7440856016
850 10.5106226565
851 10.4150495375
852 9.87253557477
853 10.0034669275
854 9.84440066811
855 9.53631079483
856 9.60831190203
857 9.95799427478
858 9.87747488933
859 10.2967243316
860 9.84920418683
861 9.92079580757
862 10.2219430734
863 10.7395976984
864 10.7632390268
865 10.357309108
866 10.2949250739
867 10.6828040912
868 10.3487286526
869 10.2302816936
870 10.2676082019
871 10.5513010308
872 10.4871340256
873 10.6630687626
874 10.9288333785
875 10.5852365448
876 10.8632752167
877 10.8215087121
878 10.5655307819
879 10.9532011193
880 11.3722583593
881 11.4597454252
882 10.773176673
883 10.6752462362
884 11.0305612424
885 11.4003947421
886 11.367515456
887 11.559379214
888 11.466895197
889 11.5465393266
890 11.2209171092
891 11.541217376
892 11.6156916826
893 11.2656312005
894 11.3626356753
895 11.2627751866
896 11.6385636531
897 11.7302626569
898 11.5159471405
899 11.5435023681
900 11.7062942589
901 11.8402610991
902 11.8994140123
903 11.7983586167
904 11.7762339203
905 12.0338643362
906 11.9701770658
907 11.5842323468
908 11.7417336627
909 11.7475328634
910 11.8659039018
911 12.3775045394
912 12.230148032
913 12.3710774717
914 12.0335326841
915 11.9207116464
916 11.5874647223
917 12.0297247191
918 12.080966586
919 12.0665587313
920 12.0705181267
921 11.9598284177
922 12.2297540404
923 11.7401540714
924 11.6963633256
925 11.8504469001
926 11.6534909809
927 11.4653267174
928 11.4168291635
929 11.8033291314
930 11.6776716645
931 11.7831743388
932 11.4745430676
933 11.6940229314
934 11.5762836641
935 11.0894283514
936 11.4558352917
937 11.2845315628
938 11.5826147329
939 11.7369910139
940 11.453500415
941 11.4337777909
942 11.5443479222
943 11.3662010122
944 11.5358527082
945 11.296242183
946 12.266800945
947 12.3886990844
948 12.623541389
949 12.3548805017
950 12.614596097
951 12.2173550328
952 12.4053569107
953 12.7186602821
954 12.962273012
955 13.0353930482
956 13.211164996
957 12.8802400844
958 13.1839364025
959 12.9736646704
960 12.8776876404
961 13.109990185
962 12.7623486678
963 12.8054462395
964 12.9154678525
965 13.3381719695
966 13.5322242521
967 13.2294947128
968 12.4483511577
969 12.5706524053
970 12.9433290401
971 12.6576017184
972 12.6125263071
973 12.2569107604
974 12.3054009971
975 12.5354117672
976 12.5216773808
977 12.2230696276
978 11.9494343554
979 12.3517324064
980 12.8112695034
981 12.4925481219
982 12.9963306633
983 12.7461026562
984 12.8966707668
985 12.5942355116
986 12.5376822801
987 12.7385302121
988 12.5247541326
989 12.6529243232
990 12.6636813294
991 13.1346632895
992 12.8185584871
993 12.2786857324
994 12.7412029009
995 12.7154005952
996 12.4078587159
997 12.3813096724
998 12.4799145903
999 13.1377653518
