0 0.0
1 -0.0163942748294
2 -0.0352143148385
3 -0.0207624361786
4 -0.110571649407
5 0.010659106248
6 0.0873930220348
7 0.202838744565
8 0.0480597860748
9 0.171061596623
10 0.254004515124
11 0.131359656736
12 0.481365906013
13 0.237311629249
14 0.229520864378
15 0.428333409827
16 0.220132205745
17 -0.00739806538593
18 0.239666483518
19 0.191578056317
20 0.245115588338
21 0.186021768233
22 0.378574477824
23 0.202856332008
24 0.290999309876
25 0.086631678968
26 0.234035622658
27 -0.111576309307
28 -0.091152027248
29 0.138357556336
30 0.276359491008
31 0.0587868863866
32 -0.0309112139507
33 0.046288829954
34 0.247520333396
35 -0.0560995132133
36 -0.0748317339821
37 -0.0202021332306
38 0.0607798077069
39 0.139845087596
40 0.00106133632593
41 0.0681064738713
42 0.222705978009
43 0.113214061233
44 0.178404311441
45 0.2289817974
46 0.268187435948
47 0.164508505876
48 0.148704069572
49 0.0661973885547
50 -0.124134161393
51 0.241923449332
52 0.119049456289
53 0.0173173883608
54 -0.04765304186
55 -0.0830029393107
56 0.0983459511807
57 -0.0735115180363
58 -0.072865955287
59 -0.059252419954
60 0.00835554148351
61 -0.243635034195
62 -0.116136509275
63 -0.0279351446796
64 -0.0736025247407
65 0.0160424024461
66 0.133410015047
67 -0.0209186380341
68 0.0890431090285
69 0.27819250869
70 0.13138709369
71 -0.00725769310209
72 -0.215028682759
73 -0.0877525281478
74 -0.216430290484
75 0.191863828915
76 0.0754517464554
77 -0.185528085904
78 0.0603618762599
79 -0.0770929603425
80 -0.108579065905
81 0.141018412343
82 0.00457112477056
83 0.0222011680006
84 0.133283285248
85 0.233608268321
86 0.0940510138775
87 0.29010135477
88 0.359078848879
89 0.147523251011
90 -0.101528214011
91 0.195744684225
92 0.110365190085
93 0.181949570978
94 0.294764471693
95 0.207183318779
96 0.604998186385
97 0.130448959843
98 0.465341733913
99 0.270484712612
100 0.194668657731
101 0.539973781535
102 0.263927855732
103 0.273679245639
104 0.528796798917
105 0.492754850096
106 0.38589789219
107 0.296665269524
108 0.289434966997
109 0.317837785196
110 0.491989453831
111 0.451236424332
112 0.618683615156
113 0.269744353913
114 0.367868252567
115 0.422647935012
116 0.552536320793
117 0.292148226633
118 0.66720187469
119 0.460553335547
120 0.430196841657
121 0.551386486681
122 0.747480247522
123 0.741671812853
124 0.72186789889
125 0.972267699764
126 0.689880869072
127 0.678329903123
128 0.642644566059
129 0.761526019435
130 0.616941062222
131 0.737534552577
132 0.658862745463
133 0.665116691917
134 0.652354783933
135 0.78611485961
136 0.621602756086
137 0.745857883935
138 0.687645740153
139 0.600107759175
140 0.783519389179
141 0.678042910131
142 0.640505768373
143 0.501121982016
144 0.520989302543
145 0.352497886477
146 0.305199040921
147 0.568384031207
148 0.394177339609
149 0.465396096814
150 0.738782323042
151 0.495326553931
152 0.399625715357
153 0.525807361497
154 0.761775447182
155 0.74846139591
156 0.347287165921
157 0.314875778692
158 0.561064385591
159 0.881462757384
160 0.412595109117
161 0.926454477026
162 0.693214795989
163 0.70054220251
164 0.645574330364
165 0.294968118865
166 0.337102093861
167 0.235535629159
168 0.491649853624
169 0.747812905749
170 0.684158836697
171 0.516316847615
172 0.523918139162
173 0.653758784919
174 0.701813522812
175 0.875291484556
176 0.896342984905
177 0.866387899606
178 0.783118214535
179 0.797619503632
180 0.87863178665
181 0.829721730101
182 0.896631694265
183 0.746000734074
184 0.584715654954
185 0.645732806079
186 0.38204431407
187 0.823222486605
188 0.577640767492
189 0.577061284244
190 0.586065326845
191 0.758767666122
192 0.715860375256
193 0.982149270531
194 0.968904040163
195 0.6891611607
196 0.930945050785
197 0.932480456674
198 1.04344187171
199 0.817085892062
200 0.81842383924
201 0.973106225162
202 0.827357328265
203 0.864416882804
204 0.830201525516
205 0.804131475913
206 0.816633182682
207 0.845954490398
208 0.686510586892
209 0.91481708404
210 0.760700965718
211 0.967260827871
212 0.551529180199
213 0.738084573943
214 0.717895725839
215 0.608605898182
216 0.585099761469
217 0.63292109888
218 0.606851828616
219 0.572683266464
220 0.608968458174
221 0.629575017964
222 0.517448788793
223 0.912231710871
224 0.7305472217
225 0.623576919241
226 0.590808253979
227 0.344486728014
228 0.483363900605
229 0.400825177692
230 0.524246897481
231 0.32075454677
232 0.190255509458
233 0.321165888256
234 -0.0144348668948
235 0.0154029561828
236 -0.106003604977
237 0.204238671864
238 0.0533575744367
239 0.0623768954213
240 0.0204754113932
241 0.13565541781
242 -0.0715773103668
243 -0.127672631806
244 0.143927357633
245 0.218913390089
246 0.0455605987352
247 0.351033293893
248 0.641793636428
249 0.581981661695
250 0.663770564225
251 0.613390605382
252 0.548206430243
253 0.941476555692
254 0.330282410838
255 0.407425639439
256 0.593745891848
257 0.345499177671
258 0.479905172652
259 0.444574233978
260 0.54810413273
261 0.313214326423
262 0.20539074005
263 0.221963380236
264 0.536527006291
265 0.570673390062
266 0.73712285458
267 0.708850608332
268 0.665972377338
269 0.495509772348
270 0.614436757495
271 0.256105377452
272 0.475179436112
273 0.312540036553
274 0.206465109121
275 0.437691218685
276 0.387416667001
277 0.53309533413
278 0.437278584435
279 0.441791294109
280 0.311677104082
281 0.349449145247
282 0.599769519073
283 0.750172057481
284 0.502781460264
285 0.296247345544
286 0.531403329674
287 0.241556186194
288 0.582640946577
289 0.659555434271
290 0.592134048759
291 0.497596041142
292 0.788804529982
293 0.590406686457
294 0.808639300641
295 0.718592149838
296 0.957784545127
297 0.820599655867
298 0.734155771945
299 0.594801851218
300 0.574700798959
301 0.40729954955
302 0.52161201288
303 0.364997094723
304 0.591373033935
305 0.441430639187
306 0.461763557796
307 0.280732893422
308 0.49704059498
309 0.43698639646
310 0.516213003483
311 0.471174884439
312 0.599246149544
313 0.64485287547
314 0.39274396825
315 0.425048290549
316 0.26795649747
317 0.341828390058
318 0.689728217196
319 0.336663816547
320 0.575508565721
321 0.213776096607
322 0.404180555153
323 0.296625831656
324 0.475762204884
325 0.453363525059
326 0.243173576432
327 0.636120045413
328 0.328584587619
329 0.62145180237
330 0.54112347336
331 0.347361270115
332 0.414769366385
333 0.614161519092
334 0.66769057294
335 0.812896995997
336 0.686728271817
337 0.419910564007
338 0.572242207375
339 0.345386752875
340 0.597870116864
341 0.379721419667
342 0.613589646641
343 0.30544448703
344 0.37150154339
345 0.443811324554
346 0.505354169595
347 0.666136727117
348 0.585213385377
349 0.422739877265
350 0.431467106102
351 0.531968378667
352 0.558800995945
353 0.69493958168
354 0.609989305225
355 0.169808079801
356 0.503778711152
357 0.698462370507
358 0.686828578881
359 0.779362092214
360 0.545058242872
361 0.627035123757
362 0.737445208024
363 0.860650750678
364 0.45469312276
365 0.759540757335
366 0.73616095571
367 0.803384190903
368 0.537305460814
369 0.781959357006
370 0.655846793859
371 0.636684694926
372 0.622931316111
373 0.648392358342
374 0.645873738139
375 0.980946258751
376 1.0824763052
377 1.06706806216
378 1.04013355104
379 0.962663849487
380 0.962325611143
381 0.898745410313
382 0.958960374796
383 0.799149458455
384 0.867888044637
385 0.898240502654
386 0.70169908331
387 0.713900967608
388 0.860990783533
389 0.739199831895
390 1.19144619115
391 1.30074643803
392 0.962426313456
393 0.923723765243
394 1.03492227932
395 0.788138272362
396 0.886006598236
397 0.810395364194
398 0.637755155447
399 1.02932400118
400 1.06871758544
401 0.791795355463
402 0.569184600891
403 0.938259953257
404 0.779101085068
405 0.829156249843
406 1.03813112344
407 0.985572617517
408 0.734059578676
409 0.974113645159
410 0.788364489842
411 1.03493121077
412 0.809619262186
413 1.09959565169
414 1.23608807984
415 1.0616990238
416 0.851682247884
417 1.03751989547
418 1.2924378033
419 1.02690175347
420 1.20898846623
421 0.979465953934
422 1.35169116239
423 0.992263407229
424 0.911132750997
425 0.670482629263
426 0.712895041689
427 0.536185251578
428 1.10520853983
429 0.730981087985
430 0.798621340499
431 0.73046655172
432 0.764240502902
433 0.679071123729
434 0.689759889288
435 0.532439517319
436 0.528483498959
437 0.713748289514
438 1.05089980786
439 0.940417785825
440 0.986376992435
441 1.03930715808
442 1.26547893731
443 1.41515113712
444 1.05229081757
445 1.07406443054
446 1.2506998786
447 1.15496535464
448 1.06300390571
449 0.932777889796
450 0.788771200477
451 0.856594501935
452 0.879663835672
453 1.27278302961
454 0.927754766716
455 0.965402731034
456 0.849605402389
457 1.03210167015
458 1.31636076447
459 0.883265304037
460 0.882532424488
461 0.770902070604
462 0.966277191169
463 1.37489570923
464 1.20647320116
465 1.42286773184
466 1.39587595824
467 1.26343085934
468 1.52646325976
469 1.40222275938
470 1.94803453342
471 1.81613730126
472 1.92172149754
473 1.78727783426
474 1.70326365513
475 1.71094566076
476 1.52942275582
477 1.84721669163
478 1.52111561857
479 1.39114535027
480 1.31782123826
481 1.75233729664
482 1.41960192164
483 1.58433299937
484 1.76649578478
485 2.06784496025
486 2.66702053741
487 2.32652020753
488 2.2547046188
489 2.18299474382
490 2.12746743902
491 2.32920629123
492 2.98081374582
493 2.57549871465
494 2.51513515035
495 2.90448252349
496 2.83425990242
497 3.15185619547
498 3.38353883146
499 3.36462774076
500 2.68058565121
501 3.04524477466
502 3.38063919991
503 3.39218073205
504 3.63233168268
505 3.51766166985
506 3.36412968441
507 3.27334130419
508 3.74854608909
509 3.40350734054
510 3.69015047318
511 3.38071719348
512 4.15555360508
513 4.51124816198
514 4.08017995351
515 3.64238101624
516 3.78690824517
517 3.88410344271
518 3.21798313559
519 3.34465113789
520 3.83824598289
521 3.43816876992
522 3.67569809265
523 3.37953817584
524 3.2702754727
525 3.08786880428
526 3.4416282829
527 3.19315834916
528 3.28233088951
529 3.0233985075
530 3.23000427109
531 3.33916551542
532 2.87666169345
533 2.84035853531
534 3.23399200868
535 3.10825851302
536 2.60025097712
537 2.66839859704
538 2.78207355682
539 2.67619463048
540 2.93082377457
541 3.18041566647
542 2.84604891747
543 2.93852695022
544 2.80372674137
545 2.88070768915
546 3.12425852661
547 2.95219462085
548 3.14585760087
549 2.58299556345
550 2.86031339719
551 2.91993154339
552 3.29331822377
553 2.81568838545
554 3.11853153062
555 2.99163140273
556 2.84930021694
557 3.16565165725
558 3.35126106368
559 3.41896662686
560 3.62774652819
561 3.40225150628
562 3.7483001626
563 3.8772633304
564 3.59429269692
565 3.34492928988
566 3.41840134957
567 3.65431415022
568 3.37547691065
569 3.2321625513
570 3.31081036777
571 3.34145164945
572 3.54835339932
573 3.47124019426
574 3.14746388004
575 3.13430998004
576 3.05350421379
577 3.28176080989
578 3.4436295857
579 3.4785271188
580 2.92537772827
581 3.24036545793
582 2.85821172504
583 3.28717381269
584 3.37209839978
585 2.9449056336
586 3.25938627535
587 3.2199582955
588 3.15129398445
589 3.31109019696
590 3.07989653584
591 3.23741234639
592 2.96488802817
593 3.19631451597
594 2.95843705005
595 3.18016970927
596 2.74409305058
597 2.76313790253
598 3.41777797897
599 3.35928907703
600 3.16439675892
601 3.26798694798
602 3.56365389345
603 3.27621104155
604 3.31767517022
605 3.21675002006
606 3.10620788003
607 3.18453768933
608 3.33276968407
609 2.84874411119
610 3.16449886152
611 2.89248993826
612 3.1773636042
613 3.47027099328
614 3.2603751374
615 3.39262874004
616 3.30820940092
617 3.62692264973
618 3.89828381868
619 3.2632382029
620 3.64311840103
621 3.51601365349
622 3.89755800904
623 3.57133027495
624 3.40758176702
625 3.48893713792
626 3.73402517069
627 3.47858510852
628 3.55233255651
629 3.38036277048
630 3.10164853573
631 3.47592878218
632 2.78520470787
633 3.03273464611
634 3.47460139587
635 3.56186383366
636 3.59142101148
637 3.47452195975
638 3.47107400371
639 2.93955083723
640 3.62741614391
641 3.44236735299
642 3.58419087864
643 3.47193225493
644 3.53517149014
645 3.68017291412
646 3.56358226855
647 3.71427217772
648 3.89178634133
649 4.18411248474
650 4.00936589878
651 3.61123021604
652 3.84533120609
653 3.71897775009
654 3.85157015414
655 3.5823180994
656 3.72821487884
657 3.75201819953
658 3.90762172475
659 3.79688611382
660 3.73782783084
661 3.19855411211
662 3.22292859079
663 3.70327114635
664 3.48773066704
665 3.5191096016
666 3.29833825841
667 3.3925298601
668 3.78049590502
669 4.09048314364
670 3.9105635288
671 3.93196674079
672 3.26230369481
673 3.72466796394
674 4.09551941645
675 4.05442669833
676 3.80270263254
677 4.28303211874
678 4.32700676363
679 4.52887674021
680 4.54720989814
681 4.3449152113
682 3.94346614187
683 4.04367898069
684 4.18416187143
685 3.92450923792
686 3.5227655844
687 3.92602752678
688 3.70952150595
689 3.77881730909
690 4.21475278132
691 4.01002582034
692 4.02723909252
693 4.0903396897
694 3.94021830707
695 3.69572983016
696 3.83042971174
697 3.40939140066
698 3.76130747156
699 3.88440615372
700 3.86504040743
701 3.95089103951
702 4.4000700455
703 4.55830781758
704 4.579711256
705 4.96259824693
706 4.42318681835
707 4.80395044998
708 4.641286694
709 4.02387634726
710 4.10436806707
711 4.24719492926
712 4.31585378087
713 4.69660247946
714 5.00544124847
715 5.1301410056
716 5.53884238615
717 5.79003561879
718 5.08611618172
719 5.65376526316
720 6.03218378357
721 5.85889620554
722 5.85454610816
723 5.48215663695
724 5.19483335509
725 5.41761556044
726 4.99085313701
727 5.54776832557
728 5.56306538383
729 5.50693507783
730 5.76120723314
731 5.45575276662
732 5.51212280067
733 5.4603894252
734 5.80394032387
735 5.53633435889
736 5.46824317748
737 5.26074633574
738 5.60412402074
739 5.62134609852
740 5.40386709896
741 5.43728795885
742 5.24697262044
743 4.94581962731
744 4.77186552903
745 4.79992525954
746 5.54845898204
747 5.52402747336
748 5.32101275141
749 5.21521523345
750 5.61080003253
751 5.51816839472
752 5.27538541949
753 5.41484629041
754 5.06045573801
755 4.9396858484
756 5.42661209563
757 5.52371738682
758 5.68560731989
759 5.66959649991
760 5.45815556648
761 5.57681904581
762 5.66874682998
763 5.69580189899
764 5.87713265278
765 6.52703775807
766 6.18627097308
767 6.23091562973
768 5.90449420359
769 6.57054567606
770 6.53993843618
771 6.37373785512
772 6.52315892746
773 6.41006052429
774 6.29997243881
775 6.86761111196
776 6.90495766403
777 6.75010001463
778 6.90587925415
779 6.59125434668
780 6.55883441635
781 6.12725365419
782 5.99182117736
783 5.85372414755
784 5.91723733575
785 5.6452761688
786 5.82146278179
787 6.00733162397
788 6.1022594934
789 6.0436782294
790 5.68738112725
791 5.32188856506
792 6.04720172222
793 6.21345982266
794 6.2389121684
795 6.58843863965
796 6.33040806691
797 6.34833293681
798 6.32547290661
799 6.47094393824
800 6.15052267082
801 6.27531567804
802 6.5561861133
803 5.87853726981
804 5.89814501792
805 6.01645630256
806 6.10920994919
807 6.71582785577
808 7.24336095251
809 6.51186789744
810 6.86734471404
811 6.72873249051
812 6.89452069031
813 6.67073036151
814 6.76027797503
815 6.50063721669
816 6.38294085104
817 6.78718571694
818 6.86321476933
819 6.40613506865
820 6.35796950837
821 6.15871668624
822 6.6043523765
823 6.28652401496
824 6.25888636507
825 6.67128919659
826 6.72115133776
827 6.70026344806
828 6.87246507162
829 7.00076902623
830 7.41407211278
831 7.33247884471
832 8.18930502549
833 7.6738877981
834 7.64821360399
835 8.03957329472
836 7.94542375891
837 7.49024268277
838 7.68849335547
839 7.42026791864
840 7.78149150142
841 7.74828094751
842 7.36333926153
843 7.49824495602
844 7.63757177594
845 7.94670092887
846 7.93498636178
847 7.90963603352
848 7.80918910734
849 7.31874302314
850 8.16088649484
851 7.94596594952
852 7.62115054535
853 7.86759883707
854 7.76023767108
855 8.09699271839
856 7.40673161758
857 7.5227371088
858 7.30283661771
859 7.47517337862
860 7.3378573737
861 7.61600347974
862 7.24312874736
863 6.97579906992
864 7.33406815665
865 7.40474380123
866 7.45618467358
867 7.73798873954
868 7.76558827274
869 7.81466745374
870 8.08804299187
871 7.91067963365
872 8.06911702403
873 7.58923011243
874 7.85998211269
875 7.70749871038
876 8.31168463605
877 8.50326948725
878 8.58793537868
879 8.612127665
880 8.22757954414
881 8.41375814379
882 8.98578979968
883 9.29991571685
884 10.0136986326
885 10.003774792
886 9.67675516803
887 9.52245652164
888 9.81554443781
889 9.82477878519
890 10.4854467879
891 10.4079090251
892 10.2792565585
893 10.2890567614
894 10.1551101658
895 10.0638465272
896 10.1198293118
897 9.84151202439
898 9.99280616916
899 10.0982973543
900 9.94477252268
901 9.94536990159
902 10.5858608685
903 11.0117525085
904 11.0589195389
905 10.9736005352
906 11.3665159561
907 11.7084815179
908 11.7723926035
909 12.0634146189
910 11.8860547005
911 11.8653285774
912 12.2420983617
913 12.5371298998
914 12.7538808822
915 12.7417115848
916 12.6729060622
917 12.1290657127
918 12.2824912782
919 12.2195197915
920 11.905809527
921 12.4630890756
922 12.8301418842
923 12.4345906175
924 12.7475897425
925 13.0817338889
926 12.817853294
927 12.8949647752
928 13.104610127
929 12.9915063026
930 13.0650808367
931 13.1009583241
932 12.8307340858
933 12.6168911733
934 12.6383826912
935 12.4975913992
936 12.4883078512
937 12.7467907993
938 12.7302966017
939 12.1106606551
940 12.5835012489
941 12.6339929175
942 11.8357702675
943 12.0524413588
944 11.6698680288
945 12.2344109598
946 11.4758061321
947 11.1016710146
948 10.8435266842
949 11.0310324512
950 10.6060137304
951 10.756182026
952 11.712526517
953 12.0255981118
954 12.0816335686
955 12.8497467967
956 12.9382036741
957 12.6037718094
958 12.337222978
959 11.7841402548
960 11.6810204924
961 11.5569399802
962 11.7417341447
963 11.7030842081
964 12.5404511489
965 12.4126560384
966 12.3234589416
967 13.0569752232
968 12.0812305219
969 12.4104792728
970 12.2091556214
971 12.8593952712
972 12.5627958138
973 11.361902787
974 10.7734767776
975 10.2985727168
976 9.56925275201
977 10.3083376308
978 9.56177377185
979 9.16231907986
980 9.27388301375
981 9.28743058777
982 9.30396971385
983 9.66794458135
984 9.31481190113
985 9.6254135625
986 9.89475280465
987 9.37984520916
988 9.74182155115
989 9.97746493868
990 9.58171474225
991 10.0898324293
992 9.87385790786
993 10.0224296252
994 9.6702738607
995 9.19763117925
996 9.13669001448
997 9.26916704062
998 9.34980415413
999 10.2392299955
