0 0.0
1 0.0204254434491
2 0.360528201992
3 -0.0720798738233
4 0.0650176738523
5 -0.0235351159862
6 0.199113154062
7 0.292948477735
8 0.407745108984
9 0.636605893593
10 0.277980425112
11 0.363597113133
12 0.216483922906
13 0.0167970698744
14 0.175275499913
15 0.0623709760674
16 0.150546413866
17 0.246821904768
18 0.196183148141
19 -0.104165919585
20 0.211753622095
21 0.0193490589865
22 0.427542178511
23 0.238686685424
24 0.149195340429
25 0.103596875223
26 0.149708049802
27 0.0156969517404
28 0.272849376338
29 0.408663991791
30 0.195524517296
31 0.459872208905
32 0.390980710366
33 0.237492152272
34 0.352072871887
35 0.448591425535
36 0.29045243597
37 0.152993544242
38 0.142303809619
39 -0.0345624064233
40 0.154143962539
41 0.201032026339
42 0.0869874997984
43 0.0769938567092
44 0.185641363819
45 0.210223034647
46 0.337898622362
47 0.13533976809
48 0.239921390415
49 0.159975426541
50 0.0181787807236
51 0.059908848748
52 0.315992491293
53 0.0123630233187
54 0.227937482455
55 0.0918567556362
56 0.12117911035
57 0.312233579716
58 0.147200447236
59 -0.147165859244
60 -0.111769942683
61 0.338557774832
62 0.29539630136
63 0.450023625766
64 0.125007863145
65 0.164869904923
66 0.264495128524
67 0.20707355502
68 -0.100552090387
69 0.0348719921452
70 0.208326806188
71 0.292966445407
72 0.388644684236
73 0.174791839238
74 0.0804066312158
75 0.0779578839366
76 0.127027826687
77 0.358136343816
78 -0.0348170854339
79 0.224137278778
80 0.188500799836
81 0.210562496171
82 0.362625300489
83 0.545769205563
84 0.373882881346
85 0.501801865757
86 0.559224178668
87 0.41929780868
88 0.340426466203
89 0.396347053617
90 0.309529008443
91 0.158371773751
92 -0.023593957547
93 0.446551335009
94 0.192249411686
95 0.286556935644
96 0.621636605371
97 0.353607975888
98 0.324494632317
99 0.43701104344
100 0.324027257091
101 0.50345371334
102 0.241654300995
103 0.456468786296
104 0.486044618532
105 0.211942060543
106 0.397829779515
107 0.409744783039
108 0.364361456894
109 0.349192237627
110 0.294841808978
111 0.290927731288
112 0.402613158537
113 0.288095137925
114 0.173545689034
115 0.23657082302
116 0.274782628655
117 0.161195787763
118 0.174071672086
119 0.153816583661
120 0.171851701956
121 0.650186743311
122 0.632238321373
123 0.170845475359
124 0.464452105131
125 0.316777497845
126 0.280400120144
127 0.109327488095
128 0.00224905161683
129 0.0219861939328
130 -0.140331771756
131 0.237783636708
132 0.156224834413
133 0.254820680848
134 0.04597706783
135 0.196649856176
136 0.281613089945
137 0.402726243157
138 0.265319660309
139 0.1134094986
140 0.274495819748
141 0.467291358988
142 0.46740530965
143 0.0947017865685
144 0.323608765665
145 0.27255989814
146 0.596064064533
147 0.47371436264
148 0.425431818628
149 0.386231232814
150 0.501783563981
151 0.503329693943
152 0.377734201079
153 0.651369928541
154 0.512062905786
155 0.447958987591
156 0.394725830967
157 0.599973491764
158 0.576966160403
159 0.612948252344
160 0.479094975822
161 0.309165528213
162 0.258754394221
163 0.344335326381
164 0.013965314842
165 0.0487187723298
166 0.18958673407
167 0.20032934429
168 0.32657880944
169 0.331439650503
170 0.158362348648
171 0.326187255917
172 0.392912858694
173 0.191548988802
174 0.23202107929
175 0.534508968387
176 0.210667323863
177 0.249823466614
178 -0.0676960660787
179 0.138048367564
180 0.00755079812497
181 -0.0178818619474
182 0.0865059088312
183 0.0695316829607
184 0.203845964325
185 0.247020397872
186 -0.0045580645262
187 0.341427282374
188 0.139838503593
189 0.368661894289
190 0.52627916512
191 0.527640680908
192 0.356811299448
193 0.563768909095
194 0.478254438346
195 0.0253009986922
196 0.279760826986
197 0.237241737713
198 0.539417991011
199 0.30565579173
200 0.421551677543
201 0.344262411595
202 0.496670763237
203 0.36748475621
204 0.162325768288
205 0.445697038519
206 0.375240058836
207 0.147201274016
208 0.38724991879
209 0.134446393385
210 0.160089091223
211 0.515078066429
212 0.434862009789
213 0.534801484989
214 0.570373961032
215 0.442638990338
216 0.505004813851
217 0.543435150715
218 0.682515825433
219 0.695675531265
220 0.569313853903
221 0.759910863121
222 0.667604348825
223 0.706597107847
224 1.17958929481
225 1.13459260419
226 1.08428347539
227 0.996974022682
228 0.912235938842
229 0.979003729167
230 0.974957222436
231 1.07297297464
232 0.969707600952
233 0.94281080822
234 0.900497941659
235 1.11390144376
236 1.02560008716
237 1.02122694231
238 1.06445530872
239 1.08532766665
240 1.36903587817
241 1.25565994685
242 1.35784853794
243 1.43983395598
244 1.51104268209
245 1.52971247133
246 1.75080518462
247 2.29363839946
248 2.14654764116
249 2.26795692929
250 2.29725523807
251 2.19215049943
252 2.79430406212
253 2.84356499499
254 2.38160157807
255 2.43573410933
256 2.41112056127
257 2.44118897011
258 2.54118320778
259 2.45547657256
260 2.42428012397
261 2.61610739812
262 2.20857683206
263 2.41314137496
264 2.38551866932
265 2.51418422848
266 2.56974235737
267 2.54313972666
268 2.59726184452
269 2.64790949634
270 2.8840627812
271 2.42917286703
272 2.62227333546
273 2.37643045562
274 2.60585646428
275 2.29272978508
276 1.98776845995
277 2.16362808131
278 1.86587439297
279 1.8407322093
280 1.85019952953
281 1.77283365412
282 2.08776407107
283 2.4959902204
284 2.30533887086
285 2.0117605192
286 2.23578994552
287 2.26170964375
288 2.47342689727
289 2.66884390586
290 2.2377548882
291 2.58562583882
292 2.64301654889
293 2.44478852679
294 2.50913159231
295 2.02652910591
296 2.107792089
297 2.37228337493
298 2.22850927871
299 2.26235501696
300 2.55085149649
301 2.56097007217
302 2.46594188974
303 2.45817851517
304 2.12589859587
305 2.32330912142
306 2.19790134782
307 2.52893686066
308 2.48875635568
309 2.51393865941
310 2.69580611526
311 2.79533651539
312 3.1471264461
313 2.9397867063
314 3.09344865005
315 3.00770446583
316 3.48545173219
317 3.00861196976
318 2.86646141653
319 2.84951664174
320 2.92569662488
321 2.52592669278
322 2.76860101722
323 2.8564834736
324 2.46657521286
325 2.83263759354
326 2.43585445487
327 2.01337097984
328 2.4424254637
329 2.54997265206
330 2.39448386628
331 2.16882355209
332 2.67602825484
333 2.51547255846
334 2.66718318393
335 2.12623537502
336 2.00260183284
337 2.32468156208
338 2.69788727531
339 2.3305063218
340 2.73126094307
341 2.64889127106
342 2.07624041158
343 2.48455078163
344 2.6130337662
345 2.42912379717
346 2.43476908021
347 2.40630967612
348 2.38377853292
349 2.65962488416
350 2.37458212524
351 2.73328089962
352 2.94761454658
353 2.51252195506
354 2.67710828609
355 2.40123443996
356 2.43758114878
357 2.79203815866
358 3.49437272181
359 3.77132864651
360 3.39975562037
361 3.30304492458
362 3.05732071758
363 3.15375529006
364 2.97397159364
365 3.01710615825
366 2.72759313172
367 2.62165592004
368 2.51996933838
369 2.46176361486
370 2.71892391506
371 2.66944619871
372 3.27698059669
373 3.28890329672
374 3.31384213745
375 3.04671845108
376 2.6251838524
377 2.73678186759
378 2.50683963609
379 2.80325885554
380 3.53940615675
381 2.93004606004
382 3.23648528874
383 3.61338850383
384 3.18286792078
385 2.80443539188
386 2.79095039545
387 3.28494175238
388 2.91933914799
389 2.96501124044
390 3.51467314261
391 3.33248970936
392 3.48546828892
393 3.22332757201
394 3.58051843917
395 3.22693030932
396 3.07817149177
397 3.25226463679
398 3.15459987394
399 3.22563432296
400 3.1567230603
401 2.72260232418
402 2.83947242101
403 3.18313969504
404 3.13653965964
405 3.17971831278
406 3.24270679065
407 3.5392631075
408 3.00482726801
409 3.06227118741
410 3.23326814525
411 2.84319061714
412 3.45240939623
413 3.25258884519
414 3.1413401062
415 3.31355343389
416 3.29782552667
417 3.18471311505
418 3.10850286256
419 3.16334322114
420 3.03833386424
421 3.72218724163
422 3.41038291274
423 3.95104920274
424 3.45997852873
425 3.17043372834
426 3.66464667544
427 3.96775121744
428 4.24901193336
429 4.0084036978
430 3.36388600314
431 3.70620414174
432 3.61351108635
433 3.55437098109
434 3.19067103761
435 3.61986045041
436 4.02919445402
437 3.73687550493
438 4.03323264184
439 3.91927505071
440 3.574903316
441 4.29868185006
442 3.84174900227
443 3.39551129391
444 3.72059906467
445 3.50299403933
446 3.43942938699
447 3.63066820786
448 3.84383337057
449 3.70856063109
450 4.06770041847
451 3.43478014193
452 3.45664874288
453 3.9504828768
454 3.74839669615
455 3.65692082968
456 3.69486503285
457 3.89186065348
458 4.22292459762
459 4.2513827511
460 3.98805797665
461 4.16511629054
462 3.79080361341
463 3.44826872232
464 3.57259933806
465 3.5299359414
466 3.51777776317
467 3.47763323661
468 3.15831515986
469 3.49457428432
470 3.15605887597
471 3.18976467461
472 2.84584935446
473 3.17596012907
474 3.26875619242
475 3.44580934094
476 3.72825809968
477 3.1072987507
478 3.93581675391
479 4.23516123744
480 3.93992633931
481 4.3932894268
482 4.3068363962
483 3.99238883975
484 4.19029528954
485 4.45546483744
486 3.99350032504
487 3.43214177866
488 3.61121877561
489 3.79348628291
490 3.52352110392
491 3.6457014976
492 3.84419849476
493 4.09146660459
494 3.71294089311
495 3.48982457963
496 3.32986420345
497 3.46091975778
498 3.13064517392
499 2.7979510713
500 3.06365102657
501 3.0594877606
502 3.50821548179
503 3.25487781752
504 3.86119504381
505 4.14141912381
506 4.3592744405
507 4.59431438258
508 4.39938743037
509 4.21319452548
510 4.35843051091
511 3.97439626226
512 3.73342227871
513 4.0505649076
514 4.19672109947
515 4.46222735306
516 4.56952016091
517 4.50662416585
518 4.52171417308
519 4.56583494659
520 4.16332824609
521 4.03050154283
522 4.41173649155
523 4.76753332937
524 4.72241760332
525 4.40782574243
526 5.06893667524
527 5.29916823292
528 5.71302548951
529 5.32337102699
530 4.98932567572
531 5.27161604289
532 5.17090272035
533 5.06044390886
534 4.74571259235
535 4.60390564339
536 4.68295383119
537 5.0251618795
538 4.6478802211
539 4.45209787525
540 4.14815497893
541 4.33499402593
542 4.75158272068
543 4.80412138563
544 4.52034311205
545 4.45922929289
546 4.91516269145
547 4.56666593656
548 4.96649230134
549 5.41357546138
550 5.46949344617
551 5.33078832959
552 4.9586187489
553 4.75945055459
554 4.35309457718
555 4.69765083452
556 4.65693520156
557 4.85137453236
558 5.29762163815
559 5.42471042029
560 4.64715485299
561 4.64281911081
562 5.04294083887
563 5.29577508129
564 5.09068592359
565 5.28443000905
566 5.67948759434
567 5.47971768555
568 5.55987016572
569 5.34830559842
570 5.17886524116
571 5.29269191056
572 5.54665304137
573 5.48947289502
574 5.5017857473
575 5.43672283245
576 5.68370172199
577 6.01567715269
578 5.49595081007
579 5.06892788526
580 4.9786009343
581 4.95520410148
582 5.20743616965
583 5.44638496382
584 5.00813912998
585 5.25069386712
586 5.02430639148
587 5.09067358324
588 5.31390019192
589 5.19287147001
590 5.12250770255
591 5.5429378405
592 5.63305037658
593 5.47566669534
594 5.87589760353
595 5.46620407174
596 5.13716790929
597 5.1173175445
598 5.48815192094
599 5.3795052367
600 5.26732048551
601 5.26093411536
602 5.13439517193
603 4.89232623396
604 4.61680958401
605 4.77206613957
606 4.84889780396
607 4.49388022812
608 4.61990766356
609 4.43469700044
610 4.49833363412
611 4.74657695988
612 4.82246946357
613 4.5983669098
614 4.10529823883
615 4.58978226629
616 4.65034993955
617 4.16527302705
618 4.84123970942
619 4.79166999667
620 4.89495106438
621 4.58748230705
622 4.68569294208
623 4.80305735517
624 5.58041790197
625 4.93358877421
626 5.23047290419
627 4.91851978654
628 4.84638789541
629 5.31048543831
630 5.29802746386
631 5.14901765229
632 4.82325390917
633 4.799476185
634 4.45552131001
635 4.76285998223
636 5.40706333552
637 5.31417578163
638 5.61349426529
639 6.466735868
640 5.65472440415
641 5.90870927427
642 6.37192934343
643 6.57346282611
644 7.06186937701
645 6.74471930008
646 7.09306963339
647 7.54304807602
648 6.90271805911
649 6.21856822875
650 6.55609911262
651 6.77980925102
652 6.5510606585
653 6.61808475823
654 6.47207746121
655 5.81577882919
656 6.0746701178
657 6.29072732457
658 6.17838700856
659 5.83502495146
660 5.73678665873
661 5.68303511293
662 5.86815208257
663 6.2356418149
664 5.83854889968
665 5.42208409949
666 5.18930197419
667 5.64779113263
668 5.11986333262
669 5.43797888379
670 5.26033418416
671 4.98765703965
672 4.82345047441
673 5.15346079516
674 4.76077185467
675 4.86122407881
676 4.76908320557
677 4.67477196153
678 4.64030685711
679 4.55418753858
680 4.64846188486
681 4.67759312001
682 4.7364655965
683 4.80883388692
684 4.45457779342
685 5.05514962132
686 4.82797432384
687 4.97942075176
688 5.24136340333
689 4.92423775693
690 5.08416950941
691 5.09829183652
692 4.76896971032
693 5.15813479407
694 4.70906986823
695 5.29393630701
696 4.87920189747
697 4.88317096171
698 4.47711559536
699 4.89786458542
700 4.88457533802
701 4.6195603083
702 4.43550835505
703 4.35645686906
704 4.26329209509
705 4.60140108437
706 4.41071114615
707 4.64166287574
708 4.77987666612
709 5.07026718304
710 4.92388940476
711 5.00120368696
712 5.03348153474
713 4.26467835463
714 5.02132145497
715 4.88700439246
716 4.97393450582
717 5.02979607679
718 4.89965376459
719 5.15909488381
720 5.14676894928
721 5.6594305735
722 5.62797063227
723 6.16225486587
724 5.25275577246
725 5.12868194288
726 4.91481983604
727 5.20564815028
728 4.68917640438
729 4.1986680848
730 4.24546471034
731 4.35356536732
732 4.19243291598
733 4.49234318626
734 4.23679895903
735 4.41706742001
736 4.39827159651
737 4.24333283804
738 4.59886538565
739 4.95836213965
740 4.86879365572
741 4.75818112054
742 4.60537836573
743 4.16028694074
744 4.60198007288
745 5.18463236446
746 5.40058140761
747 5.30133094441
748 5.05322224121
749 5.10571629622
750 4.8396089208
751 4.35130120374
752 4.62640832087
753 4.62744168001
754 4.72805276515
755 4.39897935926
756 4.41201591418
757 4.72785395257
758 5.58204790964
759 4.54686788489
760 5.29886597958
761 4.52136884704
762 4.2721168672
763 4.40801941126
764 4.4309607038
765 4.38486343427
766 3.83239950337
767 4.12264517537
768 4.4143640326
769 4.17908235014
770 4.30337524378
771 4.03087187828
772 3.93126265005
773 3.59914716341
774 3.59121434789
775 3.81766408745
776 3.6679835842
777 3.5994075145
778 4.16814085593
779 3.83156562096
780 3.95338266437
781 3.4508428032
782 3.46715309742
783 3.19913664242
784 3.02327125159
785 2.73014750865
786 2.91876900822
787 3.08008529659
788 3.02123419229
789 2.89546656581
790 3.77399724417
791 3.37958414453
792 3.67613263106
793 3.49181642678
794 4.14846363977
795 4.22836238315
796 3.52482469699
797 3.650210937
798 3.30138232893
799 3.56841917558
800 4.09353836983
801 4.21556784574
802 3.66467233501
803 4.39711198438
804 4.15574400621
805 4.33036564666
806 4.6658185356
807 4.45131202387
808 4.41116410968
809 4.40457319391
810 4.28851218769
811 3.77781733068
812 4.0584076531
813 4.36760708783
814 4.38488389009
815 4.4540100641
816 4.08065439547
817 3.48917672573
818 3.80006156164
819 4.41601831653
820 4.41508274119
821 5.09553752003
822 4.54382644203
823 5.01745339887
824 4.52311066337
825 4.41649531925
826 4.75538261522
827 4.49671614135
828 4.87248535108
829 5.1875971377
830 5.28776564569
831 5.38677400951
832 5.47251971804
833 5.4391971066
834 5.18469767218
835 4.97132694781
836 5.20054495251
837 5.50694904004
838 5.4599375956
839 5.72438894656
840 5.7794858981
841 5.5281812799
842 5.50984426814
843 5.25204392957
844 5.89314737766
845 5.50572545503
846 5.05737964833
847 5.64178997474
848 6.3749375838
849 6.28838935743
850 6.46959949688
851 6.60233912857
852 6.99643118945
853 6.89751661372
854 7.15440202476
855 7.23429506211
856 6.41927514869
857 6.98126793852
858 7.15647260055
859 6.99592345645
860 6.78829493076
861 6.55955782614
862 6.85160440918
863 6.38499995655
864 6.53228883935
865 6.56493488157
866 7.10105030892
867 7.15987461953
868 6.92955583126
869 7.27381878271
870 7.72444133051
871 7.38730750833
872 7.47043361769
873 6.79808753586
874 6.60226267145
875 6.64799324737
876 7.26405956238
877 6.97920810866
878 7.47676058706
879 7.60438245374
880 6.8307207306
881 6.84787460657
882 6.19024478905
883 7.0812328724
884 7.59887537395
885 7.56664550217
886 7.5162974638
887 8.15736188518
888 8.35626603467
889 7.63985938008
890 7.37254413112
891 7.12152607156
892 7.51267893664
893 7.19760278737
894 7.06186370453
895 7.13500502262
896 6.78770529232
897 6.83959935625
898 6.55733440507
899 6.52567790208
900 6.70510736297
901 6.42527214661
902 6.33791118101
903 6.07473839114
904 5.37156501403
905 5.20520010522
906 5.10245619165
907 5.3733406116
908 5.04950776928
909 4.95363101648
910 4.1392141047
911 4.48500613126
912 4.49483740972
913 4.04889540622
914 5.07539209021
915 5.39759547313
916 5.85407927401
917 5.60426377112
918 4.68971490955
919 4.99266875512
920 5.13854393822
921 4.8105077208
922 5.32596903766
923 5.34694372651
924 5.13306284959
925 4.69195908342
926 4.688581187
927 4.36790699876
928 4.45813733215
929 4.81245030839
930 4.67519338042
931 4.87829089645
932 5.37989439298
933 6.124243955
934 5.83675380836
935 5.91703001614
936 6.44802609974
937 6.08959036148
938 6.30134794251
939 6.30483787581
940 6.37432756743
941 5.96986245573
942 6.33246302925
943 6.34699655052
944 5.97642421525
945 5.64066723314
946 5.94962123711
947 6.34650550311
948 6.69542419721
949 6.96826622032
950 6.80766653633
951 6.77871752864
952 6.2208272932
953 6.60106161986
954 6.13780401173
955 6.18885132466
956 6.64938547393
957 6.79122989584
958 6.84247044838
959 6.44546391561
960 6.46499726867
961 6.62423034412
962 6.80003672758
963 7.05945124964
964 6.97732550591
965 6.74705122807
966 6.55364358959
967 6.13613132152
968 6.46976948043
969 6.15936000695
970 6.39503222701
971 6.96584788322
972 6.92186923191
973 6.73531674427
974 6.85253149527
975 6.45162840624
976 5.88658078497
977 6.15842205354
978 6.38891421848
979 6.59217564913
980 6.14165509175
981 5.85558487529
982 5.85133845357
983 6.37730556194
984 6.07722365876
985 5.99714655343
986 5.8315074028
987 6.71123280688
988 6.39658741722
989 6.20176103136
990 6.79282228709
991 6.66214261286
992 6.07026787306
993 5.45833245966
994 5.69339197415
995 5.96166895708
996 5.78770033395
997 5.94602609455
998 6.32311715737
999 6.27985795532
