0 0.0
1 0.00341170289276
2 0.292247080823
3 0.0364106547231
4 0.0033791569279
5 0.0711443319508
6 0.123388884201
7 -0.0938399674019
8 -0.0518480369448
9 0.0487857390132
10 0.108962906286
11 -0.165433861904
12 0.119409808688
13 -0.0963748789058
14 -0.0735141125478
15 0.123994688104
16 -0.00440535551058
17 -0.249005539206
18 -0.0904749360076
19 -0.247615603886
20 -0.0778982004065
21 0.0150058030877
22 -0.141817252338
23 -0.124420966843
24 -0.113938231157
25 -0.257552773341
26 0.179105713479
27 0.0429101537333
28 -0.0902171693165
29 0.102108388957
30 0.0261957422692
31 0.153849651703
32 -0.117161683806
33 -0.135982067538
34 0.144382551047
35 0.143830308767
36 -0.0438358910098
37 0.302078912914
38 0.193633350817
39 0.235333312927
40 0.166537468501
41 0.0015081033861
42 0.49583470144
43 0.474249217084
44 0.241921499826
45 0.0224666394834
46 0.2093213116
47 0.2601207734
48 0.252086274401
49 0.243696817515
50 0.50035274318
51 0.502224103246
52 0.572385308192
53 0.437221921282
54 0.106403516377
55 0.404700093228
56 0.266460785995
57 0.387988185268
58 0.31153261467
59 0.263231441647
60 0.198824516901
61 0.0815553564801
62 0.201306863595
63 0.341598005103
64 0.401582918918
65 0.168462485548
66 0.426369193105
67 0.462595701302
68 0.332219016966
69 0.289779719242
70 0.0601466180229
71 0.168092673239
72 0.00397502153956
73 0.281533771876
74 0.167526802993
75 0.0461028880907
76 0.108263787713
77 0.306039495401
78 0.136074017044
79 0.134973529918
80 0.609098011829
81 0.36697625714
82 0.00228921977217
83 0.424571530586
84 0.225577944805
85 0.0108368033361
86 0.308444874734
87 0.0821289370839
88 0.187672183739
89 0.480295066179
90 0.600748491476
91 0.435589248505
92 0.599271046482
93 0.511422091631
94 0.318554835299
95 0.115048509317
96 -0.0206655274963
97 0.189908694485
98 0.101662202471
99 0.0820873480905
100 0.013917345776
101 0.19473954408
102 0.245255374076
103 0.224855552432
104 0.23297624238
105 -0.0588896957455
106 0.16075261877
107 0.0629564282022
108 -0.0210939032231
109 0.066018710504
110 0.224739846336
111 0.241861385297
112 0.294320883594
113 0.258009662027
114 0.237713303676
115 0.0667458971608
116 0.302194977426
117 0.204733809849
118 -0.0245260631284
119 0.305896221512
120 0.313847644824
121 0.236494043961
122 0.455852483876
123 0.395063986639
124 0.411275472952
125 0.662436808194
126 0.641060693277
127 0.440212487661
128 0.0265644322754
129 0.32759095954
130 0.202188323273
131 0.340566247808
132 0.343396826217
133 0.208717845286
134 0.25388272709
135 0.412600335727
136 0.317251856871
137 0.314304649593
138 0.167941571817
139 0.37099516941
140 0.335230102695
141 0.472045900665
142 0.297712671628
143 0.397295673341
144 0.269528985663
145 0.375754901461
146 0.388774569308
147 0.161913866567
148 0.309274235772
149 0.266604593832
150 0.557263204703
151 0.286202614487
152 0.641955517502
153 0.41741022759
154 0.34365061965
155 0.532460978877
156 0.300138425506
157 0.480781330025
158 0.494735523936
159 0.270931882169
160 0.450107673541
161 0.237842079878
162 0.739561947373
163 0.291486273196
164 0.540523540812
165 0.537139402193
166 0.394692986451
167 0.417339660265
168 0.435271793705
169 0.453046051656
170 0.382962071163
171 0.476184457164
172 0.231964590357
173 0.613380948145
174 0.397825826055
175 0.475194304134
176 0.645081993613
177 0.293268098619
178 0.586371240052
179 0.449453947364
180 0.636455601622
181 0.72945800244
182 0.61950637907
183 0.431316560753
184 0.426221622879
185 0.401061871629
186 0.401127333673
187 0.157276074858
188 0.37944701383
189 0.543165922965
190 0.553164510232
191 0.598113550359
192 0.476547512947
193 0.501251527933
194 0.444315387741
195 0.736942267959
196 0.67507427681
197 0.564261539553
198 0.652960487657
199 0.534459937293
200 0.77582502742
201 0.68290530644
202 0.998552313161
203 0.618747481808
204 0.932085426734
205 0.538564958969
206 0.538525516526
207 0.66940518186
208 0.685019178473
209 0.676738790425
210 0.767223314753
211 0.600163821976
212 0.76513943158
213 0.716308711514
214 0.381148120287
215 0.798098756045
216 0.668603343753
217 0.553661614806
218 0.561034489692
219 0.697296223166
220 0.553929209347
221 0.570570745366
222 0.625289082877
223 0.793252911894
224 0.631921600367
225 0.400470166214
226 0.531431575717
227 0.521485616884
228 0.723707819518
229 0.583036447417
230 0.528849597778
231 0.582226941394
232 0.629766494008
233 0.442641084639
234 0.446035652426
235 0.437962598366
236 0.542144309891
237 0.642484559961
238 0.575084771215
239 0.866691431583
240 0.508343592695
241 0.59095367703
242 0.674828998681
243 0.314048425972
244 0.434723699373
245 0.435233435749
246 0.579835645205
247 0.750785432365
248 0.527398253151
249 0.364157711472
250 0.648378212921
251 0.925689479577
252 0.763650009497
253 0.923395503073
254 0.890714391114
255 0.553282499664
256 1.08069271864
257 0.985807401369
258 0.74698897929
259 0.669089511464
260 0.803577833574
261 0.866779966358
262 1.00356003353
263 1.0877071327
264 0.926236277363
265 1.02978907082
266 1.09294528193
267 0.933746375703
268 1.18581199107
269 0.893410762935
270 1.12895655312
271 1.10150287729
272 1.0976527876
273 1.23159548491
274 1.12930081548
275 0.906583618555
276 1.12683932877
277 1.36288906083
278 1.53996372937
279 1.12542687114
280 1.23660583727
281 0.921302272854
282 0.946222485012
283 0.816224601297
284 1.14631027456
285 1.13702437364
286 1.43978950738
287 1.38083557707
288 1.28147859543
289 1.26444858233
290 1.03597466519
291 1.11434885841
292 1.00129057682
293 1.11688096047
294 1.31710738878
295 1.57581821858
296 1.57471099295
297 1.57408052523
298 1.5730054627
299 1.91827199199
300 2.0079141189
301 2.18178039179
302 2.40636975645
303 2.27138260115
304 2.59965665552
305 2.83420429592
306 2.61400262806
307 2.55315668597
308 2.54087955771
309 2.41304433108
310 2.93200745232
311 2.65994045216
312 2.26929824536
313 2.11248077691
314 2.17481119789
315 2.45648265344
316 1.89071278927
317 2.45579716616
318 2.09206233478
319 2.51710385157
320 2.80249780091
321 3.13716098185
322 2.97421781241
323 2.83597090729
324 2.95444693746
325 3.22711580857
326 3.40447981036
327 3.54307890961
328 3.99902037682
329 3.830440801
330 4.07524336011
331 3.92526500349
332 4.50627244826
333 4.25067457954
334 4.10287154657
335 4.15711374533
336 4.41742091782
337 4.91509565261
338 4.9924851234
339 4.65802471634
340 4.36477911107
341 4.63978979561
342 4.96876835725
343 4.52909046606
344 4.61309626141
345 4.94607760527
346 4.57657508994
347 4.26439251912
348 4.45625830831
349 3.87506277105
350 4.20765046866
351 4.58369284559
352 4.26263355615
353 4.1869648112
354 4.59290335875
355 5.30539213426
356 5.18757974431
357 4.91777073668
358 4.3201009613
359 4.45502249446
360 4.61033128683
361 4.53145761067
362 4.86377444492
363 5.21862382334
364 5.17215895131
365 5.0423858472
366 5.0605158958
367 5.04108842379
368 4.60505877077
369 4.11444273967
370 4.5335606505
371 4.30322802652
372 4.71448564938
373 4.57049753213
374 4.02739435493
375 3.6574175856
376 3.91417243146
377 3.61957490988
378 3.9151825534
379 3.601259029
380 4.02172160986
381 3.95122269563
382 4.25125242332
383 4.2276476267
384 4.50523102591
385 4.58622345163
386 4.94842812493
387 4.7114949645
388 4.62961467766
389 4.56380969009
390 4.73987194708
391 4.77044864026
392 5.27578962964
393 4.82865298615
394 5.19178864047
395 5.06362398603
396 4.58994813578
397 4.77151864478
398 4.72746119968
399 4.82132729073
400 4.54305863617
401 4.32289447867
402 4.27182871389
403 4.38656327265
404 4.69260546379
405 4.5524927364
406 4.34083279559
407 4.54592407042
408 4.37007286158
409 4.35527135693
410 4.60344537563
411 4.79199020115
412 4.57418221966
413 4.73021590146
414 4.58193768748
415 4.80008588955
416 4.83443251066
417 4.72511469897
418 4.85299776901
419 5.02018510796
420 5.01367807055
421 5.30605317773
422 5.57727582569
423 4.97986588473
424 5.25072812035
425 5.36875928315
426 5.73690320601
427 5.80157818935
428 5.69502384532
429 5.27126402198
430 5.16382904674
431 5.32440858595
432 5.0249542119
433 5.16156990797
434 5.86118009615
435 5.8936330455
436 5.35079816716
437 5.26857213145
438 5.30477747074
439 5.13483972862
440 5.18398764765
441 5.15790005671
442 5.00226891917
443 5.08102878596
444 5.00952370634
445 5.10524809779
446 4.76763782355
447 4.32946169999
448 4.33550977541
449 4.24612435552
450 4.63996263267
451 5.05182818826
452 4.65368611685
453 4.73185222755
454 4.98398879002
455 4.80146970355
456 4.5349778655
457 4.50044281579
458 4.29670546149
459 4.40126089272
460 4.31684793128
461 4.57511190105
462 4.30339939236
463 4.11573388357
464 4.07241729176
465 4.40628264823
466 3.92188437955
467 3.73940282196
468 4.24244911919
469 4.24763125819
470 4.26898038319
471 4.07750519747
472 4.13735256395
473 4.12677686773
474 4.36681236717
475 3.79811646092
476 4.09660608093
477 3.92796032357
478 4.07065756183
479 3.77164036665
480 3.92357891271
481 3.77095792271
482 3.63162591672
483 3.4588801216
484 4.03640848777
485 4.17843073557
486 4.45012162861
487 3.99407245942
488 4.0677629136
489 4.69514037234
490 4.29756377981
491 4.20422283646
492 4.02218059664
493 4.26775131047
494 4.41790881406
495 4.40398322121
496 4.64176452196
497 4.19747830275
498 4.32328046452
499 4.17101289169
500 4.04801062293
501 4.4785947763
502 4.17490994591
503 4.00189262656
504 4.23685163181
505 4.04951681925
506 4.0171680329
507 4.1759202804
508 4.4846242633
509 4.68174945137
510 4.87566934814
511 4.50418458911
512 5.2038281349
513 4.6924763327
514 4.68286715913
515 4.94538603036
516 4.53901656038
517 4.71207135999
518 4.75615887923
519 4.72757197191
520 4.93616331736
521 5.03546343631
522 4.91892392209
523 4.59034057433
524 5.05951102027
525 4.97444494836
526 4.78926851078
527 4.55278764789
528 4.64926463554
529 5.43877384869
530 5.84260330803
531 5.76424908371
532 5.77879094671
533 5.41206433343
534 5.63727825268
535 5.01916807364
536 5.60240284051
537 5.77722982615
538 5.34311322828
539 5.69140569649
540 6.0130786489
541 6.11459923484
542 5.92742572129
543 5.79952694976
544 5.72190854183
545 5.6748730662
546 5.42215914393
547 5.82356174266
548 5.90294886839
549 6.00137050342
550 5.92854238111
551 5.57416684025
552 5.45017976539
553 5.80629979504
554 5.40234421804
555 5.80453266223
556 5.75674741848
557 6.00735500019
558 6.01780781789
559 5.85348005997
560 6.02096750355
561 6.24453914044
562 6.31948327672
563 6.53956110813
564 6.81787183254
565 6.26897071313
566 6.18364987029
567 6.45336789848
568 6.1705696026
569 6.39110239612
570 6.35784600319
571 6.10502017942
572 6.34203476234
573 6.11880828122
574 5.78992975653
575 6.14980642679
576 6.38020313079
577 6.20315265176
578 6.09210400794
579 6.04794441043
580 6.26956638023
581 5.84456616787
582 5.86580832699
583 6.32312042835
584 6.13431525433
585 5.84732504699
586 6.16898867592
587 5.78585033876
588 5.95647579806
589 6.04079725109
590 5.51644168362
591 6.13357638203
592 5.85144434028
593 5.39665172486
594 5.47426410081
595 5.50321288398
596 5.65555906187
597 5.9957196727
598 6.19778918863
599 6.17754593543
600 6.34531791286
601 6.3694828402
602 6.86600667194
603 6.56234117739
604 6.80748732218
605 6.99830489491
606 6.71989493179
607 6.33042435737
608 6.79300659404
609 6.47454432449
610 6.13359186232
611 6.51689676016
612 6.00071484669
613 6.30188774471
614 6.68516065303
615 6.50947853143
616 6.79456872228
617 6.94590130312
618 6.68734480886
619 6.43113216452
620 6.00283317467
621 5.98353851659
622 6.59883098279
623 5.88404862463
624 5.84983419845
625 5.99778888816
626 6.08041584139
627 6.26058131803
628 6.44788344007
629 7.12675323919
630 6.98698054478
631 7.24909397024
632 6.59313528325
633 6.17386968288
634 6.52424676082
635 6.52866172353
636 6.23000924477
637 6.77676627661
638 6.64426863013
639 6.4520909696
640 6.59357664094
641 6.92302893823
642 7.16653713934
643 7.25385543939
644 7.07594792706
645 7.24179405681
646 7.57798738407
647 7.49932077761
648 7.48094368458
649 7.8890456032
650 7.79749117412
651 7.48056336345
652 7.27957879399
653 7.54957362669
654 6.87124387833
655 7.4000641719
656 7.14680571521
657 7.51333875159
658 7.7777835332
659 7.93604766218
660 7.61140894133
661 7.6585984996
662 7.90391753288
663 7.61700968261
664 8.2052826534
665 7.81384063006
666 8.43767673389
667 8.62008272899
668 8.31906850098
669 8.12171775864
670 8.15831445564
671 8.18070293338
672 8.02889447189
673 8.46441740047
674 8.10434235513
675 8.32985601318
676 7.87715092671
677 7.66865886651
678 7.78427725936
679 7.48519231766
680 7.06444923469
681 7.04913404162
682 7.02036616158
683 6.88910022396
684 6.58670883685
685 6.95566374546
686 6.80384935836
687 6.30824201673
688 6.5438021627
689 6.81792809309
690 7.06406893538
691 6.87203955273
692 6.90519977945
693 6.87308515036
694 6.56675481021
695 6.76571389708
696 6.99117380707
697 7.49571879886
698 7.23727585369
699 7.65303155272
700 7.53700822117
701 6.74406934579
702 7.05268040213
703 6.57706160601
704 6.64449438297
705 6.76928147835
706 7.05340110123
707 7.39032240689
708 7.5758154205
709 7.48069213912
710 6.84950778793
711 7.26201132134
712 7.87669858757
713 7.65482680564
714 7.56383712729
715 6.62834967076
716 6.92195318103
717 6.85250042151
718 7.14971223958
719 7.52756959373
720 7.15774674173
721 7.24375429852
722 7.05725289396
723 6.86956594661
724 6.66689667141
725 6.70315995276
726 6.44899114894
727 6.457952263
728 6.75773997771
729 6.93094797959
730 6.9512582251
731 6.89006852406
732 7.04718330633
733 7.07487303542
734 6.99707656997
735 6.58581543324
736 6.80820232931
737 6.79180059638
738 6.39336304279
739 6.80084224776
740 7.24335702616
741 6.99886117834
742 6.64407659875
743 7.00990233985
744 6.6770227324
745 6.48418455132
746 6.91842616579
747 7.05654190434
748 7.19178717426
749 7.10413708049
750 6.69306455823
751 6.85263800802
752 7.13720794269
753 7.18053209198
754 6.63443471643
755 7.13234749634
756 7.45964300723
757 7.22761221892
758 7.1235335715
759 6.99523189465
760 7.56135326332
761 7.09422284574
762 6.45021907449
763 6.9625139359
764 6.34262305749
765 6.89319912454
766 6.73243062897
767 7.2643180745
768 7.38660930661
769 7.35659408604
770 7.35808345372
771 7.11490967004
772 7.72394151658
773 7.97587391023
774 7.60362372777
775 7.840126165
776 7.57078128828
777 7.65182909117
778 7.35580109964
779 7.40116726494
780 7.07942384012
781 6.98790960303
782 7.15465590229
783 6.85577433672
784 7.11772575235
785 7.16852336238
786 7.40064782426
787 7.93075683778
788 7.89723326949
789 8.08635217331
790 8.2756521991
791 8.04038786617
792 7.85466299039
793 8.15007495347
794 7.76503343179
795 7.59912499731
796 7.50492036633
797 7.48512203743
798 7.5159124977
799 8.21910050697
800 8.11547916951
801 8.43891656095
802 8.45630485872
803 8.50512597711
804 8.33091631477
805 8.67367182652
806 8.44656566717
807 8.02223137757
808 8.00223403634
809 7.66025796102
810 8.5301848159
811 8.32149514835
812 8.83079641739
813 8.69234510806
814 8.1680558189
815 7.96374240213
816 7.88714656827
817 8.0030003958
818 7.64449321256
819 7.80687623047
820 7.74010627924
821 7.68460105171
822 7.63470756506
823 7.64235297696
824 7.0858205939
825 6.76113380141
826 6.72966001597
827 7.03478321377
828 7.28181050695
829 6.82945003027
830 7.09311751507
831 7.09225473412
832 6.79427327623
833 7.08910378177
834 6.7909639488
835 7.69503186696
836 7.19170254814
837 7.24178364513
838 7.5669986411
839 7.33410580781
840 7.72577774695
841 7.27738284804
842 7.13695996853
843 6.94256949303
844 6.68074426522
845 6.37124363491
846 6.32934661341
847 6.04514184232
848 5.98964438697
849 6.52012996621
850 6.17258884326
851 6.05282471599
852 6.37576983326
853 6.40397337087
854 7.10405056414
855 6.77169355375
856 7.17375018466
857 7.50677614684
858 7.64054450546
859 7.65276590857
860 7.75727787007
861 7.9270231315
862 8.89805770122
863 8.47623483313
864 9.06099970333
865 8.70085683974
866 8.89875146487
867 9.3016960457
868 9.10097790349
869 8.95357793898
870 8.97305132919
871 9.00118943142
872 8.62117827053
873 8.04086943244
874 8.48468010162
875 8.94185510355
876 8.97797359697
877 8.31593148711
878 8.66410602744
879 8.24477064349
880 8.53889159331
881 7.96912725691
882 7.93310386961
883 8.55123346385
884 8.52094658035
885 8.5207705188
886 8.38068146904
887 8.86617964348
888 8.60954196888
889 8.54841384498
890 8.36912025778
891 7.81360466458
892 7.73873341869
893 8.18951652147
894 8.24865112379
895 8.44224994333
896 8.34407005549
897 8.58999032289
898 8.24169170157
899 8.24835848596
900 8.08974585482
901 8.34962191362
902 8.09488884569
903 7.90123436757
904 8.39471079172
905 8.32322133574
906 8.34996446221
907 8.67587003878
908 8.33845277928
909 7.89186142488
910 7.49722809814
911 7.10931554027
912 7.31856553985
913 7.74390206528
914 7.54582911086
915 7.88252501226
916 8.0433308379
917 7.82718594315
918 7.64329968903
919 7.93252348872
920 8.07706620119
921 8.08706970339
922 7.81777064878
923 8.28598524934
924 8.26324318374
925 8.16673185685
926 7.9937349271
927 7.90110397971
928 8.55475737318
929 8.74919358868
930 8.38493652045
931 8.29070672725
932 8.10185403231
933 8.62051715219
934 8.16277907124
935 8.27599100189
936 8.47915653792
937 8.5056383175
938 8.39463927498
939 8.12795893442
940 8.61167840629
941 8.42503779396
942 8.55964775664
943 8.14534218944
944 8.40536116836
945 8.15479638908
946 8.46210816959
947 8.62993396186
948 8.25841603773
949 8.7820714398
950 8.85916224992
951 8.665185998
952 8.97269417332
953 8.95628427156
954 8.78957401498
955 9.21187712467
956 8.54700914659
957 8.97558549676
958 8.49050099413
959 8.43742601509
960 8.71623357001
961 8.88782947963
962 9.08936441111
963 9.07562267173
964 9.3228933046
965 9.45015679388
966 9.3142381496
967 8.69462221794
968 8.80766753783
969 7.9665787075
970 8.27658192329
971 8.4420952298
972 8.34138678547
973 8.5370169371
974 8.58395919945
975 8.59398269966
976 8.72652960054
977 8.68194741428
978 8.62486398229
979 8.50902658432
980 8.26081764589
981 8.6657583503
982 8.32970310628
983 8.06397007863
984 8.32919342622
985 8.60937283514
986 8.61170314627
987 8.00053764631
988 8.16666196919
989 8.37966196167
990 8.74557360969
991 9.13064324261
992 9.23374138965
993 8.27816900373
994 8.58285231289
995 8.87427657187
996 9.12579362088
997 9.27658138394
998 9.68287438435
999 9.78530633028
