0 0.0
1 -0.327401789543
2 -0.470258185248
3 -0.344170410647
4 -0.246458043529
5 -0.344009092067
6 -0.256453021169
7 -0.230168196582
8 -0.418600458217
9 0.0165954617347
10 -0.0360937864428
11 -0.139896366278
12 -0.337563536289
13 -0.411390076919
14 -0.299205222539
15 -0.305589511607
16 -0.171153940328
17 -0.32149969414
18 -0.0385214926315
19 -0.260802635292
20 -0.340923133899
21 -0.540115004032
22 -0.281018927404
23 -0.23574516848
24 -0.206627141855
25 -0.273113646628
26 0.0364967598012
27 0.0434733917663
28 0.106602794366
29 0.000510330932023
30 -0.101569845515
31 0.0502534506238
32 -0.440214288752
33 -0.274135372118
34 -0.0240486601737
35 -0.317261502589
36 -0.165600315497
37 -0.19277970459
38 -0.112951652726
39 -0.309444533609
40 -0.221160656316
41 -0.261497336955
42 -0.224567022809
43 -0.320589966383
44 -0.15003802381
45 -0.237001713595
46 -0.211715585576
47 -0.409423501165
48 -0.375923100065
49 -0.401625820543
50 -0.24485146393
51 -0.181594711388
52 -0.225937670178
53 -0.0633405000174
54 -0.327537518019
55 -0.0570806406914
56 -0.26218516906
57 -0.286395216906
58 -0.267572271536
59 -0.379466554309
60 -0.543001115604
61 -0.495252807736
62 -0.304429614286
63 -0.322773747923
64 -0.114846833265
65 -0.0659717410309
66 -0.269114815566
67 -0.293753890416
68 -0.240622575109
69 -0.112045405956
70 -0.200180922321
71 -0.140867887701
72 -0.334842244654
73 0.0799995519868
74 -0.493922921563
75 -0.281577505587
76 -0.254931030116
77 -0.0428246111625
78 0.0389696462578
79 0.0308897324042
80 -0.0762482690026
81 -0.133857134307
82 -0.0906104907781
83 -0.457552836144
84 -0.150833773723
85 -0.208552027256
86 0.0591435550279
87 -0.142086003248
88 -0.0971805341518
89 0.180279726902
90 -0.216298126045
91 -0.154476422855
92 -0.203163004599
93 -0.136074753055
94 0.281932081418
95 0.0384119278712
96 0.15806792692
97 -0.335169146163
98 -0.0585801092232
99 0.167962528308
100 -0.00400171509146
101 0.275841213452
102 0.250334765554
103 0.318690687331
104 0.0595298583514
105 0.157913663904
106 0.163148785699
107 0.145806210062
108 -0.0736498656588
109 0.100338696405
110 0.217654779506
111 0.202586847085
112 0.36395782468
113 0.296277464695
114 0.0373086170628
115 0.157981176828
116 0.201925868334
117 0.424296613517
118 0.140257159058
119 0.110937383629
120 0.140771676807
121 0.395047683366
122 0.378213114451
123 0.352254775371
124 0.209165892554
125 0.264133020044
126 0.319966884758
127 0.306069318788
128 0.489355542523
129 0.180850136215
130 0.109429764829
131 0.325885863185
132 0.0375565398267
133 0.152276268442
134 0.0470268793698
135 0.00324119379379
136 0.0903276584889
137 0.183020617451
138 0.103308835208
139 0.249918591507
140 0.278882643365
141 0.177727215333
142 0.44481422078
143 0.0709936134798
144 0.264119180282
145 0.334090158562
146 0.212144558792
147 0.1929487992
148 0.246875628199
149 0.178413647639
150 0.101829233787
151 0.279693570297
152 0.118814094447
153 -0.0773846584847
154 0.285352921308
155 0.0020613632732
156 0.0269505420222
157 0.276691259795
158 0.397757962795
159 0.0301164830737
160 0.111153728442
161 0.0652072437309
162 0.188068187587
163 -0.00589005479409
164 -0.010730835184
165 -0.205122036603
166 -0.0394533330424
167 0.210533159477
168 -0.123809036589
169 0.0222485401262
170 0.0593688985075
171 0.0490634689994
172 -0.00573835548666
173 0.0174907369349
174 -0.134867053135
175 0.134216041984
176 -0.0505884324116
177 -0.0398752893717
178 0.270765233623
179 -0.151623183776
180 -0.223924676743
181 -0.0619520686375
182 0.081296354182
183 0.0532293756858
184 0.188317546288
185 -0.02449094921
186 0.111458655859
187 0.0203555817772
188 0.30174643022
189 0.0920401940789
190 -0.0141149670739
191 0.175608191484
192 0.197568283744
193 0.110857906169
194 -0.0258501510099
195 0.0665783310869
196 -0.0616428932946
197 0.075848568105
198 0.0749844897846
199 0.258632782568
200 0.211365433151
201 0.0260926928719
202 0.0672089040217
203 -0.159362368698
204 -0.15130785674
205 -0.219857541586
206 -0.0726532400404
207 -0.00621421317079
208 0.0570974524842
209 -0.0480001953691
210 0.0918687576137
211 0.247875479712
212 0.103659617728
213 0.00816969090224
214 0.199871334653
215 0.11156727417
216 0.308228187362
217 0.0115470028831
218 -0.152489582119
219 -0.0526552561905
220 -0.0170680988524
221 -0.0898731926227
222 0.279554089986
223 -0.0762668417525
224 -0.246674786058
225 0.00924931215437
226 0.1127542843
227 0.215659049472
228 0.0994944721378
229 0.206402777096
230 0.0608109615063
231 0.136946805875
232 0.270823412321
233 0.0396362816323
234 0.0719190434089
235 -0.0990947688153
236 -0.0822213284476
237 -0.221931441211
238 -0.275609656104
239 -0.264059402359
240 -0.0415582789851
241 -0.365204439101
242 -0.242304431024
243 -0.235389718289
244 -0.148709663601
245 -0.212903816196
246 0.238972241689
247 0.0434171465931
248 0.195977357782
249 -0.0792045684119
250 -0.041095058624
251 -0.0629137507884
252 0.233210176258
253 0.166030361645
254 0.340660319896
255 -0.0282588566595
256 -0.0875726015422
257 -0.0305687200106
258 -0.192460701781
259 -0.228608401966
260 0.0900231989081
261 0.14674668777
262 -0.0729946961478
263 0.116953089593
264 0.0434847619067
265 -0.0331053599981
266 -0.332290964542
267 -0.0292455088607
268 -0.201837826995
269 -0.158633426048
270 -0.0486557074554
271 -0.129712911716
272 -0.17853349034
273 -0.0860363005481
274 -0.0429854890052
275 -0.191630943778
276 -0.033454695199
277 0.120894468898
278 0.198929518001
279 -0.00447470404765
280 -0.0165331876983
281 -0.0546143348223
282 0.188399502219
283 0.223217765894
284 0.254988519283
285 0.189241879263
286 -0.0348057978871
287 -0.153658282456
288 -0.0697537869239
289 -0.121998090106
290 -0.131353199889
291 -0.274890510232
292 -0.0524711002968
293 -0.014752073591
294 -0.2587270731
295 -0.286141075476
296 -0.134244879512
297 -0.247940053159
298 -0.0973262439308
299 -0.203972812856
300 0.0181176864224
301 -0.0367344095704
302 -0.0595262662006
303 -0.373584267285
304 -0.0938625809771
305 -0.0240471117055
306 -0.0406775061015
307 0.0580942072569
308 -0.117640978171
309 -0.117290664729
310 0.0528942029727
311 -0.215021100929
312 0.0122437001888
313 0.0365915116993
314 -0.349915972697
315 -0.155223707392
316 0.136336165111
317 0.332185763318
318 0.171500150764
319 0.432524151564
320 0.592443122632
321 0.574909910013
322 0.518397804918
323 0.403309213766
324 0.879181364229
325 0.7739438434
326 0.908726558235
327 0.845518080203
328 0.876357449672
329 0.639937096284
330 0.652684311918
331 0.720975746363
332 0.905860538003
333 1.14824508296
334 1.07769796948
335 1.15032909164
336 0.911519251921
337 1.45562634809
338 1.98507726179
339 2.12976978409
340 1.74113659598
341 2.15686428019
342 2.10160182359
343 2.30425380003
344 2.64252837581
345 2.39892982439
346 2.58556976035
347 2.16250960491
348 2.40898809475
349 2.34315077466
350 2.46259174867
351 1.78907515471
352 1.68317028637
353 1.76903205546
354 1.85862688347
355 1.84637985205
356 1.88930828761
357 1.73706182591
358 1.83093231637
359 1.95227832706
360 1.64429329707
361 1.97294462382
362 1.91883244318
363 2.11046634995
364 2.45524407644
365 2.24365957577
366 2.47101782748
367 2.43360633512
368 2.37787697618
369 2.57761956145
370 2.16286569282
371 2.24596957688
372 2.35936251855
373 2.59397859883
374 2.49569530491
375 2.34907392347
376 2.14967372458
377 2.00795485551
378 2.51732167568
379 2.5286568273
380 2.17275270006
381 1.88316704317
382 1.96801419445
383 2.03758268594
384 2.05253988494
385 2.17654886032
386 2.43928041057
387 1.96929872875
388 2.06091313865
389 2.15039959161
390 2.23214341671
391 2.30485177132
392 2.4684342826
393 2.43446051869
394 2.17016104719
395 2.22468540358
396 1.73980658258
397 1.88274618796
398 2.15527439335
399 1.99817871265
400 1.74840947474
401 1.85248523957
402 1.70950629384
403 2.15191750835
404 2.00990564187
405 1.93042445309
406 2.37381107783
407 2.50256514703
408 2.30140311636
409 2.14055334051
410 2.39538965217
411 2.35149997621
412 2.32336751472
413 2.40432119043
414 2.75683780948
415 2.41393374594
416 2.33161334367
417 2.76208138268
418 2.84281067415
419 3.32084282878
420 3.40741894163
421 3.28605977311
422 3.486339984
423 3.53631434958
424 3.65644523984
425 3.85144486492
426 3.92535180518
427 4.09740288889
428 3.58777850681
429 3.70347141354
430 3.84201078584
431 4.00235071223
432 4.00400647847
433 4.0464153906
434 4.02751192099
435 4.2630377014
436 4.21550085658
437 4.23617508367
438 4.30039134044
439 3.92507880015
440 3.87772950673
441 4.23681436686
442 4.43200934606
443 4.25309924267
444 4.66107542462
445 4.32775490296
446 4.07429486456
447 4.68809238166
448 4.5044468873
449 4.70145417343
450 4.86088022111
451 4.80926625154
452 5.11572934171
453 4.97286923521
454 4.88527580137
455 5.06645580755
456 5.18805649444
457 4.75678606068
458 4.42338651017
459 5.03865256642
460 5.23517962364
461 5.02410966089
462 4.74454027017
463 4.79465640989
464 5.03436146726
465 5.16848988014
466 5.46347545773
467 5.73066483016
468 5.4494393618
469 5.38401123738
470 5.51079162554
471 5.28328400811
472 5.46055782623
473 5.32905225777
474 5.09434116369
475 5.20167297948
476 5.48633650572
477 5.6341709181
478 5.31736401001
479 5.12112836049
480 5.32274888155
481 5.31422446173
482 5.30885587289
483 5.94627933987
484 6.0003026402
485 5.58969999698
486 5.62940025049
487 5.20213918727
488 5.4383677098
489 5.26516406217
490 5.53528080529
491 5.48412278828
492 5.1175112484
493 5.21769454375
494 5.3167447955
495 5.32011637086
496 5.7161308674
497 5.6700484565
498 5.46641460439
499 5.19415638748
500 5.25627859387
501 5.15104369204
502 5.00817619698
503 4.87240588296
504 4.71094177369
505 4.96869801358
506 4.82687608624
507 4.67855239156
508 4.89550937478
509 4.83528783271
510 4.28832626611
511 4.4618116417
512 4.33489235563
513 5.05932021809
514 4.73241246581
515 4.88864028199
516 4.99839494302
517 4.89493817768
518 5.42071829453
519 5.65668946967
520 6.19942997569
521 6.29730786216
522 6.4391470343
523 6.08709966845
524 5.94173182008
525 6.33313401424
526 6.31618768413
527 6.01986689618
528 6.42500145948
529 6.54049022371
530 6.77944483857
531 6.47664071904
532 6.51280882324
533 6.19796305392
534 6.29779980312
535 6.6590063516
536 6.31271018986
537 6.38146361713
538 6.75979748949
539 6.92115982406
540 6.52937311393
541 6.39350535473
542 6.35290785731
543 6.0272027847
544 6.5343837939
545 6.7722540773
546 6.71231155162
547 6.83472559431
548 6.89979920378
549 6.14393601495
550 6.70874100895
551 6.96778354135
552 7.07943900382
553 6.77530024101
554 6.62260952319
555 6.28790802498
556 6.70144322172
557 6.44654493442
558 6.32728211977
559 6.4489244011
560 6.38503538476
561 5.89520229175
562 5.71146904136
563 5.79774376069
564 5.56460205974
565 5.59746487081
566 5.39105414305
567 5.61976609182
568 5.26692200122
569 5.42384854932
570 4.80938162474
571 4.61147940211
572 5.43142450558
573 5.37601359456
574 5.02898094169
575 4.80420030274
576 4.47960022718
577 4.82729965117
578 4.52171409564
579 4.42675070291
580 4.84716484584
581 5.22027917883
582 5.03254866597
583 5.33758932949
584 5.1678069825
585 4.79136346847
586 4.85054916043
587 4.46563613997
588 4.87047596112
589 5.00648559844
590 5.45215127645
591 5.28727489548
592 5.29604873781
593 5.57283560775
594 5.76513535381
595 5.70397139579
596 5.76668400495
597 5.83695832005
598 6.02141447534
599 6.58213999203
600 6.35890501952
601 5.88195645451
602 6.30407041926
603 5.69105274383
604 5.95138459766
605 6.50633322127
606 6.34588228295
607 6.38026650595
608 6.06271413482
609 6.16650062003
610 5.97896945982
611 6.09374983412
612 5.89606597516
613 6.30323152419
614 6.14860794931
615 6.41060320225
616 6.51935190162
617 6.39931041724
618 6.5344763089
619 6.27999380381
620 6.19314052538
621 6.45845449991
622 6.92386357242
623 6.53567899167
624 6.42135343993
625 6.59940928599
626 6.50873657888
627 6.59379171091
628 6.37920631901
629 5.93746110988
630 6.35441838047
631 6.66686552923
632 6.78634039814
633 6.53258520877
634 5.78461063176
635 5.4818211255
636 5.90947851717
637 5.61000625005
638 5.86905215879
639 5.88068027696
640 6.34122583293
641 6.50233237396
642 6.22031547756
643 5.94569748979
644 6.22333024573
645 6.15833837918
646 5.96254758202
647 6.03999499966
648 6.53908643259
649 6.50955701038
650 6.27343127015
651 6.28086595925
652 6.691990098
653 6.74942255168
654 6.74245023068
655 7.40485125986
656 7.56767695193
657 6.92401349178
658 6.94470828145
659 6.42205192366
660 6.80884734749
661 7.15745783663
662 7.04890294262
663 7.2368471839
664 7.1447661942
665 6.88254530818
666 6.77445462039
667 6.97713111627
668 6.64055552127
669 7.35439628225
670 7.03915402353
671 7.56639711632
672 8.09416944089
673 7.50381490664
674 7.78025300533
675 8.12381668441
676 7.33980767613
677 7.01051397138
678 7.26289829958
679 7.42453307323
680 7.42415045393
681 7.38715598672
682 7.64744176165
683 7.02800632948
684 7.32821787183
685 7.77018932725
686 7.53361968816
687 7.18690472759
688 7.48630002684
689 7.59040076781
690 8.12218776655
691 8.27168743536
692 8.56216043766
693 8.31609495662
694 8.25382312431
695 8.36472748064
696 8.07593003118
697 7.81424190223
698 7.72878878667
699 7.28756689897
700 7.35565905159
701 7.64920031009
702 7.46739720492
703 7.36374411101
704 7.47473899691
705 7.69676131325
706 7.74303861126
707 7.72534866873
708 8.07227504941
709 7.88069015824
710 8.07206120381
711 7.845920188
712 7.64823956535
713 8.02088469818
714 7.47964614485
715 7.31201521264
716 7.55218730054
717 7.46598312365
718 7.20727514208
719 7.0697722094
720 8.03988034872
721 7.55205818886
722 7.88013238024
723 8.5596486917
724 8.08553725082
725 8.33646084189
726 7.87761267938
727 7.73111996345
728 7.76194106441
729 7.84292101856
730 8.23838739327
731 8.09644625889
732 8.11005129278
733 7.95875679432
734 8.21870288098
735 8.17391781665
736 8.2673596803
737 8.19928057885
738 8.378274776
739 8.25482263088
740 8.32834015889
741 8.35190026324
742 8.27257553666
743 8.73250289661
744 8.87895874509
745 8.58298042068
746 8.65288569204
747 8.62776348334
748 8.69940617903
749 8.34988016682
750 8.60702841496
751 8.70996656783
752 8.39606481101
753 7.74724389618
754 8.1191826059
755 7.73720359697
756 7.0954052132
757 7.69709306838
758 7.64748973206
759 8.41889429516
760 8.16135378886
761 7.80845024486
762 8.49363044103
763 8.48368818269
764 8.25257461228
765 8.11810446461
766 8.19845712021
767 8.31666854904
768 8.25542555161
769 8.76299547401
770 8.3416241813
771 8.30049274377
772 8.2074193947
773 8.16891060972
774 7.87271206472
775 8.23369639214
776 8.1504291064
777 8.29947712192
778 8.25442910063
779 8.40807726916
780 8.62737746494
781 8.92293335609
782 8.749651327
783 8.6949780716
784 8.53079458171
785 9.02029848948
786 8.69277904074
787 9.23555740596
788 9.42284566816
789 9.52435867321
790 9.53344643304
791 9.28411268766
792 8.83254546295
793 9.06384163749
794 8.83607610435
795 8.60592155655
796 8.81341559652
797 8.85747164842
798 9.10586522083
799 8.71279827388
800 8.75875387479
801 8.94293217607
802 8.78461292328
803 8.75563132679
804 8.3867060273
805 8.28049751721
806 8.70105259589
807 8.72193507625
808 8.85617214101
809 8.8243069718
810 8.42488687828
811 8.60651489772
812 9.26794295821
813 9.16661119834
814 8.81882012008
815 9.41731263142
816 9.14341398607
817 9.62913980754
818 9.14547230267
819 9.1039999788
820 8.94538305627
821 9.00312703232
822 8.76275993699
823 8.89933825373
824 8.46346850577
825 8.55727478127
826 8.84633326895
827 8.92772083251
828 9.17172411085
829 9.55509122555
830 9.57785675426
831 9.69406605952
832 9.22049284175
833 9.23858109005
834 9.44772430061
835 9.71407622325
836 10.5794074725
837 10.1852613576
838 10.1781752506
839 9.56859941298
840 9.71823312404
841 9.58422129824
842 9.97405828898
843 10.2453794668
844 10.585104133
845 10.8906926625
846 11.0119304987
847 10.6198502427
848 11.0429879032
849 10.8063611052
850 11.0144130537
851 11.2124761815
852 11.2982060497
853 11.6273237267
854 11.5893466278
855 11.574379068
856 11.4069356433
857 11.5248837478
858 11.7742251079
859 12.1048884714
860 12.1896871615
861 12.7311642672
862 13.1666162275
863 12.428073817
864 12.4577168283
865 12.59147607
866 12.7893211471
867 12.9738994737
868 13.0247403736
869 13.7323450704
870 14.1326529175
871 14.2033124511
872 14.6814802506
873 14.3452582955
874 14.6288657
875 14.3392535814
876 14.1867101459
877 14.7587197137
878 15.0676578862
879 14.7527214203
880 15.0050891485
881 15.0795156324
882 14.7822900205
883 15.3056312925
884 14.7732204973
885 14.7667096188
886 14.9433769551
887 15.2737186932
888 15.1215236945
889 15.2984382818
890 15.3196303471
891 15.6890870301
892 15.6877523651
893 15.4038286828
894 15.427979303
895 15.1331990123
896 14.9311651866
897 14.9034850293
898 14.3373676981
899 14.466931088
900 14.9751705552
901 14.83821619
902 14.6925207098
903 14.5923752504
904 14.4868337791
905 14.6327241008
906 14.3576298951
907 15.2564024735
908 14.8631436685
909 15.3337838025
910 15.0951107461
911 15.2698406707
912 15.7842041205
913 15.7114631788
914 15.602741619
915 15.5241712502
916 15.2702132387
917 15.0239939548
918 15.2697812194
919 14.652360206
920 14.2200045221
921 14.518290801
922 14.5773459892
923 14.5349625627
924 14.5179451618
925 14.6255828596
926 14.4184461682
927 14.1641521919
928 14.232445037
929 13.8566642333
930 13.6744181258
931 13.4520138031
932 13.5876606687
933 12.7788995293
934 13.0555038605
935 13.3966836171
936 14.235029169
937 13.3543266098
938 13.4035770373
939 13.5911603102
940 14.2176678663
941 14.0015115342
942 14.5278131113
943 14.7832560412
944 14.6284283301
945 14.8931583919
946 14.6622977371
947 14.0859734325
948 14.2428115153
949 14.4600153436
950 14.2274944992
951 14.0311522721
952 14.4375057059
953 14.8098171293
954 14.3993704055
955 14.2300715693
956 15.0522104131
957 15.0637640887
958 15.565737787
959 15.4997138001
960 16.2768689771
961 16.006204159
962 15.0225383945
963 16.0847257989
964 13.6826500497
965 13.7949766803
966 13.8798208454
967 14.3010650062
968 14.1122600048
969 13.7320305789
970 14.6278077281
971 14.0697337211
972 16.1471558468
973 15.7431943519
974 14.5340372282
975 14.2545040712
976 16.1316655674
977 15.766727394
978 15.3131223519
979 15.0383005758
980 15.3528359694
981 15.7808998489
982 15.9873422033
983 15.7078307023
984 15.5070434957
985 15.3234322407
986 15.6831849511
987 15.064301819
988 14.723983319
989 14.6075394982
990 14.6880596317
991 14.2914560035
992 14.5271735954
993 14.3896980654
994 14.5801814377
995 14.6247747908
996 14.6022149971
997 14.0970359921
998 14.8101592805
999 15.0593673025
