0 0.0
1 -0.222115807201
2 -0.317304106044
3 -0.0506453538774
4 -0.0352956900897
5 -0.350893857012
6 -0.313126768873
7 -0.157212723584
8 -0.307768552863
9 -0.306423922122
10 -0.325880732337
11 -0.149763899219
12 -0.268284480818
13 -0.424579684103
14 -0.39707719272
15 -0.336014996373
16 -0.71232219294
17 -0.343620371508
18 -0.348329452923
19 -0.362215541001
20 -0.285390943965
21 -0.278139493676
22 -0.253789927469
23 -0.323628104063
24 -0.11298356332
25 -0.193428394444
26 -0.329230243663
27 -0.533197620179
28 -0.129895653804
29 -0.456193762526
30 -0.470480398007
31 -0.299950930783
32 -0.436615833499
33 -0.589399481419
34 -0.43980892621
35 -0.52339235185
36 -0.291414469062
37 -0.406870558543
38 -0.384439924887
39 -0.473513085906
40 -0.553550441153
41 -0.337112425812
42 -0.438861730245
43 -0.056889335574
44 -0.188828427477
45 -0.30683554661
46 -0.589415329521
47 -0.149664301822
48 -0.354129622145
49 -0.284654245377
50 -0.260132458315
51 -0.230135433742
52 -0.256297051374
53 -0.152059438104
54 -0.328330141602
55 -0.255198821531
56 -0.219861088092
57 -0.154021217856
58 -0.282750151811
59 -0.12207968704
60 -0.219904601265
61 -0.376434721585
62 -0.247536844794
63 -0.252173994808
64 -0.305390957582
65 -0.149753609655
66 -0.443440166083
67 -0.288983102859
68 -0.405220556551
69 -0.160382854938
70 -0.462310762466
71 -0.692332907831
72 -0.360833294642
73 -0.582588317557
74 -0.546203884036
75 -0.35261420807
76 -0.188707072574
77 -0.386761934294
78 -0.615015757876
79 -0.614609412646
80 -0.601029418027
81 -0.702909334978
82 -0.690747727043
83 -0.729284955077
84 -0.62299712086
85 -0.675591427548
86 -0.683138535331
87 -0.707383053205
88 -0.772173595774
89 -1.00193562168
90 -0.704244907277
91 -0.780777241145
92 -0.79846921546
93 -0.656232205444
94 -0.743194700179
95 -0.863310603605
96 -0.497094026736
97 -0.622440097626
98 -0.660047074279
99 -0.57959885214
100 -0.573256902872
101 -0.761321666849
102 -0.660473737966
103 -0.662667906117
104 -0.725484015894
105 -0.591509383577
106 -0.393180240913
107 -0.874975880194
108 -0.663768796726
109 -0.515173249667
110 -0.495189385545
111 -0.942019160039
112 -0.527899491684
113 -0.678859214339
114 -0.744185709164
115 -0.364470653968
116 -0.557282950115
117 -0.550314552577
118 -0.422623195943
119 -0.486672132999
120 -0.433071359478
121 -0.240336494196
122 -0.52974490367
123 -0.60292381407
124 -0.830713235535
125 -0.609645913196
126 -0.503081480361
127 -0.532092124816
128 -0.734054563584
129 -0.368519328878
130 -0.361343811546
131 -0.338297634214
132 -0.659248421262
133 -0.644369487098
134 -0.396303562492
135 -0.378007732445
136 -0.595138289031
137 -0.252443511428
138 -0.720269601413
139 -0.579692583315
140 -0.788862703517
141 -0.651466395926
142 -0.539939898288
143 -0.621010108001
144 -0.768891579934
145 -0.549050382722
146 -0.892643313672
147 -0.918535493087
148 -0.686231880754
149 -0.659002062391
150 -0.716451017552
151 -0.440055305073
152 -0.65293033198
153 -0.728789600823
154 -0.541540875976
155 -0.524074667894
156 -0.783271394217
157 -0.538023819704
158 -0.493333529146
159 -0.392530814475
160 -0.475149709525
161 -0.35695742806
162 -0.498803631889
163 -0.71007109387
164 -0.678483275418
165 -0.721719920696
166 -0.590131418201
167 -0.410719121406
168 -0.704992722679
169 -0.394515177726
170 -0.541016480628
171 -0.475843284233
172 -0.694125550009
173 -0.436045189721
174 -0.693587945061
175 -0.546586302423
176 -0.590987835116
177 -0.686467897007
178 -0.76779524732
179 -0.74484835624
180 -0.580169476195
181 -0.445722036609
182 -0.329158583791
183 -0.644299058707
184 -0.56404538932
185 -0.592124991211
186 -0.488049382081
187 -0.85640829807
188 -0.496654716549
189 -0.712703058757
190 -0.600786747473
191 -0.507244210554
192 -0.510390109588
193 -0.374924876786
194 -0.387153021254
195 -0.539185850627
196 -0.229453620986
197 -0.115926823555
198 -0.13583416836
199 -0.117716739791
200 -0.509290515534
201 -0.330148030264
202 -0.325247307811
203 -0.276500351432
204 -0.53083755554
205 -0.430711728255
206 -0.389753675553
207 -0.0685459529657
208 -0.186540408329
209 -0.286000243176
210 -0.183399995764
211 -0.087901397522
212 -0.0151248245867
213 0.0968261066976
214 0.155240534189
215 -0.064698043882
216 -0.332377456398
217 -0.102274261941
218 -0.406738193531
219 -0.114055097069
220 -0.0582431392391
221 0.115316923196
222 0.0835410363507
223 0.115833110905
224 0.145285936529
225 0.576132743163
226 0.393256446087
227 0.432062898292
228 0.348908132434
229 0.636433184279
230 0.33132002152
231 0.321418853558
232 0.784087776856
233 0.58433876798
234 0.441500118541
235 0.298552494039
236 0.2959266682
237 0.689914512743
238 0.759061069165
239 0.7322077864
240 0.414432541806
241 0.610112403274
242 0.591044566401
243 0.607068527998
244 0.788792434714
245 0.673683784213
246 1.1114412457
247 1.02900372824
248 0.625827553152
249 1.06583679633
250 1.05602982699
251 0.787760885372
252 0.652888977647
253 0.936303756174
254 0.910408279233
255 0.740027430284
256 0.9863307574
257 0.901402432762
258 1.02029736599
259 0.990561699206
260 0.881454197531
261 0.83194110401
262 0.625525378527
263 0.872801371561
264 0.867520652672
265 1.19117600852
266 0.905480517882
267 0.698444282848
268 1.09263971533
269 0.915624797508
270 0.723814331608
271 0.886494124246
272 0.711697739819
273 0.669355616583
274 0.880742925101
275 0.704514583369
276 0.847659782804
277 1.32328196502
278 1.18476772429
279 1.77554641072
280 1.11899264798
281 1.10206176185
282 1.07266136011
283 1.07856410776
284 1.07479169047
285 1.39778735633
286 1.11335517233
287 1.08390771862
288 1.43786468087
289 1.12920797546
290 0.700624881118
291 1.01688743025
292 0.736704167773
293 1.03560037415
294 1.05430712704
295 1.19824982634
296 1.13504076829
297 1.01318090099
298 1.30751240484
299 1.02389222788
300 1.22867601979
301 1.44695567997
302 1.45234384209
303 1.78948250612
304 1.2138708542
305 1.71997019848
306 1.17563019146
307 1.70806971018
308 1.42273210905
309 1.40992762425
310 1.78411485277
311 1.75459248967
312 1.65076220706
313 1.40515003219
314 1.74266305788
315 1.43395714239
316 1.66285094935
317 2.05449528824
318 1.91890411295
319 1.66622542087
320 1.65809957322
321 1.81925544961
322 1.68020924481
323 1.72097717988
324 1.83261592254
325 1.33583297358
326 1.52646440689
327 1.57586286706
328 1.93253945977
329 1.85373082252
330 1.91369868563
331 1.70516394518
332 1.96520729368
333 1.44593621722
334 1.65997001157
335 1.7764705563
336 1.3921191323
337 1.96272403286
338 2.05236493456
339 2.07313074275
340 1.81070406105
341 2.13669493638
342 2.00564328305
343 2.34742938661
344 2.50187420292
345 2.35225155585
346 2.46598853568
347 2.49916172078
348 3.03732516777
349 2.79806250806
350 2.51840508216
351 2.61815754213
352 2.39972442595
353 2.95604547386
354 3.15265786231
355 3.3624147803
356 3.35326219993
357 2.88948744815
358 3.24289787677
359 3.46914855106
360 3.59603153744
361 3.64124455475
362 3.60652381176
363 3.55720314732
364 3.64028727515
365 3.38609870135
366 3.01504133639
367 3.05367881939
368 2.79766826186
369 3.32707023635
370 3.20969671918
371 3.54140193587
372 3.43904071531
373 3.27050033484
374 3.4774546249
375 3.08474670991
376 2.83078217507
377 3.07316915842
378 2.79038456148
379 2.96148509442
380 2.73589797047
381 3.32541279232
382 2.85871544737
383 3.16602221916
384 3.37274656656
385 3.45347001744
386 3.67183895642
387 3.64018725957
388 3.41751122529
389 3.53094523981
390 3.74915612278
391 3.5300962709
392 3.2543877099
393 3.20710341338
394 2.90441489896
395 2.27221380736
396 2.28358013421
397 2.99703214054
398 2.99524613335
399 3.31908915993
400 3.09215945867
401 2.92264518387
402 3.19767006367
403 3.16845690118
404 3.54594236098
405 3.60780282023
406 4.06985514545
407 3.66698326507
408 3.49475727041
409 3.4994172874
410 3.28809443154
411 3.52201278969
412 3.79371833612
413 3.48528913932
414 3.06432400424
415 3.51012847872
416 3.025448261
417 3.2256852528
418 3.17579467779
419 2.91728098595
420 3.24409525795
421 3.2294410243
422 3.37365517222
423 3.11383416971
424 3.04720756708
425 3.16372479882
426 3.22025904597
427 3.52464490628
428 3.80541418727
429 4.01332761147
430 3.83763520625
431 3.40977094548
432 3.7277189313
433 3.84216622593
434 3.67753431464
435 3.44627337782
436 3.71846674666
437 3.35571365652
438 3.29175860629
439 3.66617847929
440 3.74713947433
441 4.01555163921
442 4.25977687707
443 3.96644237596
444 3.6823335212
445 4.15523783774
446 4.21444780013
447 4.16047413597
448 3.90248551563
449 4.25290227823
450 4.01908697948
451 4.47859423844
452 4.24757536546
453 4.33962977505
454 4.69104743102
455 4.44588145405
456 5.17701633223
457 5.01043933636
458 5.39955491703
459 5.2575477904
460 5.40371101803
461 5.68996641235
462 5.37123174269
463 5.22974857204
464 5.41937719687
465 5.71447522383
466 4.71180849447
467 4.91843466074
468 5.08659870268
469 5.43992433307
470 5.57848173158
471 5.77800539906
472 5.23072092544
473 5.24797288476
474 5.70961690712
475 5.67220466509
476 5.51756081532
477 5.60100377082
478 5.42448316224
479 5.26073996701
480 5.74943903364
481 6.45132799974
482 5.95323754859
483 6.58424945719
484 6.07289607804
485 6.23112260841
486 6.07892964888
487 5.88199035207
488 6.30519891482
489 6.67599773292
490 5.77697406925
491 5.81166606961
492 6.11844383354
493 6.08069835838
494 6.29900355807
495 5.85984262041
496 6.06931262274
497 6.16294063754
498 6.04854351258
499 5.89534332383
500 5.83941273351
501 6.00497301007
502 5.97825343126
503 5.80560528306
504 6.21856033377
505 5.99010694951
506 6.01368965622
507 5.89343273199
508 6.01158569627
509 5.32374017279
510 5.45421857365
511 5.32303482606
512 5.69805164081
513 5.6235407075
514 6.30174006535
515 5.77847524911
516 6.09191766659
517 6.02354754163
518 5.66284093513
519 5.42995651315
520 4.84019741959
521 4.76986871068
522 4.38950926591
523 4.68044051988
524 4.84430559145
525 4.85800624632
526 4.88124074331
527 4.48648171299
528 4.61364646157
529 4.83508440466
530 4.8584805928
531 4.6970533548
532 4.79443417932
533 4.29865295507
534 4.37979479397
535 4.42829295639
536 4.87766500799
537 4.82024000746
538 5.15185183568
539 4.48663200646
540 4.28550856866
541 3.99944731742
542 4.06322064638
543 3.79130174234
544 3.97556746594
545 3.95930172233
546 4.07615049524
547 4.05350150664
548 4.23755650037
549 4.540193361
550 4.35135642182
551 4.47429539141
552 4.04064726866
553 4.08604420319
554 4.16405122965
555 4.37115064395
556 4.48010980501
557 4.51854575728
558 4.09942432384
559 3.91495794458
560 3.7837195628
561 4.03339509808
562 4.12261955153
563 4.28058700772
564 3.96152455239
565 4.42664765106
566 3.89860345864
567 3.62849913003
568 3.61154180708
569 3.85922392504
570 3.31810342365
571 3.57532056425
572 3.8588971946
573 3.68143753191
574 3.91264186778
575 3.78964550987
576 3.8194152529
577 3.81040979977
578 3.77825369863
579 3.36152547037
580 3.52162733916
581 3.45296182081
582 3.57272074635
583 2.97969913529
584 3.15193734784
585 3.15226503477
586 3.14093274416
587 3.40025029993
588 3.62583116531
589 3.1206135793
590 3.30848729788
591 3.45933682642
592 3.3485950664
593 3.36723853698
594 3.02958277439
595 2.80283282465
596 2.88378193993
597 2.42125103127
598 2.40445069327
599 1.84498298465
600 1.58492483268
601 2.1304597515
602 2.06334125638
603 2.35815307616
604 2.24810277068
605 2.12427867069
606 2.26466581371
607 2.47910593067
608 2.30316836408
609 2.34962117882
610 2.05589627353
611 2.05382182641
612 2.21923385852
613 2.28615593872
614 2.41475112742
615 2.41960109702
616 1.78295583758
617 2.42906487405
618 2.86807023244
619 2.90666479673
620 2.71612677415
621 2.64720536948
622 2.4159633557
623 2.47607607027
624 3.05049541552
625 2.51755973689
626 2.48555260984
627 2.7513720119
628 2.80437185401
629 3.0316124468
630 3.07849906282
631 3.34686607035
632 2.98836050046
633 3.16461304692
634 2.70258580694
635 3.45473283378
636 3.28074076163
637 3.00942427014
638 3.08635330298
639 3.25726420457
640 2.85797951556
641 2.87225859423
642 2.91452644737
643 2.72471929585
644 3.02766991087
645 2.52315745541
646 2.34490579094
647 2.75824754641
648 2.86088975768
649 2.8226710894
650 3.40922698495
651 3.13938668554
652 2.86544563754
653 2.88639817379
654 2.85798677143
655 2.75827983102
656 3.3320137496
657 3.72719515182
658 3.95942353145
659 4.01182011502
660 3.81886821797
661 4.10132043429
662 4.0290744264
663 3.88788060214
664 3.94401996591
665 3.87386371836
666 4.05998828838
667 4.16384807107
668 3.96759019474
669 3.88703307623
670 4.08639824043
671 4.11016058277
672 4.50182679844
673 4.37000586008
674 4.42130454504
675 4.90669705344
676 4.73224613715
677 4.29902986949
678 4.60851731276
679 4.30561530563
680 3.96696202199
681 4.54285799643
682 4.39932592151
683 4.60014207169
684 4.77789240636
685 4.50157518049
686 4.64417929586
687 4.29642699308
688 4.89764748737
689 4.70447820453
690 5.35695965315
691 5.15117578087
692 4.9532166922
693 4.43540462899
694 4.47626327254
695 4.58481444098
696 4.55512296885
697 4.49969653616
698 4.47048101909
699 4.3651421454
700 4.49955012194
701 4.21726785406
702 3.52156918733
703 3.67900654027
704 4.01529423048
705 4.0759490224
706 4.05098742903
707 4.05239154584
708 4.15036145308
709 4.13495341083
710 4.05169794259
711 4.28387513872
712 4.40556957659
713 4.69185287849
714 4.83586027435
715 4.95175556064
716 5.28881399125
717 4.78395346663
718 4.992356704
719 4.45905977769
720 4.75472121413
721 4.10655122452
722 4.38333550336
723 4.19851094721
724 4.34256312289
725 4.35962883624
726 4.4404307013
727 4.21936675475
728 4.36318891631
729 4.71975747528
730 4.72058860733
731 4.30731185124
732 4.0527099195
733 4.5727479425
734 4.28646188554
735 4.21703236946
736 4.53818314243
737 4.69479485885
738 4.61168758455
739 4.38358321317
740 4.74242141103
741 4.57360774798
742 4.49975638669
743 4.41007850743
744 4.49108439716
745 4.7244949402
746 4.81686324469
747 4.24790157452
748 4.55228635503
749 4.42473688927
750 4.38094544703
751 4.60377851637
752 4.8132457913
753 4.98002900823
754 4.58889559991
755 4.81355223615
756 4.54236712243
757 4.26051763436
758 4.02879616141
759 4.53720146905
760 4.63553279267
761 4.62994860117
762 4.40745848119
763 4.83934630836
764 5.03104520669
765 4.90186626641
766 4.55832533585
767 5.09500370079
768 4.9319623227
769 4.88543505641
770 4.47234408802
771 4.50288583749
772 4.12498648455
773 4.5043230071
774 4.77599130161
775 4.09689436994
776 4.68282937191
777 4.56646194914
778 4.76120069083
779 4.54555156042
780 4.36831615611
781 4.45026081134
782 4.95922276624
783 5.0924970038
784 5.08402176614
785 5.54514802999
786 4.98478011593
787 5.53363515235
788 5.21121789005
789 5.40970369856
790 5.39960691094
791 5.71664571266
792 5.51312485035
793 5.48694358798
794 5.50378840497
795 5.70996429761
796 5.48217509909
797 5.39045866
798 5.73179270783
799 5.65807203543
800 6.07445083897
801 6.25802429757
802 5.93196577875
803 6.48177568869
804 7.00765762316
805 6.02025068738
806 5.95156125237
807 5.88653750298
808 6.28231911161
809 5.89924150604
810 6.13426302596
811 5.93926962173
812 6.17071263245
813 6.61749224276
814 7.45929235504
815 7.1806933232
816 7.14139630536
817 7.1291732798
818 7.4268135697
819 7.56328304584
820 7.8113709922
821 6.86728157695
822 7.61521780402
823 7.24515300142
824 6.6145860285
825 7.14023010955
826 7.31503237542
827 7.21119135856
828 7.31660718267
829 7.43343063305
830 6.99327269231
831 6.7835453729
832 6.8141227408
833 6.9116184697
834 7.0200685544
835 6.80026280496
836 6.92530737146
837 7.04160597995
838 7.42900489369
839 7.09588206726
840 7.01419422541
841 7.17817018771
842 7.26156339057
843 7.21684703424
844 7.75120223127
845 7.46400507576
846 8.0551400498
847 8.26682541565
848 8.71528235773
849 8.16470153236
850 8.36832060206
851 8.40379539721
852 8.04887151366
853 8.33021166415
854 8.25929150562
855 8.665062832
856 9.08706174125
857 8.42526669707
858 8.46313551278
859 8.5374327957
860 8.84656580993
861 8.51690775247
862 8.57474270903
863 9.1796845179
864 9.00580202654
865 9.40588191007
866 9.25202047202
867 9.20470158526
868 9.70443373056
869 10.303155371
870 10.2797796079
871 10.0869178917
872 10.0005116957
873 9.70621471876
874 9.30729782442
875 9.2893397389
876 9.3872343879
877 9.04313149389
878 9.4823631065
879 9.23254948627
880 8.85981061433
881 9.63774951732
882 9.64075513369
883 9.32166963666
884 9.33119829856
885 9.82935432019
886 9.89994874953
887 9.33768882018
888 9.69119796677
889 9.90297345345
890 9.77462480431
891 10.0503706954
892 10.1761569717
893 10.1405490884
894 10.1914166299
895 10.3414049145
896 9.6718760014
897 9.36766509099
898 9.48776847126
899 9.900028973
900 9.85886238483
901 10.3557725695
902 10.3615196756
903 10.5842566606
904 10.8690774329
905 15.9209493301
906 15.8067927078
907 15.647341257
908 15.6994041628
909 15.9673030064
910 15.9934132123
911 11.9476772042
912 11.3334184147
913 16.2755741412
914 12.0657541274
915 11.2207588228
916 11.5189946032
917 11.4876873347
918 11.1884336342
919 11.169754808
920 12.1684759692
921 11.8656783102
922 11.5041713033
923 16.0725190325
924 11.6569619267
925 12.3319065795
926 12.7378944595
927 12.6901470308
928 12.5964581357
929 12.2209371451
930 12.4581395889
931 12.4326953434
932 12.2200770772
933 11.6410259421
934 12.0558643666
935 12.120947359
936 11.7538858873
937 11.98124865
938 12.2453257968
939 12.9758002141
940 16.4127803262
941 15.9728703889
942 15.6898616974
943 15.8357887484
944 16.1271427614
945 16.23485985
946 16.5786304881
947 13.2874189063
948 13.6444103039
949 13.6455408361
950 13.3739338332
951 13.3015087634
952 13.5637914815
953 13.933785018
954 13.7965807848
955 13.5553835169
956 13.4655132744
957 13.7022130138
958 13.1408049813
959 13.7137837384
960 14.1899236083
961 14.0085137072
962 13.5090829073
963 13.949181628
964 13.7197769107
965 13.0362458182
966 13.4926101514
967 13.9056720079
968 13.3100889744
969 13.4335586592
970 13.7669620288
971 14.1093185844
972 14.1986072511
973 14.1395828212
974 14.1716872906
975 14.5287158007
976 14.4140987131
977 14.1627698438
978 13.9162098764
979 13.6203782664
980 13.8561371256
981 13.6672891197
982 14.6795528541
983 14.9733819275
984 15.3687905757
985 15.0038517337
986 15.1086893924
987 15.1010511639
988 15.7422552216
989 15.8368166727
990 15.8485806576
991 16.5469335858
992 16.8139302341
993 16.3341755586
994 16.7657029339
995 16.1609821013
996 16.0785500932
997 15.7750141657
998 16.0537735497
999 19.6761480969
