0 0.0
1 -0.138709502575
2 0.00603715569609
3 0.0252711021747
4 0.20754796905
5 0.165515805249
6 0.162494654471
7 0.0980370375579
8 -0.132006356062
9 -0.228530580185
10 -0.250211524563
11 0.0372528836453
12 0.0681715224093
13 -0.0562590620006
14 0.0103639265127
15 0.127709845196
16 0.0240398250374
17 -0.0277929887109
18 -0.117101845631
19 -0.175343767133
20 -0.146235245496
21 0.0576786739688
22 0.0574862941825
23 0.112086330399
24 -0.278000934738
25 0.0108259218624
26 0.124910028454
27 0.0971168641844
28 0.0979753455423
29 0.194501678107
30 0.21532042263
31 0.0712510682882
32 0.137149025544
33 0.0168645524282
34 -0.0489834378086
35 0.305128743782
36 0.0374696030291
37 -0.0338272790588
38 0.0335986945119
39 0.326692575486
40 0.119515939376
41 -0.0499172264091
42 -0.269080616694
43 0.153505789339
44 0.413872049337
45 0.421640004302
46 -0.018947154677
47 0.141766414451
48 0.259469499903
49 0.509711731741
50 0.324481235456
51 0.139142464281
52 0.197182504817
53 0.0532913741075
54 0.214666172959
55 0.206971556986
56 0.415707010458
57 0.111235520385
58 0.0675463079429
59 0.166304873364
60 -0.158400432082
61 -0.126108377466
62 -0.0714121413285
63 0.0503249772886
64 -0.180419105196
65 0.231956138014
66 -0.136968796041
67 -0.132516865627
68 0.197561828858
69 0.193655572955
70 0.145962594126
71 0.105946442754
72 0.257633016624
73 0.167471310476
74 0.153027832055
75 0.427842877081
76 0.400676352192
77 0.350620752894
78 0.103699732777
79 0.280798666393
80 0.255950451146
81 0.0360124041952
82 -0.115876555766
83 0.157443644043
84 0.00374512637002
85 -0.0136821264925
86 0.0729879210736
87 0.0636920063239
88 0.059454380074
89 -0.154205752596
90 -0.17246578622
91 -0.438618757957
92 -0.0550091116479
93 -0.137001165526
94 -0.259501186155
95 -0.141871634044
96 -0.318909362897
97 -0.0190911519851
98 -0.0805293575376
99 0.122991876573
100 -0.187535491374
101 0.0493369018157
102 0.0140296822084
103 6.40668808529e-05
104 -0.0259694490853
105 0.22770501162
106 0.323189752247
107 0.128652310451
108 -0.0457503561141
109 -0.0394434245306
110 0.266961264833
111 0.129265160083
112 -0.080047391841
113 -0.227340767346
114 -0.0586126953764
115 0.242243982323
116 0.440743185394
117 -0.0758798497215
118 -0.0710553448716
119 -0.0728179488839
120 -0.0979850201473
121 -0.0746839856264
122 0.0832287436056
123 -0.0719150125718
124 0.121591126356
125 0.457129176729
126 0.346429194773
127 0.424710865951
128 0.42079184335
129 0.564969503354
130 0.538910188124
131 0.370173463354
132 0.900779381149
133 0.676166741755
134 0.246893995587
135 0.449193883011
136 0.628046919063
137 0.0217853012512
138 0.482271863512
139 0.514963251565
140 0.462702469881
141 0.474951719354
142 0.595497393237
143 0.5914331889
144 0.444820300237
145 0.337778598084
146 0.320985183114
147 0.476809019524
148 0.48667323909
149 0.646697109755
150 0.385015872962
151 0.524999854985
152 0.300341260276
153 0.405097111433
154 0.377799402886
155 0.614598669219
156 0.625081129489
157 0.450059309344
158 0.482822028039
159 0.343875748281
160 0.655197800503
161 0.800804845314
162 0.505679788327
163 0.494781048814
164 0.536216189305
165 0.396754038968
166 0.204783823879
167 0.165685242261
168 0.423213926412
169 0.607150139707
170 0.33838397852
171 0.576160967869
172 0.475187324419
173 0.651198095201
174 0.970089696854
175 0.679304390398
176 0.806133830812
177 0.381422694478
178 0.643445480476
179 0.760130928804
180 0.478613814361
181 0.870004875343
182 0.417996855447
183 0.334520454126
184 0.651920051748
185 0.432544216868
186 0.405034332375
187 0.732286707542
188 0.622138460794
189 0.349436694359
190 0.344510275666
191 0.217330100319
192 0.0906670690257
193 0.259486918444
194 0.321817164125
195 0.488829864386
196 0.204905679452
197 0.371370686863
198 0.612713978151
199 0.675519208427
200 0.65999563294
201 0.678084141195
202 0.68915214845
203 0.776711863584
204 0.425087567394
205 0.7374782547
206 0.632799317109
207 0.402846966524
208 0.820004981699
209 0.96463920626
210 0.77256761169
211 0.760310573959
212 0.62973224005
213 1.01434283877
214 0.731032404583
215 0.57106833335
216 0.752929477463
217 0.704973470854
218 0.787795438182
219 0.795884338015
220 0.657425923436
221 0.933405362798
222 0.832312952004
223 1.07158969679
224 0.579942902415
225 0.748248236423
226 0.773904735204
227 1.34730895414
228 1.15677271287
229 1.25793694448
230 1.14281168978
231 1.11160797872
232 1.01271040522
233 0.898974544627
234 0.964781543429
235 0.806156899576
236 0.922781736846
237 1.06246195867
238 1.03848663709
239 0.958976602272
240 0.759246403035
241 0.871248421278
242 1.20534081877
243 0.804303872773
244 1.16173650806
245 1.19335698631
246 1.37002772485
247 1.07906234959
248 1.14178993643
249 1.05044263016
250 0.922802943343
251 1.2565006569
252 0.843806596085
253 0.889975337623
254 0.785849476521
255 0.787873350986
256 0.988994809761
257 0.678085890719
258 1.01852409602
259 0.483622153299
260 0.850420612505
261 0.77521127668
262 0.661319397426
263 1.14122593418
264 1.31200195028
265 1.13459706533
266 0.869194716627
267 1.05509066976
268 1.00534738698
269 1.10218127467
270 1.20622941232
271 0.761458488329
272 0.909463511565
273 0.689621735208
274 0.755273968685
275 1.12482826446
276 0.986224157063
277 1.12944939573
278 1.27195765083
279 1.22458045477
280 1.54777099243
281 1.45254725915
282 1.322220284
283 1.39476509545
284 1.67199025474
285 1.43523971856
286 1.34317141113
287 1.61641244879
288 1.29340286518
289 1.11015917463
290 1.21457695677
291 1.05590820881
292 1.42572010986
293 1.37432144114
294 1.38951940166
295 1.34514087879
296 1.38774588947
297 1.44190128305
298 1.30296923888
299 1.54069228401
300 1.26130762736
301 1.28984589532
302 1.33391290134
303 1.32695595604
304 1.35038901356
305 1.35414622413
306 1.71236681345
307 1.75273611412
308 1.70769554189
309 1.82590770905
310 1.63573775061
311 1.65652111427
312 1.45934424822
313 1.54852835714
314 1.47233077365
315 1.51301137094
316 1.62633709044
317 1.78012305943
318 2.07481642057
319 1.7131390418
320 2.18744674922
321 1.94335327705
322 1.89451665103
323 2.08696726843
324 2.23153192812
325 2.56660131551
326 2.45972988283
327 2.25623367986
328 2.41532251106
329 2.32170736392
330 2.63212249131
331 2.65414056126
332 2.73522950518
333 3.31665017229
334 3.2643701137
335 2.91217674886
336 2.99262695339
337 3.25193361799
338 3.38870483202
339 3.08635796201
340 2.95783724021
341 2.2586664277
342 2.45566023675
343 2.77350396328
344 2.72111117537
345 2.81706868734
346 2.8399766606
347 2.78123419276
348 3.04229076459
349 3.21874698019
350 3.22316420119
351 2.79539100744
352 3.44014491477
353 3.29863527256
354 2.91717876779
355 2.74663410057
356 2.8884503304
357 3.18146257095
358 3.05064965484
359 2.98620377395
360 3.13118539153
361 3.60288550214
362 2.92037968477
363 3.14060324494
364 3.35583381183
365 3.22052110622
366 3.4506878874
367 3.4694876363
368 3.78503095526
369 3.3918462242
370 3.05953413842
371 3.38644825329
372 3.39633560556
373 3.02154172008
374 3.06242243953
375 3.03258016022
376 2.91495502912
377 3.55703463901
378 3.43233243838
379 3.30779856591
380 3.56704981244
381 3.50963117144
382 3.16519408149
383 3.74039765172
384 3.60525715021
385 4.10323423181
386 4.33032378848
387 4.28587104281
388 4.69768309047
389 4.84957395898
390 4.94853710065
391 4.96065780446
392 5.09174368392
393 5.18042394797
394 4.85816685278
395 5.09021999358
396 4.99861673015
397 4.51674377467
398 5.23511207153
399 4.65316852102
400 3.87517713019
401 4.12570874608
402 4.52312250703
403 4.69548716813
404 4.83101284788
405 4.1199837441
406 3.90775527623
407 3.98596443766
408 3.96069002279
409 3.68186690653
410 4.25861341173
411 3.85201008725
412 4.10150039497
413 3.92464380195
414 4.31366643819
415 4.46051722357
416 4.88308252822
417 4.4674709162
418 4.59073173515
419 4.3649496466
420 4.42159791688
421 4.12424895837
422 4.54692891022
423 4.52617343209
424 5.15906517548
425 5.15252419205
426 5.34346007546
427 5.22664513515
428 5.02818410737
429 5.17089443809
430 5.02296979534
431 5.29108878728
432 5.3828319222
433 5.05896173028
434 5.15707133347
435 5.39288300187
436 5.69956699081
437 5.27239320216
438 5.27378641314
439 4.81247862235
440 5.35885422466
441 5.74823724723
442 5.27352194528
443 5.16299101658
444 5.60438896453
445 5.69090139082
446 5.38783197845
447 5.52894686733
448 5.68072271056
449 6.09778510365
450 5.71472073401
451 6.44990068667
452 6.21979372367
453 6.65946325519
454 6.04956296221
455 6.54157724579
456 6.54780757976
457 7.07968799487
458 7.03652774039
459 7.23658735434
460 7.49889670727
461 7.53070152381
462 7.61012894656
463 7.18844911252
464 7.19662968605
465 7.4567814232
466 7.44794422326
467 7.33488920996
468 7.52784353999
469 7.49806922486
470 7.21944367929
471 7.78159000032
472 7.57249806338
473 7.5897451992
474 7.55104149481
475 8.01895426963
476 7.99862726648
477 7.8861514265
478 7.87087307873
479 8.26243775322
480 8.19243744916
481 8.6672099811
482 8.07548446324
483 8.15694736889
484 8.26625901518
485 8.43093125536
486 7.43184356093
487 7.34706435479
488 7.73728439667
489 7.59898951084
490 7.2695795106
491 7.31126682706
492 7.32630054336
493 7.33843142699
494 7.24785870856
495 7.44439457669
496 8.01066067259
497 8.1563541522
498 8.09418949872
499 8.42414721417
500 8.49339052336
501 8.57382104442
502 8.27405967757
503 8.06819671073
504 8.36198027056
505 8.59365455512
506 8.2476183522
507 8.13072864392
508 7.79763400582
509 7.92850239102
510 8.20188739895
511 7.8991411013
512 7.77190384388
513 7.72935236024
514 7.58535947571
515 7.87596317212
516 8.07115677884
517 8.52112043901
518 8.17254430974
519 8.45584325306
520 8.14047732156
521 8.30673678999
522 8.3833114912
523 8.15855595572
524 8.24705733801
525 8.58051769873
526 8.44905488533
527 8.1609814971
528 8.3592160526
529 7.26517479515
530 7.65030319808
531 7.75178189195
532 7.87275974665
533 8.30276463416
534 7.91201562762
535 8.45970714424
536 8.16918157717
537 8.04570901781
538 8.1129783895
539 8.25900840865
540 8.24363926176
541 8.08045382757
542 8.24581504102
543 7.99042564952
544 8.0995795762
545 8.39050548647
546 9.0250648043
547 8.24432274613
548 8.43321757537
549 8.30116602047
550 8.15821015699
551 7.64338946855
552 8.12659868471
553 7.51021252712
554 7.26236249862
555 7.57540126883
556 7.31071135531
557 8.11727076278
558 8.01638072183
559 7.78242000633
560 8.09240162651
561 8.34724537677
562 8.07336518447
563 8.50148495241
564 9.25839666948
565 9.12599665879
566 8.88432142212
567 8.5368703908
568 8.91392035595
569 9.20970482552
570 8.84103665654
571 8.83098509305
572 8.62174676254
573 8.76403800389
574 8.14901141893
575 8.42365372179
576 8.92373171355
577 8.67312475531
578 8.23296373843
579 8.9187906013
580 9.38265319652
581 9.39114947486
582 8.99497849365
583 9.07379825049
584 9.25884135246
585 9.16266458737
586 9.05008515031
587 9.80602984959
588 9.52162472307
589 9.76285065887
590 10.2131946934
591 9.57511166015
592 9.54539995676
593 9.20670729369
594 9.19377977878
595 9.13001786912
596 9.38314527182
597 9.46498952047
598 9.75314863187
599 9.48368244972
600 9.47363566223
601 9.63442275696
602 9.18373561519
603 9.46266001064
604 8.97993876086
605 9.13858222447
606 8.57812502958
607 8.56722711376
608 8.3756055081
609 8.59856611395
610 8.38162567847
611 9.12536945155
612 8.97254164451
613 9.40382490671
614 9.39599688049
615 8.94684705249
616 9.27178927136
617 9.23007566375
618 9.86885093113
619 9.46969849869
620 9.37496156225
621 9.63978821825
622 10.0201595894
623 9.48732907557
624 9.8725787912
625 10.2676962655
626 9.74658167921
627 9.64835399447
628 9.47503928537
629 9.47729633983
630 9.68876888359
631 9.52270006506
632 9.23320064052
633 8.83664252722
634 8.4085228905
635 9.01990216753
636 8.92622433912
637 8.62477625332
638 8.66015254196
639 8.60246976482
640 8.78248942509
641 8.99857336924
642 8.41199934624
643 8.43797401827
644 8.50038749695
645 8.72726966657
646 9.32866224231
647 9.58961803142
648 8.96201806476
649 8.7602023729
650 9.02669810724
651 8.96485702545
652 8.86962279471
653 9.25521382856
654 9.12864929724
655 9.81938259551
656 9.10887238001
657 9.35930158914
658 9.83302702534
659 9.49059166685
660 9.69281725364
661 9.31002887334
662 9.13708733824
663 8.8397330796
664 8.88169847381
665 8.97451790952
666 8.3046229212
667 8.71800677532
668 9.02497931302
669 8.62465927202
670 8.40491823947
671 8.17692404875
672 8.66153879577
673 8.29079895797
674 8.6054630301
675 8.73035775604
676 8.89069043473
677 8.64900448251
678 9.59684810436
679 9.66535158018
680 10.1345325379
681 10.602246864
682 10.662345654
683 10.2807594752
684 9.62988559237
685 9.73663166368
686 9.8666618214
687 10.2722125064
688 10.9659615727
689 10.5568688949
690 10.6303299987
691 10.4451522478
692 10.3310254333
693 10.9449376628
694 11.2549458488
695 10.8680701206
696 10.6219314491
697 10.9224983282
698 10.8499587894
699 10.6980934771
700 10.4570270756
701 10.4530854647
702 10.8940097932
703 15.1089099493
704 10.34027928
705 10.5219892263
706 10.556611046
707 10.7694115188
708 11.1239079459
709 15.2686764415
710 10.9991213649
711 10.9890340201
712 10.843322822
713 10.5279541817
714 10.6934217589
715 10.4490355655
716 10.480748592
717 10.9012552059
718 10.7097154446
719 10.4768777795
720 10.1994046109
721 10.2330435981
722 10.3693012595
723 10.6222317517
724 10.558300233
725 10.8193000646
726 10.4422172001
727 10.1318724228
728 10.2003705328
729 9.64433420731
730 10.3883902178
731 10.7717035576
732 10.4420436146
733 10.2627687112
734 10.94644523
735 11.1969920719
736 15.6181406163
737 15.4303777025
738 15.1391347322
739 15.3798263557
740 15.6225736635
741 15.2372826915
742 14.9817311272
743 11.0397822849
744 15.0453842845
745 14.4246984458
746 14.1539287564
747 14.0327382014
748 13.5641821375
749 13.5941355251
750 13.1275025198
751 12.8001208292
752 12.8471299341
753 12.5704010214
754 12.7576051272
755 12.8426619749
756 12.6168634354
757 12.3958772073
758 12.1518531506
759 12.1992352522
760 12.8158523412
761 12.2117345043
762 11.6762100636
763 12.171609976
764 12.4277538829
765 12.0229886802
766 12.1427557853
767 12.0213383971
768 11.89962975
769 12.1378590807
770 12.63268131
771 13.1147589052
772 12.9263827671
773 13.1668562894
774 13.6238588767
775 13.7556749313
776 13.753160698
777 13.4297374579
778 13.7518560596
779 13.90417055
780 14.8175106159
781 14.6269795988
782 13.9065076424
783 14.0140610091
784 14.1644541004
785 14.8550173659
786 14.7310339795
787 15.1326283872
788 14.7446519642
789 14.6944989836
790 14.6322833325
791 14.9279040046
792 9.95937115985
793 10.0914697747
794 9.99376315215
795 9.84013280402
796 9.8146463141
797 9.61582619443
798 9.95128358956
799 10.5581588198
800 10.329485935
801 10.5603037953
802 9.86258393921
803 9.77101390442
804 10.4195589061
805 10.5123523236
806 10.2339027812
807 10.7263053385
808 9.96155323861
809 10.4842704985
810 10.7236895742
811 10.853369442
812 11.1171224285
813 11.6170064568
814 16.2139680497
815 11.9285323385
816 12.1079918296
817 11.3100267242
818 10.9809813767
819 15.1638678093
820 11.1579379854
821 10.896391183
822 10.707082833
823 10.1589723555
824 10.4712847752
825 10.5995170063
826 10.4829538363
827 10.6609283909
828 10.6503417634
829 14.8582568751
830 14.8119762848
831 10.9976389131
832 11.1192825935
833 10.8751290217
834 15.0613089304
835 10.6738204996
836 10.532647835
837 10.5091547717
838 10.6575142895
839 10.6760447338
840 10.8196576368
841 11.1477957307
842 10.4048887148
843 10.4924278774
844 10.1766288687
845 9.72926428881
846 10.2138754504
847 10.0780650938
848 10.072304689
849 10.5822180476
850 9.88528232136
851 10.1768433165
852 9.95079141999
853 9.56211764022
854 10.0806934667
855 9.9401185212
856 10.1457260696
857 10.8134860217
858 10.2160298705
859 10.180203473
860 10.553219901
861 10.4616229615
862 11.1642438379
863 11.0394245798
864 11.0485941988
865 11.0840729096
866 11.1141585636
867 10.8912435721
868 11.6307242017
869 11.6696696739
870 12.0647910342
871 11.8582632463
872 11.7399883586
873 12.4131586717
874 12.0829490273
875 11.8881523711
876 12.011668727
877 11.9621565104
878 12.1580747492
879 12.5333787883
880 12.4252174483
881 12.5825944147
882 17.1184572051
883 12.8315115761
884 12.4754107845
885 12.1577282753
886 12.5643819616
887 16.9424607952
888 16.8572759676
889 16.2637330273
890 16.4643624097
891 13.0136392496
892 13.6680534499
893 13.6299813008
894 13.7635932707
895 13.6628849633
896 13.6069848061
897 13.4757137865
898 12.7937762352
899 12.9006640521
900 13.1670495347
901 13.1643303801
902 12.8679156024
903 12.3224742976
904 12.6902120443
905 12.7642641386
906 12.6723161426
907 12.4116607527
908 13.1535616002
909 13.2395505696
910 13.0577684853
911 17.2695447477
912 17.3878561792
913 13.2430727326
914 13.8123144696
915 13.700052351
916 14.3896904088
917 14.4354973714
918 14.2307648707
919 13.945887175
920 14.3449496919
921 13.9656270247
922 13.8187470562
923 13.4593566061
924 13.8615284421
925 14.3037663188
926 14.0350431661
927 14.2171473184
928 14.1008418042
929 14.2512697704
930 14.2778381551
931 14.0850676916
932 14.1092471056
933 14.1535110474
934 14.6125020015
935 14.056002249
936 14.0764390101
937 13.7770548462
938 14.1512469517
939 13.3583622976
940 13.8967437195
941 13.6815069486
942 13.3331043646
943 13.1564930618
944 13.3022552831
945 13.7877345178
946 13.9338432358
947 14.1023484371
948 13.6479660779
949 13.2241066341
950 14.0715752531
951 14.5741654859
952 14.2080317101
953 13.6507486362
954 14.2456231366
955 14.6229971518
956 14.1692073357
957 13.9158528898
958 14.3919369205
959 14.0378650481
960 14.0452179828
961 14.3530046571
962 14.3551263591
963 13.7234033276
964 13.3689802459
965 13.579798937
966 13.7849192207
967 14.5145139131
968 14.3235709375
969 13.8871869162
970 14.111185733
971 14.2790459603
972 14.375660784
973 14.2599332708
974 14.0508217984
975 14.2856038226
976 14.1929709376
977 14.7544456682
978 14.3191523682
979 13.7076165715
980 13.6832254558
981 13.5097924739
982 13.9130535548
983 13.7485545607
984 13.7319848941
985 13.6135679964
986 14.130605331
987 14.241101396
988 14.8713212985
989 14.4426635596
990 14.6491383568
991 14.4518958063
992 14.7282975209
993 14.0910003818
994 14.1816682425
995 13.5790552226
996 14.0109818004
997 13.8029919959
998 13.6142662863
999 13.3888616246
