0 0.0
1 -0.0415968221146
2 0.157763622411
3 0.148159854238
4 -0.0382777164913
5 -0.00491374397069
6 0.179674279988
7 -0.0264106434262
8 -0.00442931181933
9 -0.0985402938516
10 -0.11966589509
11 -0.182348090264
12 -0.191636963109
13 0.00496946609452
14 -0.111427259128
15 -0.366050034916
16 -0.18998879267
17 -0.34945447999
18 -0.347472860196
19 -0.103635003774
20 -0.221877712349
21 -0.137504752343
22 -0.321442908244
23 -0.144887486175
24 -0.0414772690533
25 -0.273045551177
26 -0.218056513712
27 -0.240475935338
28 0.0660944220274
29 -0.179092152256
30 -0.170447250727
31 0.133296976293
32 0.00808366898166
33 -0.121785597968
34 -0.142407201352
35 0.0752380401278
36 -0.0579902240223
37 0.330722445407
38 0.0275798366854
39 0.0536304687182
40 -0.0214377925222
41 -0.0864932206799
42 -0.0325764815992
43 0.127804372095
44 0.188863442206
45 0.0913246094147
46 0.0753652271087
47 0.203403465323
48 0.358441008768
49 0.151501592273
50 -0.161705536794
51 0.139408600973
52 0.144693516646
53 0.203322955125
54 0.199284985885
55 0.188549420133
56 -0.0453367617692
57 0.0219439319119
58 0.0299757243984
59 0.0789955237816
60 0.339780458831
61 0.146423303107
62 0.392629988205
63 0.113191099515
64 0.388827212278
65 0.119936771342
66 0.277672136626
67 0.180175318328
68 0.389209272522
69 0.193561805527
70 0.352936862477
71 0.170157990228
72 0.214153444809
73 0.436929151885
74 0.34107813389
75 0.523288125207
76 0.43569234158
77 0.225174583953
78 0.332493530575
79 0.25823674816
80 0.373522737515
81 0.217081281794
82 0.565933002411
83 0.517126546753
84 0.281954854834
85 0.417882088858
86 0.358893653863
87 0.570061413209
88 0.856482102273
89 0.432589441075
90 0.70953434681
91 0.291701685298
92 0.257791671982
93 0.219105740285
94 0.159706460017
95 0.230740358673
96 0.0384512283309
97 -0.0641196733458
98 -0.0962496253467
99 0.145895953581
100 0.204252550538
101 0.150322857846
102 0.123292260098
103 0.155929637933
104 0.0963303828226
105 0.387328520093
106 0.214056056519
107 -0.149886279524
108 0.184306206768
109 0.169419088042
110 0.331052989827
111 0.493857760861
112 0.441126623668
113 0.453217102698
114 0.427179915325
115 0.116292688098
116 0.432845447277
117 0.410599454887
118 0.300944611898
119 0.380320597713
120 0.145722386162
121 0.174255502383
122 0.467116945228
123 0.0113414658638
124 0.101946241595
125 -0.00203444544415
126 0.0906058246631
127 0.0533539772342
128 0.094512183059
129 0.397558253775
130 0.430647777542
131 0.639902178929
132 0.58228902756
133 0.569076237468
134 0.623711517152
135 0.363545378755
136 0.380839367019
137 0.42769653238
138 0.66234708242
139 0.416944250384
140 0.560905798291
141 0.661036866781
142 0.258635081277
143 0.227391732924
144 0.193942854733
145 0.078795836999
146 0.197616008751
147 0.409961031544
148 0.0975504006011
149 -0.177706222175
150 0.0707847239288
151 0.185932149982
152 0.0907100433387
153 0.242540697774
154 0.301988762555
155 0.572374151791
156 0.36741113024
157 0.436278657728
158 0.479204176919
159 0.124258486181
160 0.242541640983
161 0.0407546191449
162 0.113696779182
163 0.237545431848
164 0.12499757373
165 0.112874869101
166 0.418771867141
167 0.580619768669
168 0.168444099368
169 0.136779046473
170 0.32319313972
171 0.152924357519
172 0.394017946098
173 0.181912339721
174 0.181070903098
175 0.220335210292
176 0.400960558244
177 0.173689360175
178 0.331796304414
179 0.505607106336
180 0.276457731288
181 0.465431452958
182 0.447617548403
183 0.462269342383
184 0.578654201034
185 0.366489922026
186 0.282799381215
187 0.691460825887
188 0.643065186072
189 0.518894635294
190 0.370139342204
191 0.325800798336
192 0.178710151871
193 0.303599600588
194 0.363382385802
195 0.208252867454
196 0.621511135303
197 0.37413511616
198 0.169046613577
199 0.386185127238
200 0.296622445674
201 0.457648661696
202 0.53633386352
203 0.531729344051
204 0.531127252948
205 0.404782733701
206 0.843059400665
207 0.78323599722
208 0.5868959145
209 0.394653441289
210 0.328079570614
211 0.203058820466
212 0.464359752561
213 0.337000936059
214 0.133393008044
215 0.405628774346
216 0.565196898143
217 0.274284590222
218 0.190448406192
219 0.458866745484
220 0.481070949872
221 0.212827239945
222 0.453447098137
223 0.416850418135
224 0.540984786456
225 0.145505004008
226 0.419930371153
227 0.381123665542
228 0.199773812279
229 0.333320041428
230 0.28241171476
231 0.552165238305
232 0.431881327785
233 0.414510352969
234 0.291412268914
235 0.353523022619
236 0.141968593525
237 0.408247457449
238 0.428291488545
239 0.288582573393
240 0.249934742539
241 0.362930884445
242 0.532783555158
243 0.276967269784
244 0.77464233936
245 0.60512343412
246 0.568726384127
247 0.494597278877
248 0.736364723162
249 0.631665523662
250 0.652752290794
251 0.88232433918
252 0.589480783025
253 0.511936512273
254 0.575387996624
255 0.494426316129
256 0.421469735613
257 0.719140216037
258 1.09911954179
259 0.916878264584
260 0.658947099564
261 0.587116296294
262 0.884132462184
263 0.993747714594
264 1.25084462759
265 0.740171437076
266 0.813165612724
267 1.48909806991
268 1.00356015154
269 1.41340308736
270 1.28294663006
271 0.91471942397
272 1.27162297841
273 1.08850131977
274 1.0771639459
275 0.965081444393
276 0.995492873898
277 0.810102417043
278 0.87347424548
279 0.774661895326
280 1.06654597617
281 1.1645658086
282 1.05883560257
283 1.28591482761
284 1.39023855964
285 1.10075552752
286 0.927590345421
287 1.2430276002
288 1.42084213482
289 1.34482610133
290 1.10411002125
291 1.14849646304
292 1.04883713801
293 1.28874000723
294 1.06497173801
295 1.13240766717
296 1.27640909251
297 1.03180732784
298 1.22104640777
299 1.5443521708
300 1.38765644713
301 1.6082612725
302 1.71107207634
303 1.52496947926
304 1.5812651638
305 1.45943141813
306 1.70797051833
307 1.90873638789
308 1.68335345918
309 1.33978749032
310 2.08987783656
311 2.22345206606
312 2.48650901516
313 2.66951458548
314 2.58410427579
315 2.84545911421
316 2.1089851323
317 1.84219349452
318 1.87779177527
319 1.85958476581
320 2.37737983066
321 2.1514355975
322 2.44087298989
323 2.39198031804
324 2.27756825051
325 2.01255916039
326 2.68854989943
327 2.441083611
328 2.36766213563
329 2.10648564244
330 2.44545299781
331 2.49358702245
332 2.50452301385
333 2.90899498776
334 2.57396857835
335 2.52628682934
336 2.67212292879
337 2.77081389554
338 2.7578454315
339 2.57663119979
340 2.48728699809
341 2.02406439115
342 2.44098716324
343 2.7329052628
344 2.45016326865
345 2.50663512937
346 2.85138946765
347 2.36996036123
348 2.50176638995
349 2.33538101312
350 2.54679565955
351 2.68430709945
352 2.92860270122
353 2.627943488
354 2.57976563175
355 2.73699732558
356 2.79746635462
357 2.82191207748
358 2.41035612678
359 2.75494997329
360 2.38137895995
361 2.62762587582
362 2.40490299256
363 2.54188028637
364 2.67346283418
365 2.69273734746
366 2.39962925059
367 2.65226411686
368 2.51492041026
369 2.54686170005
370 2.61800706676
371 2.76145367322
372 2.54207366505
373 2.53513274575
374 2.38957616788
375 2.95157145723
376 2.68997156793
377 2.77534762615
378 2.8700469949
379 2.85131795087
380 3.00074231127
381 3.15700343854
382 2.77602061604
383 2.53831033589
384 2.66417703273
385 2.75581227047
386 3.21844068256
387 2.63404860298
388 2.6612859127
389 3.11011523944
390 2.79255834998
391 2.97439544341
392 3.59149032881
393 3.59175632299
394 3.20291628534
395 2.76142346567
396 3.20352150963
397 3.36040237538
398 3.25354337213
399 3.59351182453
400 3.55402033937
401 3.48452636781
402 3.12246410349
403 3.55499007689
404 3.86297593503
405 3.78038780319
406 4.00696245871
407 3.64705528823
408 3.39686520338
409 3.59814923201
410 3.46679550889
411 3.95974456854
412 3.90847119587
413 3.53501224557
414 3.6125606292
415 3.66532512643
416 3.70612425301
417 3.61393726856
418 3.87585199862
419 3.73328629148
420 3.77344505341
421 3.43380097424
422 3.68472539943
423 3.53896718421
424 3.69533289482
425 3.3290641756
426 2.83281370581
427 3.51781883381
428 3.34511833704
429 3.64978952914
430 3.32087878853
431 3.57403405815
432 3.91260755071
433 3.59137970151
434 3.47105661176
435 3.72771556339
436 4.13302179522
437 3.77935611988
438 3.88443723799
439 4.13289863341
440 3.77328906925
441 3.94779828209
442 4.24776569803
443 4.67019971659
444 4.0727824685
445 4.06293414422
446 4.40222129708
447 3.75860216649
448 3.70385542614
449 3.77830020773
450 3.74827098885
451 3.57814332103
452 3.85098230141
453 3.83534036988
454 3.99462370577
455 3.67671786566
456 3.87814588715
457 3.89821319403
458 3.88882460921
459 3.88108488565
460 3.36792833362
461 4.07672120155
462 3.90431510503
463 3.79277309047
464 3.96339184653
465 3.86832932354
466 3.05186279194
467 2.86505659998
468 3.30394238731
469 3.37996982481
470 3.74371006168
471 3.40179617549
472 3.67136305657
473 3.52432925573
474 3.75993384523
475 3.31868053251
476 3.48138190413
477 3.37428657167
478 3.78802677646
479 3.70919095144
480 3.61527422875
481 3.46831051297
482 2.70282055664
483 2.91626556708
484 2.86265706693
485 3.25950229693
486 3.46219801102
487 3.33732120511
488 3.36923992881
489 3.61829995777
490 3.91737727168
491 3.99222112827
492 3.74613649671
493 4.09444673155
494 3.94427639999
495 3.95729893596
496 3.83836791575
497 3.86432769445
498 3.85477482712
499 3.55408092245
500 3.85762744524
501 3.86431444631
502 3.6966010904
503 3.74779824767
504 3.80892043369
505 3.68525954632
506 3.54325237371
507 3.78476943136
508 4.07706840142
509 3.83846915501
510 4.03785159293
511 3.51130715673
512 4.03280995021
513 3.91137263185
514 3.74995702036
515 4.03600565222
516 3.56151094821
517 3.82416849091
518 3.51221834905
519 3.43081470987
520 3.18204139497
521 3.47231031597
522 3.6566577287
523 4.24490989904
524 3.32942546079
525 3.89897851184
526 3.77344904157
527 3.7406887464
528 3.43918515847
529 4.10135819746
530 3.9569509802
531 3.6516379097
532 3.83524977405
533 3.65281397976
534 4.00153789663
535 3.70496279579
536 4.00748297895
537 3.80914158453
538 3.59804722088
539 3.54775250166
540 3.47966180088
541 3.4479899611
542 3.54197351822
543 3.45203980272
544 3.88443626356
545 3.5856920439
546 3.3053131783
547 3.77556685463
548 3.59924759203
549 3.42206835948
550 3.52222068937
551 3.84429075968
552 3.7070321217
553 4.0055348285
554 4.01332030218
555 3.66539338433
556 3.81989779838
557 4.11440717764
558 3.95502365384
559 3.80809068633
560 3.78223779827
561 3.44310009419
562 3.36984407736
563 3.25539780152
564 3.20849355394
565 3.22069083918
566 3.41364197884
567 3.44352468499
568 3.22879175648
569 3.12214997266
570 2.86904462721
571 2.7029966866
572 2.48330467599
573 2.37829728748
574 2.87174312846
575 3.44440357228
576 2.79578354434
577 3.22911461724
578 2.87312233215
579 2.85248516912
580 2.89619226693
581 3.02038704416
582 3.75220487216
583 3.53601221841
584 3.17452468037
585 3.34718930984
586 3.55071391249
587 3.04698649401
588 3.0665364184
589 3.48570538199
590 3.51910939422
591 3.05339408814
592 2.63821937184
593 2.53247490462
594 3.0032708397
595 3.34348633198
596 3.67340368608
597 3.30214399589
598 3.42704285431
599 3.45117556147
600 3.19759191856
601 3.5919339605
602 3.42077536829
603 3.5317986399
604 3.79344223926
605 3.75911643222
606 3.72947381107
607 3.99372329782
608 3.75488583339
609 3.79847836339
610 3.52960077834
611 3.61099671939
612 4.09222056843
613 3.84578422535
614 3.81968400653
615 3.70877012393
616 3.52360394607
617 3.73867668619
618 4.28390648752
619 4.17052811454
620 3.96543391333
621 3.81148663405
622 3.54524235687
623 3.68501828494
624 3.63853957855
625 3.70938175774
626 4.21343628264
627 3.94367348141
628 3.8193453116
629 3.83745356288
630 3.9006519916
631 4.01993961441
632 3.49132549621
633 3.15988649037
634 3.73658674112
635 3.28468755964
636 3.53386528811
637 3.84184441378
638 3.47754064881
639 3.76454101132
640 3.5540997132
641 3.80770584992
642 3.19885033428
643 3.49516582342
644 3.42706473318
645 3.5750520862
646 4.01041809409
647 3.79630310267
648 3.69522603725
649 3.5666555986
650 3.34792946949
651 3.83209841448
652 3.79122409885
653 4.04489579498
654 3.79425953473
655 3.87809381198
656 3.78223307312
657 3.31725580385
658 4.04408204013
659 4.04654685674
660 3.59278529945
661 3.82554177809
662 3.87635469059
663 3.89286714516
664 4.25686551129
665 3.53324068619
666 3.45809784707
667 3.95096129446
668 4.09522504066
669 3.84045451591
670 3.78349455969
671 3.56219803569
672 3.62366680522
673 4.07164171892
674 4.27272511899
675 4.53775863025
676 4.9726732076
677 4.87149477121
678 5.45174963627
679 6.12487614837
680 5.72268968028
681 5.1881518211
682 5.06704162835
683 4.86198904758
684 4.67065784985
685 4.43655352335
686 4.17778596363
687 4.31079683062
688 4.7293273939
689 4.4634385819
690 4.01607856637
691 4.63060033137
692 4.56247909386
693 5.36431157511
694 5.01792220375
695 5.25401956537
696 5.61866088623
697 5.52319982585
698 4.97678748861
699 5.11141026957
700 5.28443096699
701 4.67925460236
702 4.82799721283
703 4.58701709298
704 4.62106272749
705 4.66171728776
706 4.69848354928
707 4.78438787382
708 4.64102154213
709 4.91211795066
710 4.98448233396
711 4.92859595352
712 5.28129772289
713 4.83413839483
714 5.01659727357
715 4.85817855851
716 4.43467048082
717 4.92043916546
718 4.84713110065
719 5.02707949784
720 5.11007043945
721 4.93609916684
722 4.86600584005
723 5.12059692846
724 5.13053220976
725 5.02302153724
726 5.29016464665
727 5.01126419811
728 4.87224828172
729 4.42267867896
730 4.459557375
731 4.515506331
732 4.5312299721
733 4.5117458107
734 4.38823917416
735 4.89296147595
736 4.91519866582
737 4.94908948869
738 4.67181845807
739 5.01666677476
740 4.7487771243
741 4.65022878692
742 4.54001581878
743 4.02714894412
744 3.81656327196
745 4.26378248315
746 4.49617167682
747 4.61619509743
748 4.30082294004
749 4.27580458924
750 4.54721070452
751 4.83775225197
752 4.60154753767
753 4.41453413736
754 4.81497964116
755 4.52587943928
756 5.03165572439
757 4.93370503225
758 4.64114450547
759 4.68038136606
760 4.74439553406
761 4.04720963736
762 4.15582950383
763 3.94037990255
764 3.67855469884
765 4.27333917745
766 4.21628513238
767 4.18243326605
768 4.47803321115
769 4.14434599851
770 4.4671670288
771 3.95212396527
772 3.70154180115
773 4.2586006863
774 4.52486928213
775 4.29177624443
776 4.11519562182
777 3.60114018861
778 3.35655246998
779 3.63248807868
780 3.77196380934
781 4.02071427279
782 3.74732932249
783 4.56052917734
784 3.93590965114
785 4.13896587852
786 4.58737397677
787 4.70308883885
788 4.64075084164
789 4.16161988763
790 3.80768300606
791 4.19171266808
792 3.96651485112
793 3.9420780099
794 3.82119511514
795 4.99935073207
796 4.80758287995
797 5.29472758767
798 4.78191175877
799 4.9059183846
800 5.06701478868
801 4.58915851805
802 4.28270301777
803 4.20518551124
804 4.63197472738
805 4.80485063098
806 4.71350071482
807 4.98998136553
808 4.61537775255
809 4.39150523624
810 4.83056734562
811 4.32829536751
812 4.52182462267
813 4.65451076497
814 4.35689083907
815 4.40984103174
816 4.54808464391
817 4.70059699997
818 4.66652630433
819 4.94707989636
820 5.14625975114
821 4.59649261444
822 4.55162223169
823 4.53103418216
824 4.42697842345
825 4.98032331482
826 5.15741647814
827 4.91581943427
828 4.9468383961
829 5.0275306104
830 4.86997062505
831 4.62730328389
832 5.0534300459
833 4.95704833419
834 5.48499884429
835 5.62073398886
836 5.52789418281
837 5.66309763824
838 5.42379663055
839 5.43752480484
840 5.25037252927
841 5.07447271196
842 4.8700371668
843 5.08830311735
844 4.57638375359
845 4.83013142459
846 5.62187589679
847 5.31974886746
848 5.25396308215
849 5.44555315995
850 5.43215402324
851 5.72982796332
852 5.40101105765
853 5.44835597745
854 5.7905978993
855 5.32302856227
856 4.99212738733
857 5.40988325294
858 5.27301781448
859 5.43350074334
860 5.41644134014
861 4.98397197306
862 5.15453153143
863 5.24203258375
864 5.35127520434
865 5.11658402261
866 5.20793500788
867 5.38569392512
868 5.5924835875
869 5.83337010915
870 5.98317932541
871 5.41520659988
872 5.55366418271
873 5.37713655223
874 5.2425641176
875 5.60069482794
876 5.04761749212
877 4.76318358506
878 4.60305856952
879 4.47440519052
880 5.04462622545
881 4.84586145764
882 5.28816262959
883 5.13797126598
884 4.74105880389
885 4.51147674023
886 4.69798291537
887 4.8002311986
888 4.1062333053
889 4.27961231716
890 4.4957685558
891 4.85337005618
892 4.51025384759
893 5.13834454686
894 4.91179625272
895 4.95492208143
896 5.00337013362
897 4.50317682719
898 4.5636734857
899 4.42161153845
900 4.98492899854
901 4.86350177743
902 4.37418839476
903 4.41108605299
904 4.80939371475
905 4.27232919225
906 4.43681947404
907 4.56338500579
908 4.51613770324
909 4.42040380039
910 4.48055403188
911 4.22972246151
912 4.38296653711
913 4.40019523418
914 4.45103059028
915 4.26879851033
916 4.51752108634
917 4.77891874323
918 4.83512835381
919 5.22447414086
920 5.43365390962
921 5.21310044117
922 5.16323275786
923 5.58213847017
924 5.14078951291
925 5.41313672388
926 5.57001644413
927 5.41885767675
928 5.50309770312
929 5.56796476328
930 5.75464678426
931 5.91948359007
932 5.49905362044
933 5.12886906099
934 5.36085874866
935 5.42851637565
936 5.54842098227
937 5.57923174505
938 5.79409317825
939 5.5732103776
940 5.38906582374
941 5.55947228618
942 5.39430420807
943 5.75739200076
944 5.37232798901
945 5.17418815643
946 5.21326896731
947 5.2371338685
948 5.09110061071
949 5.28718213555
950 4.97259983798
951 4.7557797714
952 4.74440843869
953 5.06903893288
954 4.95937849514
955 5.0623250452
956 5.24982516316
957 4.93040661604
958 4.80041110571
959 5.59993953282
960 5.91193827459
961 6.35901079527
962 6.20125779705
963 5.9296701387
964 5.84273018665
965 6.51879733646
966 6.11952360717
967 6.59122832833
968 6.56183081555
969 6.11922700281
970 5.81263064607
971 5.74533965514
972 5.90327908418
973 6.07067136135
974 5.87248246147
975 6.27005838739
976 6.07659521925
977 5.9764814273
978 5.99164959016
979 5.55824542415
980 5.83070972154
981 5.6839285086
982 5.52931009654
983 5.32085096928
984 5.03083273399
985 5.04843684965
986 5.07433266177
987 4.74581324042
988 4.98714514828
989 4.92115517617
990 4.94657648589
991 5.61006645662
992 5.9015675517
993 5.89517150656
994 5.57221094352
995 5.48199031149
996 5.54415178701
997 5.78043250828
998 5.50974681844
999 5.70403896606
