0 0.0
1 0.0918896278336
2 -0.225942504645
3 -0.0462331842828
4 -0.174743822868
5 -0.407514139697
6 -0.177201748031
7 -0.056010284422
8 -0.132204809142
9 -0.451986825226
10 -0.502177638315
11 -0.29261131318
12 -0.248845578096
13 -0.194394750505
14 -0.178737643528
15 -0.531723188757
16 -0.323419792808
17 -0.380790325657
18 -0.264188528409
19 -0.378291573793
20 -0.224056423967
21 -0.0502999170561
22 -0.33445709415
23 -0.214171701763
24 -0.282304489668
25 -0.0812387207643
26 -0.225004755935
27 -0.297638401472
28 -0.360773773414
29 -0.299809454514
30 -0.0244576154773
31 -0.40875616679
32 -0.00192509173445
33 -0.441899673585
34 -0.140838069735
35 -0.121394036463
36 -0.0428940335766
37 -0.116265708996
38 -0.176436721246
39 -0.292419273148
40 -0.337784853961
41 -0.359638758626
42 -0.622885900967
43 -0.378072506754
44 -0.156462143145
45 -0.362522342732
46 -0.466925384835
47 -0.0873920941474
48 -0.00464266584405
49 -0.0896416574591
50 -0.20727914775
51 -0.400324417852
52 -0.156060863887
53 -0.335623837968
54 -0.211882801899
55 -0.213797830272
56 -0.0738945743351
57 -0.207284424928
58 -0.347902994071
59 -0.235906209114
60 -0.0649526073606
61 -0.201314394365
62 -0.0535636445872
63 0.00994361252897
64 -0.301307024846
65 0.0780998260412
66 -0.0227227723494
67 -0.306413030205
68 0.0236354930277
69 -0.00751751003561
70 -0.176855218093
71 0.0363662715041
72 0.157016720443
73 0.176067306052
74 0.357271031147
75 0.438719556166
76 0.13177212931
77 0.0713007746188
78 0.11537772864
79 0.124026584429
80 0.0869234558444
81 -0.176289984589
82 -0.0328114234946
83 -0.106884328305
84 0.00407712913965
85 -0.0478377007487
86 -0.0160072098385
87 -0.0571566419161
88 0.169412854239
89 0.1630927965
90 0.328015547478
91 0.426414893291
92 0.246498789368
93 0.363875116732
94 0.16547179509
95 0.118028194809
96 0.135501698077
97 0.126732830168
98 0.0565693377482
99 -0.0676357136449
100 0.0326019681045
101 0.0450275081864
102 0.365028150455
103 0.45612873782
104 0.337212550702
105 0.248978348062
106 0.0103223195602
107 0.226194480938
108 0.262651344795
109 0.216445958419
110 0.0451182195599
111 -0.138666995542
112 -0.0926449636262
113 0.135918214656
114 -0.0749872592445
115 0.0311237911994
116 0.238405256767
117 -0.17017617159
118 -0.244657778779
119 -0.00896260537461
120 -0.0945638448659
121 -0.463270569822
122 -0.160983800609
123 -0.172077618242
124 -0.0603933134494
125 -0.0279764539644
126 0.12955201916
127 0.0688868785955
128 -0.0589851715034
129 -0.0275615844179
130 0.000378454648054
131 0.132401537298
132 0.000442193524002
133 0.103363370289
134 0.0876922338978
135 0.0550202403952
136 0.0678216685414
137 -0.119409205812
138 -0.0406771063366
139 -0.00996486078601
140 0.10854525785
141 0.244932840673
142 0.230718076163
143 0.0344358495693
144 -0.146396145004
145 0.0209844430166
146 0.102360336714
147 -0.0663447054543
148 0.1614057155
149 0.148607854314
150 0.108554529707
151 0.347917586616
152 0.15041031965
153 0.0148669448551
154 0.102120281981
155 -0.00491870929826
156 -0.00962549635861
157 -0.0513738509702
158 0.243396809757
159 0.231985429746
160 0.308540941802
161 0.188826758731
162 0.288478463429
163 0.268191529042
164 -0.0208828228288
165 0.177830927216
166 -0.114529536573
167 -0.168245795769
168 0.105594805231
169 0.29605352937
170 -0.159705222182
171 0.255584384677
172 0.144542951054
173 0.354591534891
174 0.406469530949
175 0.379705490682
176 0.16412432343
177 0.273681628759
178 0.33695357135
179 0.14081966824
180 0.165559144202
181 0.073764561081
182 0.526601761611
183 0.34006492756
184 0.0519360183981
185 0.24991146937
186 0.439841401492
187 0.340598386551
188 0.576630377148
189 0.288807966613
190 0.344664801139
191 0.445862848017
192 0.418598668669
193 0.398385718789
194 0.598694217451
195 0.409470829178
196 0.43665642467
197 0.260682015796
198 0.637244027281
199 0.500761689064
200 0.620060930334
201 0.967513643958
202 0.870614559343
203 0.679109069521
204 0.771449011263
205 0.847362044773
206 1.20257147633
207 0.836605599541
208 0.864865697771
209 1.06584438678
210 0.871995564105
211 1.00115187948
212 0.886678478616
213 0.721383810473
214 1.10071664149
215 0.662194229242
216 1.0546598933
217 0.669794377274
218 0.765999348062
219 0.679271961106
220 0.728368140992
221 0.650092120801
222 0.397717886431
223 0.762245820473
224 0.328044084204
225 0.671055111564
226 0.482402731796
227 0.561513470959
228 0.447280792699
229 0.662644412147
230 0.843618991589
231 0.738549899857
232 0.612011557262
233 0.761850618965
234 1.03673409044
235 1.15411208395
236 1.28281945963
237 1.32548776996
238 1.08734417212
239 0.847330162954
240 1.39280666707
241 1.33858533785
242 1.56932922959
243 1.19829833297
244 1.34783066845
245 1.44638122813
246 2.03946994996
247 2.06756566157
248 2.14939522973
249 2.17547106572
250 2.1795992213
251 1.87503300298
252 2.05395169337
253 1.9391378549
254 1.78319836019
255 1.93826557853
256 1.76857767895
257 1.91875969998
258 1.906727327
259 1.95992608677
260 2.14743418296
261 1.92665946285
262 2.13049209563
263 2.20782638018
264 2.36242498166
265 2.18011373776
266 2.08393693845
267 1.87142615268
268 2.11173218573
269 2.22378316887
270 2.18162653554
271 2.30455954067
272 2.64623896229
273 2.6162809234
274 2.29481290276
275 2.33348201729
276 2.41724143376
277 2.56816054836
278 2.23514036433
279 2.49416566755
280 2.18250909356
281 2.58159975325
282 2.62418342701
283 2.24935793175
284 2.2661297827
285 1.76236767641
286 2.56611774099
287 1.95026328567
288 2.05750738526
289 1.79939633004
290 2.20178342272
291 2.08522589672
292 2.30338105324
293 2.22461293128
294 2.30318109283
295 2.10172968487
296 1.95222260094
297 1.94233361981
298 2.13202027431
299 1.90564494725
300 2.09987897983
301 1.80986521293
302 1.88563302361
303 1.71073763237
304 2.02364695145
305 2.41269796656
306 2.77467589175
307 2.26153190053
308 2.70964899803
309 2.55153628633
310 2.59325794672
311 2.71567094298
312 2.6737871554
313 2.41093041587
314 2.68258872483
315 2.76058621781
316 2.83231441652
317 2.94805993794
318 2.51419583075
319 2.24095076177
320 2.50889438809
321 2.15728262202
322 2.51103610871
323 2.3743283323
324 2.0021146523
325 2.33715437807
326 2.31549987381
327 2.02402767438
328 2.59954010155
329 2.87777758021
330 3.04470942584
331 2.93991312848
332 2.56379109167
333 2.25935987693
334 2.02418090315
335 2.55217992922
336 2.40712456462
337 2.50407359408
338 2.55567958869
339 2.78763701748
340 2.53463984789
341 2.63813001583
342 2.69535054778
343 3.03327753666
344 2.48168233689
345 2.42212795619
346 2.64229263423
347 2.36318309127
348 2.27091086956
349 2.25414611525
350 2.3875545704
351 2.23954278496
352 2.32793517525
353 2.41655989271
354 2.44447170943
355 2.60914476991
356 2.85307441227
357 2.79863401417
358 2.61631078808
359 2.51911439521
360 2.36345350286
361 1.86165390537
362 2.22984467123
363 2.06438755954
364 2.32710300724
365 1.85700007357
366 1.97801990142
367 2.24137980436
368 1.80376524799
369 1.73391989976
370 2.03210805096
371 1.801389017
372 1.90885335813
373 2.15423528112
374 2.37345854561
375 2.12172504677
376 2.31472672591
377 2.16880986246
378 2.2482919197
379 2.12975518247
380 2.08449483677
381 2.09225744316
382 2.34286581537
383 1.96854067817
384 1.64820565851
385 2.02709820715
386 1.84531303006
387 2.03106752038
388 2.10758969445
389 1.85377189565
390 1.84703801994
391 1.85276193808
392 1.85838457063
393 2.5798303886
394 2.32927228526
395 2.09528041514
396 2.12846579548
397 1.82911165789
398 2.12208856197
399 1.64902212465
400 1.97235412115
401 1.97822951179
402 2.58803802914
403 2.44881724613
404 2.12753021344
405 2.51290350346
406 2.97337832424
407 2.69636140973
408 2.25034549351
409 1.72850820602
410 2.08943379608
411 1.91986571656
412 2.19255407886
413 2.27754952199
414 1.8706766723
415 2.31166179452
416 2.07201913386
417 2.41979682122
418 2.5888305929
419 2.1739205763
420 2.28526100698
421 2.45163425979
422 2.33570214586
423 2.63625146444
424 2.61996027203
425 2.34818204216
426 2.33744692236
427 2.38867152405
428 2.92750614746
429 2.94749825997
430 2.93208696619
431 2.69576188739
432 2.68359382059
433 2.85849262676
434 2.83679611356
435 2.65639043821
436 2.76551618417
437 2.8808012886
438 2.53051378475
439 2.75680659333
440 2.81211173419
441 2.87458218765
442 2.75547659196
443 2.8729968444
444 2.63354043021
445 2.73650344634
446 2.42157510154
447 2.53172131875
448 2.39218807185
449 2.75961303197
450 2.6712270866
451 3.28857905503
452 3.35313146493
453 3.16223423711
454 3.52140119565
455 3.26097676251
456 3.46903784153
457 3.33435872266
458 3.0440417676
459 2.9756362724
460 2.72331028142
461 2.66827802753
462 2.90207505943
463 2.87367957437
464 2.7986733157
465 2.89213869115
466 2.88087519816
467 3.40647371378
468 3.66426058252
469 3.53326174987
470 3.24108820287
471 3.15787835075
472 3.39015592728
473 3.3554405881
474 3.92578486584
475 3.29800097817
476 3.39095959627
477 4.11771607818
478 3.76248927376
479 3.90280368904
480 3.72091758023
481 3.79304443632
482 3.82272710185
483 3.92573160623
484 3.87427272283
485 4.22186742156
486 3.46602324447
487 3.88337464907
488 3.34473410012
489 2.80789570976
490 2.74064080929
491 3.48008236354
492 3.48410168987
493 3.49057927404
494 3.45551479099
495 3.52505345292
496 3.4888349911
497 3.44812698016
498 3.62415638632
499 3.91128370516
500 4.05041189357
501 4.03670658663
502 4.37577332112
503 4.21134579319
504 3.86208302659
505 4.25574787138
506 3.85821451177
507 3.84279421802
508 4.14602748624
509 4.41651050525
510 4.35731497756
511 4.41709793973
512 5.05518126817
513 5.19966450046
514 4.80674362266
515 4.35085861194
516 4.58636723006
517 5.01952927748
518 5.01764885127
519 4.2968157771
520 4.61748531018
521 4.39045144098
522 4.36134003109
523 4.857479581
524 4.70051883605
525 4.77332508505
526 5.15731755423
527 4.714704273
528 4.84049622791
529 5.26754035046
530 4.93541315962
531 5.11696732281
532 5.03872461958
533 4.79539226448
534 5.20885822622
535 5.11333242514
536 5.16669087114
537 5.18615568205
538 4.68662736708
539 5.26883042787
540 5.26979639278
541 5.59791528143
542 5.20313374679
543 5.1652445018
544 5.07007277848
545 5.01559009211
546 4.93526706899
547 5.19732460234
548 5.02951830643
549 5.15444037976
550 4.81318588709
551 4.64253780122
552 4.97700911222
553 4.70767199304
554 4.39288681028
555 4.52821166192
556 4.34716692441
557 4.22954527575
558 4.42506441427
559 4.24156609882
560 3.90351169568
561 4.3667533698
562 4.16138443308
563 4.12261475927
564 4.15336955718
565 4.30209620783
566 4.55202212313
567 4.70291227182
568 5.21386537747
569 5.34958396718
570 5.00042526105
571 5.03186037632
572 5.31936299267
573 4.61356095739
574 5.20720654074
575 4.75876480438
576 4.76002953434
577 4.62702944954
578 4.66849707011
579 5.06739015042
580 5.11837105543
581 5.15115524547
582 5.19658035855
583 5.08091505455
584 4.76820719519
585 4.99990139383
586 5.10598505226
587 5.34148165392
588 5.46137423507
589 5.77180379149
590 5.60141151669
591 5.77950420801
592 5.24183663341
593 5.76023117939
594 5.65609714401
595 5.22429830609
596 5.50941034766
597 5.69431151856
598 5.78360160355
599 6.21155901079
600 5.89367556442
601 5.9521180674
602 5.8924199869
603 5.75179745342
604 6.07129062261
605 6.15345908783
606 6.43698841703
607 6.01413641428
608 6.00397576028
609 5.94761528929
610 5.70279953775
611 5.48995011639
612 5.93081823999
613 5.50168490199
614 5.54443750263
615 5.58558939107
616 6.1342428872
617 6.21697247204
618 5.80655480324
619 6.10440275287
620 6.1790659124
621 6.13651339409
622 5.80747161808
623 5.47627780936
624 5.7071241438
625 5.38012977295
626 5.03158225505
627 5.05890551234
628 5.32601505354
629 4.95087695723
630 5.11884040055
631 5.18298961893
632 5.38086444201
633 5.60339046226
634 5.74130983467
635 5.88018285239
636 5.96208278506
637 6.10545083796
638 5.77325002555
639 5.52881490122
640 5.69555503784
641 5.65011243098
642 5.37079628148
643 4.9118199704
644 4.57077885135
645 4.80525460303
646 4.96074473691
647 4.86195447535
648 4.75349820613
649 5.04711890844
650 4.75848531874
651 5.31397149948
652 4.87572291781
653 4.55291343223
654 4.62565819882
655 4.55666001718
656 4.5050006576
657 4.87647120466
658 4.96892538148
659 4.61266125226
660 4.80918023311
661 4.74371812565
662 5.0958366029
663 5.14557154148
664 4.75429951713
665 5.07172305652
666 5.68444611411
667 4.99762449628
668 4.89896582252
669 5.25090578055
670 5.3639608913
671 5.20857137302
672 5.25252948098
673 5.43637901013
674 5.01900831037
675 4.42130964275
676 4.71869818498
677 4.7290068644
678 4.96697261528
679 5.09347366722
680 4.9456857339
681 4.75497695253
682 4.69270142953
683 4.43651035069
684 4.55747502891
685 4.86651067442
686 4.32950403532
687 4.1951305157
688 4.95656324466
689 4.72892603221
690 4.84142414096
691 4.47599396271
692 5.02002870365
693 4.83269717645
694 4.66696609175
695 4.92414435466
696 5.01327244904
697 4.60436910017
698 4.78643030855
699 4.5852224203
700 4.78558817902
701 5.19637445377
702 5.31779160929
703 5.22924043249
704 5.04761421971
705 5.29942885571
706 5.27945822115
707 4.93317149365
708 5.45794214036
709 5.53160271613
710 5.53671074658
711 5.72209797242
712 5.66205675725
713 5.72787938816
714 5.7117837881
715 5.93698427205
716 5.46132589124
717 5.23440103215
718 5.29257275421
719 5.28896605742
720 4.91985087097
721 4.7854119445
722 4.93694315751
723 5.04477582279
724 4.91940740024
725 4.80793198641
726 4.62552977455
727 4.6395082836
728 4.98484137011
729 5.43781715763
730 5.36427926027
731 5.24045692425
732 5.14898983627
733 5.33612417776
734 5.35433123697
735 5.2575600429
736 5.5205221705
737 5.8007210291
738 5.35301421644
739 5.35079408637
740 5.8519752172
741 5.99816567965
742 6.15684072211
743 6.25869285243
744 6.02312808169
745 5.82382058412
746 5.90894731529
747 5.63270670869
748 5.41096886897
749 5.70364066
750 6.05294018715
751 5.84226531998
752 5.3667696463
753 5.98471526281
754 5.53424914997
755 6.00891351293
756 6.13474844959
757 6.38162721509
758 6.13400750407
759 6.65694752822
760 6.08972288291
761 5.34336116937
762 5.68768952849
763 5.61050275049
764 5.74904458245
765 5.68720191963
766 5.525027361
767 5.0951716947
768 5.32387005493
769 5.08883284419
770 5.36800917577
771 5.61552513097
772 5.92002237503
773 6.14661340563
774 5.82466096466
775 5.92120029538
776 5.54362625717
777 5.25561147829
778 5.41290653671
779 5.77741514332
780 5.39892422776
781 5.96460938875
782 5.14458020272
783 5.70816084959
784 5.08573057937
785 4.85376922678
786 4.99958947031
787 5.11516241785
788 4.89922404365
789 4.94826496172
790 4.88036700214
791 5.0010397646
792 5.12097173084
793 5.28221071722
794 5.03615981912
795 5.27449189443
796 4.97274258513
797 4.97609597802
798 5.52567047832
799 5.10218264243
800 4.95255332404
801 4.84262035241
802 5.06250940004
803 5.07141061122
804 4.81747411126
805 4.85582592952
806 5.05125688847
807 4.9516072894
808 5.1454766689
809 5.01994158979
810 4.97935849003
811 5.34836013302
812 5.52727434233
813 5.09429651066
814 5.05593995076
815 5.14769511276
816 5.31728779887
817 5.27935816804
818 4.98128473474
819 4.92638107511
820 4.86329610192
821 4.68969635399
822 5.07438505014
823 4.75507377683
824 5.20864225448
825 4.83082019105
826 5.13751376926
827 5.07604278394
828 5.15371803536
829 5.36789739079
830 4.89223372597
831 4.8769088176
832 4.88769718699
833 5.31849531312
834 5.31417520115
835 5.16717962348
836 5.00971758918
837 5.12703845506
838 5.03702147619
839 4.94541274502
840 4.86839316009
841 5.03747166868
842 4.85065590452
843 4.89809985654
844 5.05446604619
845 5.67917223559
846 5.18487852313
847 5.60664487721
848 5.74808613222
849 5.77185652844
850 5.32896556103
851 5.53540754712
852 5.80846970989
853 5.39952550606
854 5.42222603848
855 5.64957463342
856 5.35747893352
857 4.79135314954
858 5.23282544073
859 5.19351092863
860 5.2257452326
861 5.59550422734
862 5.81287466163
863 5.91728519074
864 6.14531060942
865 5.56515229105
866 5.62503052455
867 5.96624617221
868 5.76771982812
869 6.30193442385
870 5.92473102656
871 5.35216702824
872 5.80982875364
873 5.40182834114
874 5.43474607277
875 5.1081051191
876 5.24878633399
877 5.42448103644
878 5.35884501529
879 5.4895090901
880 5.37563266202
881 5.60146370499
882 5.24328969718
883 5.32204791138
884 5.23831108469
885 5.03025528337
886 5.1304004892
887 5.46976442861
888 5.53355296866
889 5.56226884662
890 4.90201871926
891 5.46246544691
892 6.03224702405
893 5.59103663561
894 5.79087084405
895 5.89110397823
896 5.9556365867
897 5.93930927695
898 5.67572390119
899 5.7469613769
900 5.57680703981
901 5.55217578672
902 5.02153652922
903 4.86450408689
904 5.04119060678
905 5.10863489923
906 5.16413271277
907 5.48456504432
908 5.08093116566
909 5.35958354307
910 5.4739078916
911 6.17061884388
912 5.90085278386
913 6.24629730833
914 5.74629052707
915 6.17918266107
916 6.11190302244
917 5.78730742766
918 6.22882873189
919 5.8299534994
920 6.27019246372
921 6.44078543883
922 6.45171547204
923 6.2720373089
924 6.61634066321
925 6.27111887568
926 6.40053216165
927 6.13764130354
928 6.51464690998
929 6.39543676235
930 6.11720854897
931 6.17543666546
932 6.09312694983
933 6.30973822394
934 6.14834405275
935 6.42020539861
936 6.06371033576
937 6.48957760773
938 6.89744906635
939 6.80826151315
940 6.23194226433
941 6.43700298146
942 6.29952038706
943 6.53258175815
944 6.7688312105
945 6.26864226962
946 6.47709548909
947 6.80496058837
948 6.31030556524
949 6.21688754058
950 6.5726941172
951 6.18318405196
952 6.12499301924
953 6.05899996258
954 6.26387030534
955 6.64112864806
956 6.36055884263
957 6.35983497001
958 6.1978413309
959 6.4486313775
960 6.24807940117
961 5.85841995354
962 6.0892319385
963 5.97318458956
964 5.97740847049
965 6.25268618983
966 6.59860713593
967 6.07853003772
968 6.10959571264
969 5.85577566979
970 5.75947189202
971 6.0516541657
972 5.59209525868
973 6.18855013185
974 6.26358304109
975 5.97371181657
976 5.85696005453
977 5.87156953407
978 5.24103164007
979 6.05736199331
980 5.48800684569
981 5.28383274363
982 5.50207367278
983 5.18787043171
984 5.72355828983
985 5.35050387543
986 5.4749769192
987 5.19691011755
988 5.33516992357
989 5.36613053746
990 5.43005857612
991 5.44753751698
992 5.93510527025
993 6.14966144745
994 5.81481042815
995 5.63384509829
996 5.79744489934
997 5.47865379555
998 5.73885185237
999 5.75705579168
