0 0.0
1 0.415225334984
2 0.341974034441
3 0.692112013263
4 0.346894626528
5 0.463115921731
6 0.348428458596
7 0.297385915845
8 0.567553043691
9 0.391220640574
10 0.300288163392
11 0.553089693748
12 0.348274061057
13 0.470765909369
14 0.274223314713
15 0.423502011475
16 0.213443431221
17 0.208321841038
18 0.221840837756
19 0.207806340676
20 0.276105380217
21 0.535230688439
22 0.391498267466
23 0.40042715147
24 0.287209557265
25 0.135462666999
26 0.056509036897
27 0.471589697431
28 0.371125245592
29 0.306182409219
30 0.66542141174
31 0.391984295701
32 0.346444748268
33 0.577643979286
34 0.368923712381
35 0.502960010889
36 0.368622676473
37 0.443601573484
38 0.491868343693
39 0.245903853397
40 -0.0856890696278
41 0.137958973102
42 0.239413322206
43 0.0832152133078
44 0.158394666909
45 0.384885964428
46 0.268687726064
47 -0.0473775936074
48 0.279274617336
49 0.116404869805
50 0.0718389879894
51 0.292096857906
52 0.376766682973
53 0.323735571592
54 0.428211964983
55 0.38275509949
56 0.222256849661
57 0.311095745955
58 0.515940319236
59 0.272392443787
60 0.496857229777
61 0.249529499883
62 0.232934958883
63 0.698341092399
64 0.245974597296
65 0.418068773911
66 0.353629341204
67 0.295481798944
68 0.402551050954
69 0.324336978147
70 0.548509667051
71 0.527232384071
72 0.704059343127
73 0.491744619075
74 0.59642809541
75 0.34149443595
76 0.229146144528
77 0.287449709473
78 0.412226729224
79 0.456296441428
80 0.291637177846
81 0.119364370144
82 0.592317430527
83 0.606793868746
84 0.837100399302
85 0.738684858482
86 0.635060781663
87 0.543126971506
88 0.598825877817
89 0.605315525275
90 0.649658894347
91 0.69617341293
92 0.731224626693
93 0.575841619854
94 0.601797084721
95 0.372838651121
96 0.353665760733
97 0.593476912111
98 0.506066661379
99 0.539941586189
100 0.715566650814
101 0.676856030112
102 0.889481692965
103 0.895211376679
104 0.851041960109
105 0.862019988215
106 0.89723102959
107 0.619606765661
108 0.911786148035
109 0.735341671292
110 0.919435564153
111 0.772442700931
112 0.584496097829
113 0.715965439039
114 0.881136629362
115 0.753863674486
116 0.677612567252
117 0.923248177091
118 0.50743162101
119 0.659826234346
120 0.828704456739
121 0.719564500045
122 0.56849820765
123 0.17394624753
124 0.399804451797
125 0.552729526251
126 0.222983615195
127 0.166522595263
128 0.317863117819
129 0.199448303903
130 0.366540044324
131 0.193960741856
132 0.230152017937
133 0.212877488531
134 0.409792249862
135 0.491122167378
136 0.638699275812
137 0.504761803135
138 0.433558620426
139 0.524276830667
140 0.66419872977
141 0.709354954894
142 0.560638124485
143 0.355070163305
144 0.693912720252
145 0.70412920029
146 0.753965702236
147 0.690484672954
148 0.721600063229
149 0.716045616823
150 0.609233247196
151 0.262297475602
152 0.745815660172
153 0.912827203543
154 0.735510645604
155 0.731910805441
156 0.703731657743
157 0.754746248655
158 0.70941879491
159 0.45375312557
160 0.757948457433
161 0.729975223236
162 0.628021160792
163 0.648161982097
164 0.91470934244
165 0.664867343839
166 1.06567493576
167 1.02930908623
168 0.849360656734
169 1.17285534681
170 1.53495842804
171 1.26752289406
172 1.34257612224
173 1.41770277477
174 1.35348264165
175 1.1588197397
176 1.16185957167
177 1.0315159762
178 1.28449634509
179 1.25645982896
180 1.38771130129
181 1.02440085585
182 1.56077295717
183 1.42347388667
184 1.58568507802
185 1.67061491006
186 1.62608241961
187 1.55779870539
188 1.57066473297
189 1.3378648415
190 1.00035801945
191 1.56874589039
192 1.508240215
193 1.24679800383
194 1.37540789065
195 1.46601085699
196 1.1845844152
197 1.1895701678
198 1.3344180525
199 1.16347125161
200 1.44626457279
201 1.50569658272
202 1.5750043967
203 1.76157780567
204 1.42342754248
205 1.31264124274
206 1.09812292741
207 1.35518364703
208 1.27270044172
209 1.46118916066
210 1.44678485363
211 1.59172305419
212 1.46708726011
213 1.41093566573
214 1.60873620951
215 1.4508842522
216 1.36403801339
217 1.5689853122
218 1.1769208437
219 1.49401729484
220 1.58819674448
221 1.27442447275
222 1.57173191597
223 1.5085272799
224 1.22012493691
225 1.43961744679
226 1.48146612024
227 1.25276241764
228 1.57483705589
229 1.58381153898
230 1.50656978952
231 1.28967475808
232 1.38026183514
233 1.19844643767
234 1.21140760114
235 1.3382310516
236 1.20042806821
237 1.27182866607
238 1.29486948837
239 1.5880155564
240 1.30602630068
241 1.28303872586
242 1.50001123536
243 1.08890972661
244 1.10152165206
245 0.931862580616
246 1.27699202753
247 1.38157920594
248 1.23659033215
249 1.67995716708
250 1.49046156769
251 1.4862755569
252 1.26943798322
253 1.18470359671
254 1.3914188721
255 1.40194084189
256 1.78702926568
257 1.42678914631
258 1.54766036628
259 1.88760610676
260 1.4716918216
261 1.71023748742
262 1.55527592875
263 1.29947169627
264 1.22126791586
265 1.47793917476
266 1.35956465387
267 1.8114781289
268 1.60370024837
269 1.70751067946
270 2.00728643471
271 1.85331488279
272 1.75296268231
273 1.95822698535
274 1.55197020251
275 1.62468685698
276 1.51930167445
277 1.32178981542
278 2.0040660168
279 1.59872054996
280 1.52386791162
281 1.55433532959
282 1.51783024181
283 1.57150316372
284 1.4906285867
285 1.75887792903
286 1.55699842287
287 1.53700071302
288 1.27768421332
289 1.22266838007
290 1.2987195265
291 1.47383383852
292 1.46288480325
293 1.95005163079
294 1.85601821702
295 1.68704083392
296 2.17984725575
297 1.48972554013
298 1.91085794651
299 1.57431345518
300 1.63500099924
301 1.82739679224
302 1.8604338059
303 1.71019956193
304 1.8246850491
305 1.77017926614
306 2.26869621059
307 2.27117703963
308 2.25669726572
309 2.69365425304
310 2.3101200538
311 2.26247103116
312 2.64593394755
313 2.59385976147
314 2.67723201061
315 2.23088884931
316 2.26165353561
317 2.07960005206
318 2.47392596514
319 2.35879156274
320 2.28018217781
321 2.08574155832
322 2.25835698943
323 2.4595630711
324 2.41789028362
325 2.1975656979
326 2.07885709386
327 2.16033199681
328 1.8526322249
329 1.95412710569
330 2.43250827829
331 2.23081400679
332 1.93023380332
333 2.21686309379
334 2.05394202468
335 1.86683023764
336 2.56393127477
337 2.77751632019
338 2.34355181879
339 2.32396571567
340 2.42827269968
341 2.38821352711
342 2.18840046423
343 2.30702302048
344 2.27911005567
345 2.36168322413
346 2.08322374296
347 2.39654526874
348 2.26065124034
349 2.62440475813
350 2.28663140763
351 2.33955334811
352 2.55613592751
353 2.32161920749
354 2.45833986225
355 2.1958672196
356 2.75971913162
357 2.55889979805
358 2.36228890481
359 2.25717144812
360 2.13784623198
361 2.47938840218
362 2.66796046311
363 2.56559654653
364 2.84684145075
365 2.58549672899
366 2.66034667961
367 2.4105473954
368 1.89167527688
369 1.88100124108
370 2.31738484894
371 2.55443887961
372 2.72146732436
373 2.78828352216
374 2.65437379702
375 2.78859245453
376 2.61862885801
377 2.8009750128
378 2.30934740351
379 2.72970801812
380 2.89435334422
381 2.98267647209
382 3.39615901741
383 2.70220677035
384 3.31777285252
385 2.85815738749
386 2.90503207466
387 3.00553958576
388 3.46851147621
389 3.64602518846
390 3.65685734971
391 3.4406231814
392 3.11692794718
393 2.98356563558
394 4.04217366917
395 3.40612255696
396 3.24312375486
397 3.25689776249
398 3.20677798133
399 3.65598342952
400 3.44247094377
401 3.67171777671
402 3.62136956911
403 3.4687091007
404 3.06347572103
405 3.2012127808
406 3.08613687509
407 2.9638661517
408 3.03106317731
409 2.97050003059
410 3.09083742411
411 2.62103189318
412 2.24710676738
413 2.22001986081
414 2.66151310099
415 2.57868788617
416 2.6198276914
417 2.71530851858
418 2.89404107577
419 3.15931456958
420 2.79006340158
421 3.04441718124
422 3.01951567228
423 2.96730966621
424 2.61814435085
425 2.86344478611
426 2.73649237047
427 2.51714015497
428 2.5929860616
429 2.50750758112
430 2.64296633694
431 2.56307495656
432 2.55078345307
433 2.60963805458
434 2.06216459828
435 1.96565442818
436 2.14419455899
437 1.97787962908
438 2.29780677946
439 2.64546926241
440 2.89253098872
441 2.36909941293
442 1.98679905785
443 2.54935400758
444 2.74533331676
445 2.78076304801
446 2.77266049666
447 2.50798969694
448 2.24964868142
449 2.29608201098
450 2.41422062297
451 2.66153056825
452 1.836964666
453 2.65947109669
454 2.19066196726
455 2.52463605209
456 2.09697922172
457 2.49011347814
458 2.67134629714
459 2.69487941662
460 3.19015013424
461 3.4008298204
462 2.97308867397
463 3.49158952525
464 3.55501552301
465 3.17488835543
466 3.56897909481
467 3.25401863604
468 2.97233063519
469 3.0942147645
470 3.36377197002
471 3.4600734544
472 3.37086853228
473 3.80641662555
474 4.3094137495
475 3.81077621511
476 3.74670938703
477 3.6750665384
478 3.78599128542
479 3.86977876064
480 4.40445638204
481 4.22147931342
482 4.39512121537
483 4.11078838085
484 3.87434647731
485 4.23045195653
486 4.20602227359
487 4.27887449812
488 4.27804953664
489 4.58006328732
490 4.70772017076
491 4.65172595665
492 4.69596190121
493 4.67811757036
494 4.75652647327
495 4.15507868924
496 4.45053420263
497 3.79947376616
498 3.96471911763
499 4.09529728969
500 4.30648026728
501 4.49458402327
502 4.30920842159
503 4.17758767685
504 4.20698931692
505 3.71942397074
506 3.66744501615
507 4.01646804899
508 3.99736056658
509 4.03568041805
510 4.14452785201
511 4.06168588618
512 4.19341042116
513 4.54072072338
514 4.34816937294
515 4.16967302159
516 3.83833873209
517 4.24413839356
518 3.68249703627
519 3.83367239092
520 3.6064784988
521 3.58278837236
522 3.67243654653
523 3.89984002762
524 3.73657736635
525 3.77858400612
526 3.80022024798
527 4.05080310674
528 4.51663264126
529 4.33626489892
530 4.14851299874
531 4.28762873376
532 4.38126864913
533 4.24902233992
534 4.24660525579
535 4.13411870869
536 3.8789758103
537 3.89190373691
538 3.98944915199
539 3.98028589962
540 3.99420937434
541 3.97180557204
542 4.14542662709
543 3.91750657773
544 3.89209148946
545 3.94470753262
546 3.7812986278
547 3.62739461636
548 3.9540391141
549 4.02131507491
550 3.55363519474
551 3.86386361077
552 3.86073803888
553 3.97077248767
554 4.11277112994
555 4.41172025689
556 3.86029511437
557 3.78009214735
558 3.8711353639
559 4.36998671242
560 4.75640632241
561 4.35531145211
562 4.18003479009
563 4.40524037597
564 4.49158783253
565 4.58238738173
566 4.3656275082
567 4.51380123193
568 4.99494683973
569 5.27688555665
570 5.44473175528
571 4.79478545439
572 4.98182994448
573 5.12354554722
574 5.44426851869
575 5.0648579559
576 4.88673041067
577 4.8179487941
578 5.43182796619
579 5.21201633108
580 4.93524635386
581 4.75159747199
582 4.55857590368
583 4.57398159765
584 4.33820797078
585 4.0097784441
586 4.14843153004
587 4.54024329458
588 4.05736458956
589 4.13426532903
590 4.04442641306
591 4.35410856067
592 4.28094059759
593 4.19687275157
594 3.87958275799
595 3.65931836504
596 3.52266009616
597 3.87796400792
598 4.49656533648
599 4.49019464291
600 4.00811476972
601 3.77408113454
602 4.23949500659
603 4.52110806693
604 4.65446403735
605 4.48200350922
606 4.5651937768
607 4.82494380311
608 4.42125069627
609 4.66868411839
610 4.38702174424
611 4.93307173322
612 5.10001264563
613 5.42531019597
614 5.3704494004
615 5.61374246654
616 4.91389521352
617 5.86727436409
618 5.39684910991
619 5.48569881973
620 6.01654107799
621 5.76661640219
622 5.53039553692
623 5.95768577434
624 5.32343133391
625 5.80066403532
626 5.23693517658
627 4.88606817427
628 5.30593373484
629 5.5680516601
630 5.27974984846
631 5.35946293273
632 5.31374022364
633 5.45586667906
634 5.74312288404
635 5.68135093659
636 5.58791201052
637 6.03655487212
638 5.97551503617
639 5.56671519539
640 4.97642121385
641 4.97693661333
642 5.31872908522
643 5.07096361154
644 5.02005628349
645 5.33142631643
646 5.19336576147
647 5.09927571388
648 5.34234845616
649 5.3233760046
650 5.8251193499
651 5.64173163771
652 5.47032456774
653 5.55664376871
654 5.51877041976
655 6.00837569107
656 6.79145738386
657 6.67954130738
658 6.52546673417
659 7.12862301265
660 7.80545704655
661 7.75489401801
662 7.60638314531
663 7.23473842448
664 6.9107575855
665 7.41002305506
666 7.23351908861
667 7.7664859345
668 7.6678236268
669 7.63106351922
670 7.38475028973
671 7.39854272293
672 7.25421617931
673 7.93379645963
674 8.18779560857
675 8.79030349012
676 9.3281642541
677 9.11340063873
678 9.27385169816
679 9.0070296115
680 8.96177555951
681 9.00992356251
682 9.47733713079
683 9.35757760926
684 9.58282847233
685 9.33590356893
686 9.12883459175
687 9.00743340841
688 8.97943099166
689 9.2176944831
690 9.67603669453
691 9.53331583225
692 9.75328975503
693 9.62627350198
694 9.36116090635
695 9.29972469304
696 9.27843691818
697 8.96942979845
698 9.10527975226
699 9.79294655574
700 9.11551147613
701 9.18967122254
702 9.26960461578
703 9.08046925716
704 8.79254963357
705 8.30870546661
706 8.04589747237
707 7.85324686608
708 7.88246151425
709 7.2213042311
710 7.63144261922
711 7.24530580955
712 6.91119191567
713 6.49991439921
714 6.71487634684
715 6.4241084115
716 7.37042774924
717 7.25346132832
718 7.28709414605
719 6.97917092557
720 7.85725620386
721 7.77318890022
722 7.83576659781
723 8.0062973518
724 8.211293239
725 7.99807567405
726 8.2401646779
727 8.55712787979
728 8.49733196078
729 8.48687032621
730 8.65378099684
731 8.59740527574
732 8.59791142201
733 8.71163194734
734 8.46644028769
735 8.33598484296
736 8.74509700018
737 8.42732584017
738 8.31001234663
739 8.67782085798
740 8.07434788307
741 8.31217447237
742 8.7108115246
743 8.57158582899
744 8.09818685341
745 8.43846545266
746 8.62110543295
747 8.76479529001
748 8.65235653549
749 8.40550788288
750 8.32291672138
751 7.9028795252
752 7.81513608523
753 8.07511599064
754 7.80371367449
755 7.91712822615
756 8.08427589072
757 7.88037536595
758 7.91316384826
759 7.50787234403
760 7.66396753656
761 7.91399131852
762 7.44051045111
763 8.26897896333
764 7.76103339906
765 7.51102903704
766 7.8863785593
767 7.75551403336
768 7.6991704669
769 7.9638533433
770 8.01930113239
771 8.12871460326
772 8.6764439256
773 8.33265228336
774 8.40688781291
775 8.42108270117
776 8.38961640665
777 8.26685001257
778 7.95101743406
779 8.21479147529
780 8.58824548301
781 8.30956578787
782 7.77531376652
783 7.85081780288
784 8.3316211404
785 7.7486078304
786 8.37701619007
787 8.47050926294
788 8.35823415273
789 8.30197513385
790 8.18534464458
791 8.50913556599
792 8.42041830686
793 8.60603959929
794 8.93506254051
795 9.08347387286
796 9.08010194793
797 9.11736839132
798 8.76981009066
799 8.82569057582
800 8.90156533475
801 8.80657551433
802 8.60160252073
803 9.06956008257
804 8.89611721734
805 8.53767103609
806 8.71523962621
807 8.84161023069
808 8.56119935317
809 8.12344278096
810 8.00814205988
811 7.38871594441
812 7.71426588094
813 8.3589061823
814 8.2866785065
815 7.95088245147
816 7.74970719795
817 7.88777008866
818 8.85524547793
819 8.72969822289
820 9.29761631318
821 9.59002964405
822 9.4496338966
823 9.02491388645
824 8.77058949778
825 9.11171227028
826 9.44897073946
827 9.46501908972
828 9.67237544435
829 9.82227832408
830 10.0417804047
831 10.0909572671
832 10.4133184702
833 11.0606919602
834 11.0783697407
835 11.3057511523
836 11.0146285601
837 10.9047667028
838 10.8321900635
839 10.1680262509
840 9.98873281829
841 10.0373047598
842 10.903013364
843 11.1115231435
844 10.5215497364
845 10.6002195323
846 10.2333933334
847 10.0049926202
848 10.082149775
849 10.1158752665
850 10.5701833626
851 10.5472645333
852 10.5019825506
853 10.7186283631
854 10.3751424629
855 9.45879823824
856 9.73982751371
857 9.15369031453
858 9.55382718331
859 9.76824296809
860 10.044762201
861 9.99294644136
862 10.2642373821
863 10.2566824089
864 9.66415365662
865 10.3227176097
866 10.5613701575
867 10.6153734772
868 10.9618617765
869 11.4098819375
870 11.6325557139
871 11.5656138747
872 10.9051128863
873 11.3017126851
874 11.2223677007
875 11.1140193997
876 11.0776836171
877 10.7642744855
878 10.9928123812
879 11.0485598981
880 11.0445103611
881 10.9325654349
882 11.8904810628
883 11.7358847803
884 11.6408907827
885 12.0607188431
886 11.6990421431
887 11.7666960489
888 12.0443580093
889 12.0507792025
890 11.6052785977
891 11.2989199688
892 11.4136862041
893 11.7664984559
894 11.9454258438
895 11.5480783303
896 11.4793447163
897 11.4633225065
898 11.2348614552
899 11.6739770624
900 12.0040020037
901 12.1190427596
902 12.3441679403
903 11.759188198
904 11.2970153081
905 11.2640235206
906 11.6190936904
907 11.266955364
908 11.7794197984
909 11.7292060986
910 11.3636570981
911 11.2311645471
912 11.3764308211
913 11.8016555251
914 11.7530373702
915 11.8165501727
916 11.7703945565
917 11.7466307179
918 11.806813194
919 12.0247521809
920 11.8010070605
921 12.1190165914
922 12.2221352312
923 12.3663079563
924 12.1093542848
925 12.0512723812
926 11.7832076737
927 11.6389024946
928 11.9021528041
929 12.2561464369
930 11.8219012249
931 11.9296960197
932 11.270468622
933 10.8927330208
934 10.711425801
935 11.1018334634
936 11.4728570177
937 11.4769603738
938 11.8186815395
939 12.2842215464
940 12.1937723844
941 12.1309876238
942 12.0614967365
943 11.9656508455
944 11.9654624261
945 12.0090491587
946 12.4053460152
947 12.6629194365
948 12.0716369369
949 12.0553173207
950 11.8139082873
951 11.8608616547
952 11.8725312287
953 12.0910931837
954 11.6511721434
955 11.6182320595
956 11.8513413349
957 11.849911916
958 11.82036121
959 11.9287627681
960 11.4170627484
961 10.7749575902
962 10.9016754166
963 10.7017726449
964 11.2281078792
965 10.9837668485
966 10.8875157322
967 11.0259046986
968 10.9079951866
969 10.9875027276
970 10.555781113
971 11.1210939507
972 10.7056563667
973 10.8261708224
974 10.7738762757
975 11.1159855032
976 10.7412862932
977 10.9653681378
978 10.8977389706
979 10.7658324715
980 11.054498035
981 11.0058500859
982 10.7487991761
983 11.025189274
984 11.549745574
985 11.3759106209
986 10.8640469199
987 11.0353207632
988 11.5948094307
989 11.8018053432
990 11.8678801442
991 11.9305198208
992 11.6382030712
993 11.7564139018
994 12.4295358235
995 12.5690586408
996 12.0472933149
997 12.5415836958
998 12.3402277135
999 11.5365484815
