0 0.0
1 -0.328653745682
2 0.0353632750737
3 -0.0780964140253
4 -0.109992132905
5 0.0267925579319
6 -0.149018818679
7 0.219717034127
8 -0.170425664065
9 -0.0724404983439
10 0.0865537156239
11 -0.188653531539
12 -0.00592386838593
13 0.0562236387985
14 -0.130577150277
15 -0.0412495193566
16 0.135537217572
17 -0.289698615478
18 0.0705185485104
19 -0.111568260601
20 -0.024257145862
21 0.0888172223649
22 0.0442082056066
23 -0.0897806622659
24 0.0222016441777
25 0.103589627841
26 -0.108575331919
27 0.15785517061
28 -0.113394049735
29 -0.0601993103277
30 -0.139318042913
31 -0.139366268924
32 -0.0961146775838
33 0.0716758990892
34 -0.0440708712094
35 0.0994214573893
36 0.203680279114
37 -0.113563404558
38 0.131819704951
39 0.226771753327
40 0.0734944660625
41 0.0274932388599
42 0.104995283738
43 -0.179831108381
44 -0.0886153544733
45 0.00927941937206
46 -0.0585739074869
47 -0.195906240039
48 -0.0539815408097
49 0.093891720243
50 0.302944388012
51 0.127042403743
52 0.221340896885
53 0.063346785892
54 -0.0220850890021
55 0.357594603107
56 0.202783270365
57 -0.107568745201
58 0.159209197613
59 0.251366294886
60 0.281790249838
61 -0.0796591669787
62 0.0807561085108
63 0.236561510184
64 0.211462657381
65 0.329629370998
66 0.12815239742
67 -0.0316755504631
68 0.392264808366
69 0.106450362322
70 0.217754620343
71 0.228095103847
72 -0.091214715186
73 -0.137376199603
74 -0.0974049024052
75 0.283647482903
76 0.223045747929
77 -0.0122927608355
78 0.23581640593
79 -0.00615943897244
80 0.0501893853179
81 0.00521480191509
82 0.0511581655184
83 0.113294015475
84 0.177032876231
85 0.0541966930006
86 0.0928658432193
87 0.100761886424
88 -0.0291840112985
89 0.142856710731
90 0.138708499384
91 0.30790669167
92 0.13439102391
93 0.15563096144
94 -0.0138300613466
95 0.145688121928
96 0.0512747623308
97 0.373277527516
98 0.307454478394
99 0.251487149792
100 0.219081374961
101 0.436154690513
102 0.176232381102
103 0.273279561621
104 0.237037197583
105 0.241678119953
106 0.461729793611
107 0.637538904841
108 0.657146543892
109 0.622120575651
110 0.588640304409
111 0.191737387094
112 0.466886560494
113 0.576402475101
114 0.224549117457
115 0.349089710458
116 0.362209450856
117 0.536903219566
118 0.331016397331
119 0.17081801502
120 0.298565209346
121 0.404527476799
122 0.405069777985
123 0.344513902921
124 0.571004690152
125 0.250791445148
126 0.205586347242
127 0.306978672819
128 0.358749005179
129 0.0246355314277
130 0.177690421406
131 0.244092139184
132 0.246259327354
133 0.262352139154
134 0.500369173291
135 0.521914309847
136 0.477834233197
137 0.181758586976
138 0.386969275038
139 0.636161404654
140 0.380483151906
141 0.370396135345
142 0.236993898749
143 0.515609164053
144 0.39376148031
145 0.491954622938
146 0.434798824994
147 0.439052561389
148 0.598273316731
149 0.624543620816
150 0.320610381484
151 0.496026715181
152 0.392359700668
153 0.129079601251
154 0.583245470093
155 0.34106308739
156 0.522825058914
157 0.615485060904
158 0.53760777319
159 0.652148215247
160 0.525112701104
161 0.51976935312
162 0.475495154982
163 0.42083813337
164 0.599746522494
165 0.702765676893
166 0.530117280898
167 0.637745539758
168 0.511610568901
169 0.242336476587
170 0.686983358556
171 0.65778839507
172 0.63881888263
173 0.641090852979
174 0.652183559441
175 0.447317103779
176 0.393301549452
177 0.560988589146
178 0.738262974231
179 0.8366054299
180 0.570760617291
181 0.612555732437
182 0.952011469864
183 0.660446082732
184 0.684591251867
185 0.909297463121
186 0.701045051278
187 0.861554834683
188 0.837857303102
189 0.812625552971
190 0.709664594807
191 0.25852158013
192 0.495621198612
193 0.609350679914
194 0.764412460033
195 0.68157245318
196 0.632350702903
197 0.661688377883
198 0.360770240991
199 0.433792842652
200 0.639738929898
201 0.702367366658
202 0.802719698861
203 0.890434637372
204 0.749356914289
205 0.604671270287
206 0.614967636892
207 0.643264515841
208 0.882143078262
209 0.83745872845
210 0.942343252677
211 0.631212227539
212 0.731287504352
213 0.539103403845
214 0.578244081099
215 0.711437903693
216 0.390949710655
217 0.673061197283
218 0.893225243017
219 0.655455233248
220 0.684306254249
221 0.466160069646
222 0.586698725942
223 0.840579666991
224 0.685481054968
225 0.591869014067
226 0.617687074249
227 0.262721712224
228 0.493695493524
229 0.523618223847
230 0.860651943086
231 0.494886331881
232 0.907590767435
233 0.727663050197
234 0.540839632895
235 0.504727472119
236 0.780650185707
237 0.961539629051
238 0.502389552675
239 0.842023841692
240 0.655460358005
241 0.453799711584
242 0.631939899507
243 0.465963371875
244 0.205714625922
245 0.526857062992
246 0.529896443107
247 0.404622159896
248 0.393867659028
249 0.343863280687
250 0.506791760674
251 0.506602083231
252 0.636587617233
253 0.520739918826
254 0.563697987512
255 0.723575910703
256 0.622495151303
257 0.914555541539
258 0.676006862988
259 0.676206437588
260 0.725818642332
261 0.523571421287
262 0.542320822589
263 0.771118123482
264 0.487923355379
265 0.80404652826
266 0.927146698307
267 0.869978698198
268 0.746942223565
269 0.629122628674
270 0.897365276234
271 0.611770058499
272 0.784096570402
273 0.707248863334
274 0.646388914353
275 0.427410724881
276 0.556499623422
277 0.529012567084
278 0.915844437969
279 0.819029102192
280 0.768123560465
281 0.719968195567
282 0.905595690867
283 0.746283981769
284 0.897067599335
285 1.02479434191
286 1.01660667871
287 0.652416851088
288 0.904629504262
289 0.666528214065
290 0.812220991533
291 0.693702458133
292 0.683565964367
293 0.588833198591
294 0.488970733007
295 0.618780337643
296 0.619450371099
297 0.710804234365
298 0.600062205895
299 0.829588469166
300 0.658816500997
301 0.560680098334
302 0.729498491142
303 0.793800483965
304 0.73404291468
305 0.486494273737
306 0.640186613655
307 0.632099935029
308 0.639332479241
309 0.811184137561
310 0.73895940787
311 0.599840863127
312 0.879677002688
313 0.435004189498
314 0.669635355799
315 0.719302997024
316 0.809225295471
317 0.592870899757
318 0.455119206876
319 0.530076137809
320 0.798515831222
321 0.593486896617
322 0.836233133917
323 0.963991600257
324 1.0987851785
325 1.02780308912
326 1.0147295119
327 1.13975093566
328 0.871798235068
329 1.13534613564
330 0.744872779573
331 0.969099724586
332 0.972286313607
333 1.29516241786
334 0.956505925556
335 1.17201752073
336 0.83456824877
337 1.2537660546
338 1.09863691776
339 1.0648766268
340 1.10119093192
341 1.18698133766
342 1.28248166436
343 1.33644840283
344 1.51843229495
345 1.43773386287
346 1.95676575439
347 1.8969764674
348 1.42943587127
349 1.91350572342
350 2.0900252717
351 2.11072133817
352 2.16265555068
353 2.15013727802
354 1.87166594557
355 1.74351022184
356 1.96512860862
357 1.94167200405
358 1.81642390354
359 1.93818854045
360 1.70694796335
361 1.63561023335
362 1.77445280013
363 1.77454980382
364 1.99188895407
365 1.87714295996
366 2.10547726605
367 1.72700024527
368 1.30529921621
369 1.60590908239
370 1.95259339468
371 2.11867908149
372 1.71982005271
373 1.72145507953
374 1.78544291346
375 2.00262853207
376 1.89082250699
377 1.85550722264
378 2.06986474244
379 2.8372983341
380 2.62162076882
381 2.5166144548
382 2.61179228182
383 2.7854400571
384 2.80497212792
385 2.76265115011
386 2.63912465049
387 1.89827261367
388 2.01429172918
389 1.70551251805
390 1.9101799223
391 2.2769608633
392 2.26910712068
393 2.23029299093
394 1.86036767113
395 1.74667792063
396 1.88759446558
397 1.63527661041
398 1.92614669189
399 2.11309274819
400 2.29082441399
401 1.76444165909
402 2.7261355067
403 2.71320001248
404 2.81230216497
405 2.94183754862
406 3.16384934894
407 3.1421241078
408 3.13758404465
409 2.99506315685
410 2.55232586853
411 2.77853879594
412 2.41712816352
413 2.42091605934
414 2.51144289377
415 2.60296021614
416 2.56617411148
417 2.13606941984
418 1.88933322461
419 1.88877417727
420 1.94612830683
421 1.96624854285
422 2.03947755021
423 1.90725648812
424 1.50820518683
425 1.81281360413
426 1.38197753816
427 1.67985643596
428 1.61734991755
429 1.74616989209
430 1.89511077593
431 1.80524015203
432 2.12660454655
433 2.13193023811
434 2.09394871467
435 2.13558192742
436 2.13926840374
437 2.39677886557
438 1.92316301753
439 1.79906719385
440 1.92211573443
441 2.25120138607
442 2.1409844888
443 2.06988673497
444 2.29435459381
445 2.54442830277
446 2.42845641113
447 2.17839413239
448 2.16888314359
449 2.30372942976
450 1.7912577695
451 1.84964661267
452 2.36309486761
453 2.13736492512
454 2.41180455821
455 2.057584465
456 1.7987569335
457 2.11084150172
458 2.23426856013
459 1.84500717738
460 2.01266396519
461 1.81869649135
462 2.28399279403
463 1.95071072737
464 2.08822941368
465 2.37552663133
466 2.51211911932
467 2.65792835761
468 2.53097125782
469 2.74804742358
470 2.28773096937
471 2.08683833417
472 2.2932497642
473 1.93445272704
474 2.27237790902
475 2.14214820722
476 2.31079967777
477 2.4484194272
478 2.17201091138
479 2.35225793035
480 2.18548656196
481 2.50280970587
482 2.69346446886
483 2.52031789225
484 2.85378467116
485 2.964607217
486 2.79482203138
487 2.56535860457
488 2.50199235585
489 2.96651161085
490 2.2535295507
491 2.64609956696
492 2.65331869449
493 2.78548425179
494 2.42138510309
495 2.73823547355
496 2.59171982405
497 2.77465219509
498 3.01909387204
499 2.99247736769
500 3.09086961896
501 3.07717283821
502 3.44810171666
503 3.50975752392
504 3.38470474691
505 3.33325815734
506 3.17799168515
507 3.14438203784
508 2.72109985162
509 2.74044724578
510 2.96997102587
511 2.43345398268
512 2.99490974844
513 3.096048375
514 2.98722682697
515 2.8082735691
516 2.82613504863
517 2.63139971064
518 3.03687870868
519 3.32265513458
520 3.13041159286
521 3.34418583749
522 3.07367176286
523 3.68127697976
524 4.14316743561
525 3.70760564608
526 3.9838163267
527 4.2319098345
528 3.75268548874
529 3.9375381052
530 3.3268936634
531 3.59611052616
532 3.53137469511
533 3.74635875715
534 3.2484089014
535 3.14519376736
536 3.40835193731
537 3.27917167809
538 2.96019371659
539 3.80913083739
540 4.08078335927
541 3.82754051911
542 3.8894280686
543 3.85988929145
544 3.86487545756
545 3.24882492889
546 3.64349105574
547 3.60725996961
548 3.57187382051
549 3.08706315722
550 3.00143887638
551 2.94053353836
552 3.1234857113
553 3.1414257837
554 2.62277444925
555 3.37902082403
556 3.50045779672
557 3.40688676681
558 3.57273742343
559 3.57949905222
560 3.50906428334
561 3.27534160133
562 3.21853553159
563 3.11874363513
564 3.2381119176
565 3.07283058791
566 3.02934404684
567 3.00656580948
568 2.99190979801
569 3.07187130482
570 2.97652066184
571 3.18629888216
572 3.44542989476
573 3.21209104898
574 3.05651060296
575 3.1052565253
576 3.32013766117
577 3.23288023048
578 3.23249705112
579 3.05850079757
580 2.67095692183
581 3.50802303982
582 3.43855211633
583 4.03501068761
584 3.37135367065
585 3.9884047082
586 3.71810745716
587 4.08794631624
588 4.43961218777
589 4.52745789403
590 4.56670727588
591 4.64493000597
592 4.33248049086
593 4.2001321578
594 4.42366298052
595 4.53182788765
596 4.60209135605
597 4.85368926779
598 4.78531700308
599 5.02579465022
600 5.00989821545
601 5.04775022185
602 4.66228810805
603 4.3875090233
604 4.40467069841
605 4.34596026768
606 4.99165392539
607 4.97663673962
608 5.40127665372
609 4.92583326912
610 4.91864755068
611 4.63592415163
612 4.33186367452
613 4.24801586261
614 4.37102334974
615 4.26033316391
616 4.38997582867
617 4.23787371466
618 4.07067575984
619 3.89004060637
620 3.7680996774
621 4.11773106094
622 4.29916544037
623 4.22910693734
624 3.9823197641
625 3.69874743349
626 3.85989303665
627 3.79359131322
628 3.94279361247
629 4.23650737348
630 4.69877824012
631 4.76475300406
632 4.95316146198
633 4.27909735651
634 4.84525104442
635 4.47120568944
636 4.93731198834
637 4.89287652316
638 4.97255108443
639 4.98479831144
640 5.28179682066
641 5.72623856432
642 5.03370276493
643 5.7963980777
644 5.84768012702
645 5.57188908676
646 5.72891740135
647 5.00654381018
648 5.06653531895
649 5.05344917133
650 5.53156149421
651 5.89229241742
652 5.93824761442
653 6.30091552268
654 6.72947633282
655 7.08957038549
656 7.25969174731
657 7.62946888553
658 6.77397403405
659 6.63876663618
660 7.01821805654
661 6.65980029248
662 5.91373057939
663 5.90462913387
664 5.66820974231
665 6.40315669887
666 6.24093388322
667 6.48260618414
668 6.37398031333
669 6.03319237796
670 5.8881994001
671 6.01827707439
672 5.35639502756
673 5.50253116375
674 4.99632985231
675 4.78437170101
676 5.00690448289
677 4.71329117152
678 5.13789379947
679 5.52327550129
680 5.63340837421
681 5.67860289734
682 6.17509486228
683 6.25738634658
684 6.42809904514
685 6.00313050941
686 6.53944848288
687 6.91527034753
688 7.21231168118
689 6.67312918712
690 6.10994080524
691 6.93396210551
692 6.51227334417
693 5.76027862784
694 5.60538506973
695 6.04898038019
696 5.8517813319
697 6.10306461776
698 6.3006319604
699 6.26954250401
700 6.26402562506
701 6.84604906926
702 6.34888179327
703 5.9287385086
704 5.68809075666
705 6.42273284186
706 6.3833661401
707 5.9072904089
708 5.87737255568
709 5.90800380397
710 5.89664043229
711 6.19737863882
712 6.84644069203
713 6.30616224334
714 6.10655833145
715 6.61458962011
716 7.63961568491
717 8.07584422643
718 7.51346829375
719 8.12895555643
720 7.96063278246
721 7.56143117723
722 7.21339248548
723 7.22919863101
724 6.95086467244
725 6.83252152559
726 6.91413044882
727 6.78884135296
728 6.38420688061
729 6.70139181569
730 6.58474602959
731 6.54900807405
732 6.92508099369
733 6.6335819683
734 7.2085055983
735 6.8983311381
736 6.85994482158
737 6.79443395316
738 6.68769696606
739 6.70752588898
740 6.70090505253
741 7.06316150581
742 6.68621625796
743 7.17318665858
744 6.94554299226
745 6.78439643225
746 7.34112822677
747 7.55394959603
748 6.97715774006
749 7.58414433115
750 7.82688173896
751 7.82937846265
752 8.19090107089
753 8.33236950555
754 8.3088195232
755 8.17266116258
756 7.58115303806
757 7.59983519831
758 7.92072127563
759 7.97966448495
760 7.95343481844
761 7.47503897422
762 7.84317601656
763 8.56224615849
764 8.7544906389
765 8.88100886176
766 8.81067959569
767 9.45747046998
768 9.70716682235
769 9.70297402419
770 10.2895237439
771 10.3843209565
772 10.3482009866
773 10.2856630267
774 10.0661472151
775 9.68477355787
776 10.1606316896
777 10.1769078013
778 10.2401577974
779 10.1752635703
780 10.376607055
781 10.1432314969
782 9.9966709833
783 9.82834335494
784 9.92966368989
785 9.97689997968
786 9.28789151778
787 9.35336714993
788 9.50658824148
789 9.20854000784
790 9.269164662
791 9.01254234827
792 9.31254782306
793 9.53835034317
794 9.7875967682
795 9.90664505633
796 9.99794782872
797 10.0875331461
798 10.2400572848
799 10.6667139279
800 10.5078244705
801 10.5328447061
802 11.0807586792
803 11.0394559322
804 11.3409867534
805 10.9118483364
806 11.2452919943
807 9.8561886954
808 8.90182984877
809 9.08797145076
810 8.80086612226
811 8.74102388387
812 8.76017064951
813 8.82712165446
814 8.91731754184
815 9.16800572761
816 9.31438084659
817 9.36320777272
818 9.53695397432
819 9.78730209133
820 8.82189633673
821 9.76219400042
822 9.7194506448
823 9.71924816415
824 10.1254313823
825 10.21622807
826 10.5660964509
827 10.4122959798
828 10.0511327474
829 10.2912217639
830 10.5386411912
831 10.219396087
832 10.2010143363
833 10.3168965323
834 10.2739496198
835 10.0608448227
836 10.5583625917
837 10.3255879491
838 9.57079974274
839 10.0488510371
840 9.82029806723
841 9.56079896284
842 9.0702797616
843 9.14813347379
844 9.36578169997
845 9.21727750209
846 9.10499987757
847 8.80292658144
848 8.32282896776
849 8.7883847317
850 9.30910456072
851 9.15352548466
852 8.7184025312
853 8.55528219503
854 8.20428734841
855 8.70206938941
856 8.1434656282
857 8.46356492336
858 9.06588761882
859 8.71564880634
860 8.83945969664
861 9.13798411318
862 9.46008140151
863 9.51959218741
864 9.22655739709
865 8.50660627065
866 8.61519264492
867 8.34215617168
868 8.65474108717
869 8.82256322826
870 9.05515872284
871 9.15907010065
872 9.22134476021
873 9.17065597129
874 8.9563792477
875 9.35166425193
876 9.15874260783
877 9.3639899598
878 8.94883893417
879 9.28782864656
880 8.93009534372
881 8.86336191901
882 9.15667335577
883 9.17998393375
884 8.7695753944
885 8.70400425063
886 9.22066799944
887 9.8160794944
888 10.2948767848
889 10.0258528223
890 9.54187952271
891 8.84967448418
892 9.58546217212
893 9.32308950959
894 9.14599632856
895 9.69872091689
896 9.42987479783
897 9.83872758
898 9.43117210573
899 9.30761637394
900 9.2011020791
901 9.86964172769
902 9.9676654273
903 10.1529737288
904 10.3223068526
905 11.0596105003
906 10.8723245736
907 10.5766482518
908 10.313573355
909 10.4000907385
910 10.3331381194
911 10.9068732994
912 10.3825553639
913 10.1893254714
914 9.95895117206
915 9.77919019295
916 9.88944884522
917 8.98375705183
918 8.76853639567
919 8.96553317274
920 9.36999729538
921 9.63380376491
922 9.27172480501
923 9.48298818397
924 9.32599464313
925 8.27053111815
926 8.63567717052
927 8.15454541106
928 8.05678500124
929 7.83466208787
930 7.76264852532
931 6.91904393561
932 7.4588327913
933 7.08127098246
934 6.66308052266
935 6.70805075992
936 6.60479819356
937 5.90689402269
938 5.92663574332
939 5.64373336249
940 5.69272934708
941 5.47243950057
942 5.75289750708
943 5.62971694811
944 6.51738199406
945 6.49533071857
946 6.19457042371
947 6.3625910392
948 6.23278201879
949 6.15179882542
950 5.93069626525
951 6.04272389877
952 6.31106672572
953 6.16022663565
954 6.22412121914
955 6.43309157585
956 5.83095508262
957 6.11853261445
958 6.29051851852
959 5.63532082693
960 5.78132514501
961 5.50552846591
962 5.71865828865
963 5.92369130586
964 5.91126296271
965 6.22159603084
966 5.97662189941
967 5.85291174608
968 5.68852178425
969 5.57735604061
970 5.4303798928
971 5.19718308457
972 5.72712150864
973 5.54372195029
974 5.12505021492
975 5.1119243141
976 5.3696873168
977 5.6979371971
978 5.38669337507
979 5.62912129343
980 5.6085749136
981 5.26528003512
982 5.87183637426
983 5.85888424356
984 5.72434334253
985 5.99666889777
986 6.04640588597
987 6.29071816934
988 6.08300207924
989 5.85659046359
990 5.70860225366
991 5.76649372396
992 5.78672648824
993 5.90257680027
994 6.13121332462
995 6.27505391529
996 6.28897821648
997 6.64966687647
998 6.40322752919
999 6.25268166517
