0 0.0
1 0.0231513551845
2 -0.150184720094
3 -0.0241176318059
4 0.0428577129731
5 0.0216554173603
6 -0.167351707242
7 -0.144709955075
8 -0.128612902865
9 -0.107922610953
10 0.15684804862
11 0.0119361610991
12 -0.0379043708711
13 0.324835756157
14 0.15797758729
15 0.392447256278
16 0.192694487217
17 0.0305403032276
18 -0.250254929323
19 -0.164899841169
20 -0.247537373861
21 0.078205140752
22 0.0811501287954
23 0.118335976393
24 0.208473811659
25 -0.0492485905629
26 0.153717710937
27 -0.00759048749956
28 0.151337961259
29 0.293868210949
30 -0.144512878302
31 0.110345856085
32 0.143996850889
33 -0.0212128016152
34 0.0317417154694
35 0.181478268731
36 0.390993349232
37 0.0330776813354
38 -0.119906509295
39 0.287814083119
40 0.306170405097
41 0.476167558468
42 0.352759680725
43 0.345077516586
44 0.288762723243
45 0.363164189043
46 0.394544746766
47 0.281827408812
48 0.219197917951
49 0.214953764517
50 0.471406209968
51 0.480770275365
52 0.397248158811
53 0.353947166848
54 0.530580769236
55 0.420899989796
56 0.466856406612
57 0.57692740291
58 0.438250222559
59 0.544601181119
60 0.40255704046
61 0.299054324584
62 0.578508120138
63 0.591780316609
64 0.517091443997
65 0.362655406214
66 0.428353224677
67 0.761698852172
68 0.444696646261
69 0.358435135448
70 0.35368129023
71 0.0169237285337
72 0.425186249464
73 0.346545597432
74 0.323096506447
75 0.174665662414
76 0.259643909855
77 0.360460985457
78 0.298568956509
79 0.350123519978
80 0.302980946031
81 0.312268429155
82 0.425159824581
83 0.286858306201
84 0.400451906563
85 0.228504185111
86 0.178689262761
87 0.202591867485
88 0.299433630747
89 0.161613813868
90 0.246442021947
91 0.100491506937
92 0.137058219134
93 0.116821187354
94 0.491863009405
95 0.318298864591
96 0.363814425093
97 0.483967227569
98 0.119783612104
99 0.266735616644
100 0.00361954977828
101 0.104725080487
102 0.191290915703
103 0.338823240786
104 0.214885968219
105 0.176885132503
106 0.402892247803
107 0.240072116205
108 0.44041158131
109 0.450745430282
110 0.493142405641
111 0.385108787698
112 0.510744734183
113 0.531665310682
114 0.65382184497
115 0.731813490438
116 0.809549192864
117 0.587090521924
118 0.382181688927
119 0.433312016529
120 0.2562765427
121 0.156116315831
122 0.51602433758
123 0.393666450682
124 0.487639621969
125 0.43192365931
126 0.377460369878
127 0.539730765222
128 0.240265543641
129 0.426501441665
130 0.564924822222
131 0.87564753576
132 1.20070989907
133 0.943454319142
134 0.651427382028
135 0.670753304454
136 0.653047992934
137 0.411188192432
138 0.732965908566
139 0.698427741451
140 0.466062756358
141 0.527059532653
142 0.82362618571
143 0.712016659353
144 0.505723748595
145 0.37338737529
146 0.497254801153
147 0.573632574395
148 0.288538422708
149 0.704622743616
150 0.509869862193
151 0.766406292067
152 0.798813790747
153 0.987834578552
154 0.699949361786
155 0.548077051714
156 0.365806494384
157 0.638637658623
158 0.757548343221
159 0.982667929015
160 0.903217442212
161 0.953918375549
162 0.667777239914
163 0.72914494725
164 1.12608447443
165 1.1889865275
166 1.42563143399
167 1.43731112333
168 1.63553868562
169 1.33141788712
170 1.45075797533
171 1.35818015931
172 1.16783023668
173 1.5193107334
174 1.30135245192
175 1.72576502018
176 1.66488398514
177 1.9584178129
178 1.85872268591
179 1.54310096146
180 1.29487561889
181 1.34118094578
182 1.22953420227
183 1.60424808542
184 1.61463995844
185 1.37688688374
186 1.72310181416
187 1.51418385111
188 1.54984928061
189 1.72184741029
190 1.87656099173
191 1.60014354599
192 1.43487223483
193 1.68910632596
194 1.70204577676
195 1.73387460422
196 1.59398385737
197 1.30548697342
198 1.27085391284
199 1.4924901355
200 1.36856528163
201 1.65366040122
202 1.73528506764
203 1.69961634719
204 1.63250210595
205 1.67717187744
206 1.66788808512
207 1.72257318864
208 1.45742922081
209 1.17378283458
210 1.08465040321
211 1.30967589313
212 1.41138707291
213 1.39283239146
214 1.46822915149
215 1.53038693638
216 1.52821954603
217 1.64281964696
218 1.69789349283
219 1.34756260116
220 1.39552019701
221 1.16756223065
222 0.984768581485
223 1.19614093533
224 1.41029682806
225 1.37234053993
226 1.37915185127
227 1.47570555163
228 1.41291426387
229 1.929112069
230 1.34149360891
231 1.61814748073
232 1.49629362209
233 1.63383366376
234 1.60286127301
235 1.61683189011
236 1.47869604254
237 1.52017245429
238 1.63642819171
239 1.83016289898
240 1.87139349932
241 1.80323258397
242 1.62438481766
243 1.76638717543
244 2.05936766606
245 2.04756639187
246 2.4990540713
247 2.75368651192
248 2.42965095527
249 2.42846838407
250 2.64208434617
251 2.47613840019
252 2.42837915408
253 2.25813057336
254 2.28199334211
255 2.1843443376
256 2.25478719053
257 2.22003060083
258 2.09166025148
259 1.88171386332
260 2.16077772185
261 2.39874634466
262 2.52238135571
263 2.54353159439
264 2.64536143331
265 2.84210404785
266 3.08294184577
267 2.99195445809
268 2.66184791097
269 2.66623705197
270 3.17510878057
271 3.02153662883
272 2.54747917578
273 2.72561994843
274 2.76150585696
275 2.43238796538
276 2.58424464051
277 2.48794326975
278 2.57983811179
279 2.68513998576
280 2.84682851798
281 2.99058474926
282 2.8052372775
283 2.56598096199
284 3.06890683856
285 3.32561681141
286 3.12546971189
287 2.94972542742
288 2.65220318237
289 2.86609451675
290 3.34419691101
291 3.14354228759
292 3.52346824331
293 3.55011907835
294 3.46754601201
295 3.58084787824
296 3.53771318202
297 4.30784230081
298 4.1308597166
299 4.36539919011
300 4.19170737345
301 4.16428600881
302 4.20040378372
303 4.056597769
304 4.23778471039
305 4.49226395649
306 4.6267316843
307 5.06722189468
308 4.96328603292
309 4.86700378558
310 4.63051967998
311 4.56402421548
312 4.89639620071
313 4.75064895643
314 4.47483530836
315 4.57387951473
316 4.80168699305
317 4.51332456213
318 4.78512674203
319 4.86426339037
320 5.18372171871
321 5.08472511271
322 4.83380596956
323 4.76098602829
324 4.85620821744
325 5.12469574162
326 5.07048202676
327 5.19041569069
328 4.92132352891
329 4.56307172855
330 5.01821552425
331 4.95245150856
332 4.65935598815
333 4.70770607399
334 4.92863444815
335 4.74672826492
336 4.74101360099
337 4.8166308668
338 4.52902301514
339 4.6037178893
340 4.97759300847
341 5.01975510353
342 5.09103740885
343 4.5734654711
344 4.49748237901
345 4.93203494966
346 4.69685921323
347 4.68012632027
348 4.63754867988
349 4.94549628793
350 4.96061746206
351 4.6041096696
352 4.90271127436
353 5.17193355349
354 4.51666237616
355 4.83314779873
356 5.12036135637
357 5.25132295478
358 4.89474256108
359 5.15087328249
360 5.00059651065
361 5.42362278564
362 5.14751180737
363 5.20444923154
364 5.74483896616
365 5.38101684841
366 5.18741937509
367 5.68776116545
368 5.93487799517
369 5.46791605674
370 4.99965165322
371 5.6343394753
372 5.71954843649
373 5.54505357728
374 5.33474658979
375 5.02909006329
376 5.04069239573
377 5.62440592905
378 5.40759397012
379 5.66201899484
380 5.36644113553
381 5.64259133524
382 5.5045897374
383 5.67661864178
384 5.11117036939
385 5.14506584019
386 5.7454960012
387 5.63495000908
388 5.82974537441
389 6.06433605433
390 6.13107877662
391 6.03443393939
392 5.77594447795
393 5.652371811
394 5.37115032023
395 5.82214649501
396 5.83673993781
397 5.89899949386
398 6.34510664768
399 5.96652735073
400 6.07468463043
401 5.61113408816
402 5.89024760943
403 5.82944552181
404 5.80029413028
405 5.52432533854
406 5.27991096712
407 5.26702491888
408 5.60587316624
409 5.17177536294
410 5.50049631019
411 5.55434038851
412 5.30003848639
413 5.34372251627
414 5.26160337643
415 5.25583901331
416 5.35831448508
417 5.55226997555
418 5.75586717076
419 5.93903809322
420 5.73718225469
421 5.57154970679
422 5.78918595049
423 5.52692661359
424 5.75965596722
425 5.86532288526
426 5.92770274327
427 6.00202776857
428 6.25880399074
429 6.48192256698
430 6.67267352965
431 6.39452268823
432 6.4899573735
433 6.58871290477
434 6.60135268201
435 6.02474461247
436 6.01636906555
437 6.03138544612
438 6.31077504772
439 6.18745032504
440 6.49903557227
441 6.20527593221
442 6.14462056944
443 6.36834398849
444 5.86891217164
445 6.08726110116
446 5.7278920303
447 5.58721463238
448 5.75101979259
449 6.18925072947
450 6.02093367168
451 6.68105745651
452 6.40816507397
453 6.31272161862
454 6.50437128318
455 6.35763227764
456 6.24384903651
457 6.61737828172
458 6.44944049872
459 6.70886798007
460 7.01533923149
461 6.58802079627
462 7.18268122057
463 7.06941967183
464 7.13206640878
465 7.31211919132
466 7.63579787605
467 8.12257839626
468 8.06701041523
469 8.34024297407
470 8.51577343422
471 7.82087793074
472 7.8695062715
473 8.15443804424
474 7.86947157503
475 7.96000964807
476 8.25290563655
477 8.51090152915
478 8.41747124883
479 8.4361645665
480 8.01295243312
481 7.72005089857
482 8.17542001591
483 7.88572609567
484 8.13186367183
485 8.45590680531
486 7.87372906868
487 8.46855919892
488 8.12652840519
489 8.18484771624
490 8.41127555331
491 8.0147882378
492 8.09200402889
493 7.85044376493
494 7.9623034712
495 7.86957275153
496 8.08796649538
497 8.22739663514
498 8.37507859048
499 8.1910731125
500 7.62389437459
501 8.06473392975
502 8.11837816099
503 8.19133867776
504 8.22720013413
505 8.19461469791
506 8.56796231405
507 8.21290331005
508 8.12680857067
509 8.25976154214
510 8.16476776019
511 8.41869952367
512 8.46256037149
513 8.49618164789
514 8.64556594222
515 8.33885434814
516 8.36967392307
517 8.40300745735
518 8.19569925117
519 8.38285645422
520 8.7354356431
521 8.76981071359
522 9.17852138635
523 8.89969261395
524 9.43881948303
525 9.28817916173
526 9.00452324997
527 9.3184143125
528 9.12423955107
529 9.27719516358
530 9.42970242032
531 9.11316806432
532 9.03129356151
533 9.07612960355
534 9.15964702714
535 9.02190804508
536 9.22197400598
537 9.03431026697
538 8.9814681859
539 8.44544570376
540 8.75670451493
541 9.04503324475
542 8.68474157183
543 8.5236686328
544 8.56675956939
545 8.46518042294
546 8.35339497554
547 8.22953649287
548 8.41184350267
549 8.36316306508
550 8.75394237121
551 8.54959629587
552 8.64110478384
553 8.8703093984
554 9.05159495952
555 9.02778410266
556 9.04249137497
557 8.55284216085
558 8.97201429249
559 9.0097680509
560 9.31880614784
561 9.144089268
562 9.29077577421
563 9.84116626575
564 9.4050527815
565 9.38317486308
566 9.33945751181
567 9.37818887237
568 9.31123368662
569 9.28035922093
570 9.40053168328
571 9.47879865053
572 9.29219112093
573 9.5168800497
574 9.54370518529
575 9.60969753768
576 9.57505733082
577 9.69151015061
578 9.57486663159
579 9.56092286553
580 9.1351982734
581 9.15259648399
582 9.72637164242
583 9.55369035497
584 9.2220763808
585 9.4967968508
586 9.49385549719
587 9.33582268859
588 9.43283226564
589 9.53056006453
590 9.77994647923
591 9.56719664695
592 9.4497229648
593 9.01185312627
594 9.0680037713
595 9.48896448319
596 9.4035933576
597 9.29060048779
598 9.30102786689
599 9.85325748814
600 9.73982113838
601 9.71868540588
602 9.47683403407
603 9.3214405635
604 9.60138353246
605 9.48158262707
606 9.75535750632
607 9.7086349441
608 9.65347489369
609 9.60867639448
610 9.34167653506
611 9.3844148129
612 9.32761373493
613 9.0730451012
614 9.28756371183
615 9.27077086613
616 9.10500551982
617 9.60487545868
618 9.5134633924
619 9.38842338371
620 9.30088738528
621 8.92552921901
622 8.85424302497
623 9.05592166708
624 8.88661187683
625 9.14231251191
626 9.10401135703
627 9.18376016839
628 9.06037823609
629 8.95742566165
630 8.99234456849
631 9.2611831056
632 9.0470601276
633 9.06808646779
634 8.96814106156
635 9.24591052374
636 9.28036136349
637 9.25354298476
638 9.40155723131
639 9.49330026893
640 9.00142765814
641 9.18188005881
642 9.02608930451
643 9.3423639806
644 9.52063095899
645 9.43742678432
646 9.45924939008
647 9.28811833047
648 9.78984708148
649 9.35669764307
650 9.54801604518
651 9.79414640911
652 9.13078719558
653 9.28280141853
654 9.51573449031
655 9.37404825703
656 9.28961365636
657 9.09814367651
658 9.32701504417
659 9.59124080231
660 9.55715069706
661 9.48176340924
662 9.64109457346
663 9.67798758297
664 9.41855346482
665 9.69892813193
666 9.43866273
667 9.86640515516
668 9.88874115934
669 9.67578714971
670 10.1492738582
671 9.61878081816
672 9.98454227154
673 10.1757970628
674 9.37313220645
675 9.80977883344
676 9.96989646034
677 10.0854792482
678 9.43161617321
679 9.6341684509
680 9.43000618335
681 10.0749781455
682 9.79155100156
683 9.79620084178
684 10.0165082458
685 10.0268477565
686 10.1654616135
687 9.60693320668
688 9.546776921
689 9.98014365107
690 9.67851381242
691 9.39079009833
692 9.92145338001
693 9.77282373662
694 9.79140216512
695 9.75235163492
696 9.66320302808
697 9.77174379352
698 9.85848501987
699 9.68254155818
700 9.68012051066
701 9.61928925368
702 9.60667579376
703 9.83484679735
704 9.98223616334
705 9.93175891399
706 9.77442313433
707 10.1679200649
708 10.348848167
709 10.1163430575
710 10.4008065901
711 10.5326410161
712 10.2648614291
713 10.7364106262
714 9.91919316747
715 9.95164442102
716 10.1038615396
717 10.2173578782
718 10.260605974
719 10.5148515553
720 10.1967646784
721 10.3636842117
722 10.249817036
723 10.0729323311
724 9.89190347015
725 10.0362063596
726 10.1626330759
727 10.0462228093
728 9.96987037548
729 10.6204025711
730 10.3736858677
731 10.1065765204
732 10.1859141819
733 10.6142142477
734 10.5099508355
735 10.2471953413
736 10.5070636523
737 10.3774638708
738 10.7060781374
739 10.0702089903
740 10.4132934574
741 10.490001575
742 10.6444008645
743 10.0208166839
744 10.3859052492
745 9.66556842095
746 9.91396261529
747 10.339759801
748 9.90335704997
749 10.249682748
750 10.2722856783
751 10.2387202889
752 10.5379063032
753 10.3493102865
754 10.3417350414
755 10.5825434469
756 10.0385862973
757 10.1966696177
758 10.3697754012
759 10.250070189
760 10.5192952056
761 10.4879776191
762 10.1218724808
763 10.071936958
764 10.3406570551
765 10.6693670663
766 10.8317461229
767 10.7241908089
768 10.5207462929
769 10.7360260363
770 10.84605994
771 11.015563697
772 11.1042862478
773 11.3778282877
774 11.6208468137
775 11.7041840364
776 11.2878171487
777 11.4415946866
778 11.2384526633
779 11.1207407534
780 10.8697439118
781 11.3457584782
782 11.387085659
783 11.3247862905
784 11.241987669
785 10.8253713361
786 11.186111164
787 11.1795840269
788 10.8458822881
789 10.9155816138
790 11.0303213712
791 10.8888403369
792 11.1143747036
793 10.8732195398
794 10.8689329917
795 11.0556653167
796 11.2161555251
797 11.4541155005
798 11.3371054912
799 11.1265540591
800 11.4096929559
801 11.4902254498
802 11.1933045766
803 11.3357793835
804 11.3861481826
805 10.8674050587
806 10.7981255936
807 10.8456283413
808 10.9650059685
809 11.8280050808
810 12.0390472498
811 12.0560528886
812 12.1094797595
813 11.465483473
814 11.1428329645
815 10.9138998382
816 11.2267456583
817 11.3578844656
818 10.7715636024
819 10.8326228096
820 11.2583877661
821 11.2482380032
822 10.9757401427
823 10.7202384235
824 11.1861983552
825 11.3908917698
826 11.0869972102
827 11.0605069636
828 11.4322999267
829 10.9791003012
830 11.0758733927
831 11.8611323115
832 11.0983157297
833 11.1199260029
834 11.190046138
835 11.0944334031
836 11.161293276
837 11.4914650807
838 10.9078411069
839 10.8346188454
840 10.483508816
841 10.648034992
842 10.6059740594
843 10.7650023095
844 10.2893774699
845 10.5926254309
846 10.5076574661
847 10.2897704939
848 10.799234745
849 10.7969721113
850 10.5785929344
851 10.3912872202
852 10.4485494507
853 10.4677677286
854 11.025105967
855 11.2843153052
856 11.6457014827
857 11.6356654383
858 11.9088184701
859 11.5907963492
860 11.380691916
861 11.5691167052
862 11.4032163747
863 11.8784034651
864 11.6105497129
865 11.6248876184
866 11.8613485388
867 11.8103245216
868 11.6963442212
869 11.4889508015
870 11.5976741495
871 11.3627407855
872 11.1174029848
873 11.3692154183
874 11.1923923196
875 11.1253998033
876 11.377103265
877 11.396687731
878 11.1370136764
879 11.07168359
880 11.0004408108
881 11.4869823916
882 11.231337352
883 11.0715330039
884 11.3068492154
885 11.2999064741
886 10.755396148
887 11.3995234165
888 11.2856350705
889 11.1902252488
890 11.6049958378
891 11.0912805474
892 11.5788991787
893 11.349249955
894 11.0559084343
895 11.4305150366
896 11.410358135
897 11.730612991
898 11.5617149108
899 11.4294699429
900 11.0241407766
901 11.3143062017
902 11.2412512695
903 11.202890241
904 11.4243493746
905 11.5138971668
906 11.4108484476
907 11.033963193
908 11.2440926156
909 11.0714867407
910 11.3491398004
911 11.3552270619
912 11.6333440258
913 11.1884642691
914 10.6438861601
915 10.8514703999
916 11.0314902166
917 11.103911256
918 11.7916675174
919 11.660146584
920 11.344496235
921 11.0529653988
922 10.7775958255
923 10.9176566895
924 10.9855221906
925 10.6332396598
926 11.0598144315
927 11.1541343625
928 10.8803808514
929 11.0027567647
930 11.1618362665
931 10.9813692859
932 11.1587658295
933 11.1838175169
934 11.404003227
935 11.6260603491
936 11.3845277212
937 11.3707154643
938 11.2110603361
939 10.8103310428
940 11.1599491687
941 11.1523864943
942 11.3199932878
943 11.2686282268
944 11.4663725176
945 11.7063680172
946 11.299856473
947 11.4145744212
948 11.1305276951
949 10.7785911416
950 11.1135935324
951 11.3292724913
952 11.2586518449
953 11.3486397175
954 11.0253181532
955 11.4182991475
956 11.3035234519
957 10.8713617998
958 11.2124905821
959 11.6822260873
960 11.7267003496
961 11.5444600688
962 11.3850090688
963 11.6657627301
964 11.1481040433
965 11.2742484799
966 11.4348224969
967 11.3766330471
968 11.0522076731
969 11.8400595375
970 11.7170196362
971 11.1225624461
972 11.1964383666
973 11.3902036121
974 11.5140932036
975 11.2789522024
976 11.6141991672
977 11.5177700316
978 11.3355269791
979 11.5495115433
980 11.7442748239
981 11.5230408975
982 11.3785130726
983 11.3763172287
984 11.6024693662
985 11.9841639706
986 11.5979253142
987 11.4436647216
988 11.8008095175
989 11.6501784826
990 11.6535871731
991 11.8104359777
992 11.7586937055
993 11.4483023501
994 11.6593368101
995 11.522919987
996 11.6626962398
997 11.401344124
998 11.6737431017
999 11.8688448209
