0 0.0
1 -0.0333998631138
2 0.111518289573
3 0.147901417903
4 0.454224104451
5 0.0943453008975
6 0.306409830773
7 0.266448621308
8 0.0379884567852
9 0.151207048076
10 0.338695879849
11 0.160288674965
12 0.300526505409
13 0.336238487297
14 0.425873578242
15 0.156864114283
16 -0.0110287864053
17 0.253521166012
18 0.252589881128
19 0.0449805800418
20 0.124687032756
21 0.042777729548
22 0.31015001097
23 0.568592834878
24 0.18673122868
25 -0.00905789601658
26 0.0311755866887
27 0.0225227072716
28 0.0770067096319
29 0.201941300065
30 -0.0761416675238
31 0.174549032307
32 -0.152384716655
33 -0.0948363469232
34 0.00757949833199
35 0.107229628593
36 0.155547714938
37 0.217491632367
38 0.25728574957
39 0.466889977955
40 0.325114713735
41 0.298946084249
42 0.425608878183
43 0.00294180477719
44 0.00202871814161
45 0.261882750138
46 0.391460707728
47 0.227238699685
48 0.0172607270198
49 -0.103707009161
50 0.137309296722
51 0.089603969773
52 0.500486156863
53 0.291001775827
54 0.135546794343
55 0.147534352727
56 -0.259472353832
57 -0.180118184572
58 0.0738041754907
59 -0.150509724781
60 -0.167475572343
61 0.0332949372209
62 0.0326178674804
63 -0.00471465428672
64 0.41164229641
65 0.272232767485
66 0.32396545307
67 0.287265260821
68 0.281750499508
69 0.262975899796
70 0.273608766125
71 0.0969892624884
72 -0.0393519459926
73 0.0919205498296
74 -0.0525822764322
75 -0.0617904060464
76 0.139262491226
77 0.0128841308636
78 0.295660114201
79 0.19464183214
80 0.120274651555
81 0.213122027623
82 0.310225278535
83 0.188260287952
84 0.232614051245
85 0.173331506475
86 -0.0591610369744
87 0.255502971977
88 -0.103329531248
89 0.209119558904
90 0.324766140983
91 0.268245894204
92 0.441049766474
93 0.497764180961
94 0.679102774517
95 0.408611632382
96 0.4364940139
97 0.709392100279
98 0.492154190113
99 0.790557818668
100 0.918561540033
101 0.73320633878
102 0.593583086764
103 0.624388930162
104 0.669128648058
105 0.449619046951
106 0.688303403624
107 0.591412942649
108 0.737473459153
109 0.705360399508
110 0.671559058683
111 0.55298915178
112 0.38733837091
113 0.471862467036
114 0.635110828168
115 0.536755501581
116 0.568943248749
117 0.414580391034
118 0.352266173381
119 0.255502978518
120 0.631043834149
121 0.525358989715
122 0.477500502427
123 0.542744202824
124 0.550022274533
125 0.725002653773
126 0.7501415468
127 0.587848307303
128 0.665210232467
129 0.334491611733
130 0.279783216772
131 0.606020911234
132 0.551859310214
133 0.353213904235
134 0.664486878268
135 0.542393984804
136 0.885209447466
137 0.54707320743
138 0.610341742517
139 0.725776436116
140 0.457571514066
141 0.4935444898
142 0.702490566526
143 0.555208867062
144 0.535811473409
145 0.528996294237
146 0.785420871058
147 0.619297354038
148 0.732491846675
149 0.694525771296
150 0.738892254443
151 0.767559998362
152 0.544144702325
153 0.823254004962
154 0.674805946098
155 0.614975616653
156 0.822859156323
157 0.998829147207
158 0.936538386454
159 0.873840812596
160 0.854364736033
161 0.947605138611
162 0.726165006411
163 1.15027213504
164 0.956794788002
165 0.664615294359
166 0.713290544866
167 0.711383920137
168 0.97072892576
169 1.23580253248
170 1.23484843679
171 1.08538105437
172 1.16300729557
173 1.30359921641
174 1.46009951873
175 1.54568427588
176 1.41186910806
177 1.28477276953
178 1.26304382768
179 1.09346205547
180 0.699403174295
181 0.707135456785
182 1.01949937783
183 1.1092563076
184 0.698092904508
185 1.11491936449
186 0.618595147792
187 0.832464614076
188 0.749068328993
189 0.980479857298
190 0.889840831487
191 0.770319319459
192 1.10578793297
193 0.947452503262
194 1.0716227848
195 1.02640666296
196 0.99848940539
197 0.999513211913
198 0.975034269568
199 1.22465537889
200 1.08237126623
201 0.969025335453
202 0.896146845193
203 0.785098046342
204 1.22551736582
205 1.44864539153
206 1.2640876071
207 1.30208858972
208 1.04608617738
209 0.945989201154
210 1.01332179527
211 1.04913790634
212 1.20621947736
213 1.21907004146
214 1.26113749917
215 0.903353359191
216 0.995554971179
217 1.15256451543
218 1.20877645299
219 1.2472377358
220 1.15015168503
221 1.05758110443
222 1.19281352383
223 1.40375633457
224 1.16057967999
225 1.34980939027
226 0.937099478056
227 0.923933048111
228 0.883000390616
229 1.18085923597
230 1.10671305901
231 1.13721388602
232 1.46037475234
233 1.32809723074
234 1.3969036806
235 1.19323194479
236 1.58514603081
237 1.49863172525
238 1.45154319076
239 1.2911262067
240 1.28902698725
241 1.33291595102
242 1.22723437781
243 1.61616640553
244 1.23256143731
245 1.09814320507
246 1.06424581112
247 1.21591383805
248 0.969716619713
249 1.21061752734
250 1.00579137925
251 0.973634204396
252 0.733199679335
253 0.93075349312
254 1.05799576793
255 0.92459174119
256 0.975722869104
257 0.858375947791
258 0.92095986634
259 1.08983162831
260 1.19767539748
261 1.31628545839
262 1.49550092922
263 1.40874588157
264 1.72412573248
265 1.45517893705
266 1.54295480489
267 1.28996057551
268 1.35184099172
269 1.57429571608
270 1.66619517021
271 1.53609953438
272 1.56413763141
273 1.54968671543
274 1.34475126375
275 1.87131006889
276 1.61912404291
277 1.41309423772
278 1.46732193408
279 1.72059160228
280 1.85628904807
281 1.75572813863
282 1.67323601984
283 1.4223212797
284 1.60240281325
285 1.78754221231
286 1.59072666614
287 1.66581974096
288 1.45760077121
289 1.56243716155
290 1.71348316847
291 1.64578750774
292 1.55147141688
293 1.62098636222
294 1.54633051795
295 1.27173745437
296 1.4870428136
297 1.53171548215
298 1.41061298308
299 2.13135788753
300 1.89655678718
301 1.82137215438
302 1.7778591158
303 1.73353622732
304 1.5827732111
305 1.45049496477
306 1.49665855706
307 1.72673863683
308 1.87176250483
309 1.84693440894
310 1.61635189927
311 1.8073386885
312 2.10050845791
313 1.78572225775
314 1.81100474993
315 1.64650952114
316 2.01470521927
317 1.71386038586
318 1.88515981813
319 1.65667300676
320 1.67760199692
321 1.85007043818
322 1.83255177988
323 1.94050208921
324 1.98418413578
325 2.01500482377
326 1.79134743881
327 1.7480385332
328 1.93702644621
329 1.82754012387
330 1.92441794023
331 2.02983006987
332 1.87933936292
333 1.70595983066
334 2.14862853792
335 2.05457148276
336 1.80903858879
337 2.04688479319
338 1.89745574467
339 2.02252438228
340 2.01051114152
341 2.01064672072
342 1.90562942076
343 2.00119746686
344 2.05635417247
345 1.65531879377
346 1.71859141721
347 2.01167703579
348 1.82297614273
349 2.00921698319
350 1.80341525242
351 2.03580816424
352 1.77532312806
353 1.94457514525
354 1.78314393306
355 1.79396989555
356 1.69990358585
357 1.7404082729
358 2.2779568561
359 1.88720195625
360 1.89489512751
361 2.06374111146
362 2.2454496369
363 2.15540691795
364 2.31999584508
365 1.95481588806
366 2.04183790311
367 2.07652713201
368 2.04833091541
369 1.93301866216
370 2.07924279719
371 1.91352844711
372 2.21533114161
373 2.05953931995
374 2.43147689312
375 2.12834812412
376 2.2171083232
377 2.10801053853
378 2.17500552271
379 2.06800337233
380 2.33796972761
381 2.03118995922
382 2.25391391235
383 2.44244182733
384 2.17612919822
385 2.50525662949
386 2.88186843543
387 2.91082852985
388 2.87118364495
389 2.67239489189
390 2.32052246954
391 2.63704618669
392 2.72866631397
393 2.79223433241
394 2.83993844686
395 2.93436185449
396 2.91835038293
397 2.92354027298
398 2.86552869685
399 2.95985648068
400 2.77863364585
401 2.64018440914
402 2.55478360117
403 2.5590444036
404 3.15352719634
405 2.71249540292
406 3.08640250112
407 3.10303966506
408 3.03793081562
409 2.67613220736
410 2.86838368892
411 2.87964550071
412 3.03589024196
413 3.17006384518
414 3.00484563688
415 3.26884172363
416 2.87295912535
417 3.47402209938
418 3.52797125577
419 3.32965659789
420 3.30888567469
421 3.58365455177
422 3.31647154022
423 3.75294478418
424 3.52943332368
425 3.46285419913
426 3.4833131586
427 3.46930336403
428 3.62673384282
429 3.7098101916
430 3.49996369186
431 4.06861569699
432 3.34143381449
433 3.50850368872
434 3.60693690448
435 3.56681711707
436 3.03279521194
437 3.56335723644
438 3.55994805019
439 3.78394511913
440 3.90272995329
441 3.69745271443
442 4.02898611541
443 4.39132022416
444 4.26506831944
445 4.41752044194
446 4.31497433059
447 4.10510181609
448 3.81457837646
449 3.95629231972
450 4.22405482506
451 4.42924600888
452 4.60090560761
453 4.52955019587
454 4.58425290461
455 4.17513539364
456 4.29211286073
457 4.1606348117
458 4.30083545314
459 4.27365501789
460 4.71275237966
461 4.65282805003
462 4.11570832537
463 4.37964503154
464 4.11589299033
465 4.45633035699
466 4.2288251386
467 3.82309017759
468 4.06274086521
469 3.95810237573
470 3.48581914278
471 3.38581142499
472 3.94917921145
473 3.49544330329
474 4.02900134093
475 3.693212895
476 3.65451030452
477 3.86287441923
478 3.78223501861
479 4.26439831998
480 4.0920975868
481 3.68207882804
482 3.95903812931
483 4.3237539195
484 4.26140423218
485 4.23412632821
486 4.01862936683
487 3.93056547726
488 3.7537840553
489 3.69554333847
490 4.24106632214
491 3.83398588892
492 3.44290095633
493 3.81174571692
494 3.78175760755
495 3.98716270773
496 3.74587980827
497 3.69811511841
498 3.92386605781
499 4.2024492714
500 4.45168357464
501 3.98219311944
502 4.11511558184
503 3.8702897724
504 4.30364245889
505 4.36374050097
506 4.30061095271
507 4.13781895448
508 4.46274728374
509 3.75316818704
510 4.16742635061
511 4.04058255187
512 4.07152018971
513 4.18243561121
514 4.15315844973
515 4.10532447443
516 4.6550084403
517 4.41368559123
518 4.35066297453
519 3.99256970435
520 4.23264533414
521 3.93895805883
522 3.47944012956
523 3.94687075015
524 3.4080399116
525 3.40805934271
526 3.83549440237
527 4.11736591412
528 3.71060207224
529 3.72371008616
530 3.76082394577
531 3.53118365421
532 3.73689242911
533 3.970289707
534 3.58416347993
535 3.97056557602
536 3.78671616892
537 4.14164503098
538 3.79345384286
539 3.20594837129
540 3.19170631236
541 3.07332758542
542 3.08179638161
543 3.46432597515
544 3.05835041701
545 3.26200696168
546 3.40071552186
547 3.51821849956
548 3.99569895154
549 3.61713320725
550 3.26348472757
551 3.65783724173
552 3.43679119787
553 3.36585173492
554 2.82334585972
555 3.02839213815
556 2.93284629453
557 2.74255643197
558 2.89345580807
559 3.42771846577
560 3.23337019899
561 3.24315789524
562 3.4029107716
563 3.05794198217
564 3.02544630734
565 3.13811001611
566 3.583622328
567 3.67041891935
568 4.01040561306
569 3.72396018982
570 4.10082149868
571 3.9344633408
572 4.14352372826
573 4.49446154781
574 4.25063738535
575 4.74663206063
576 4.25879944727
577 4.3673872569
578 4.24472807973
579 4.81158018849
580 4.93318311887
581 4.59799488295
582 4.15961768797
583 4.25303357591
584 4.23335226241
585 4.24166764416
586 4.06012399438
587 4.17011626035
588 4.19594022707
589 3.94015494051
590 4.03138526385
591 3.86797577183
592 4.27290068927
593 4.32982591103
594 4.51829873168
595 3.93128103978
596 4.02653191663
597 4.33784837349
598 4.11696048786
599 3.95782858108
600 3.99059799779
601 3.62682040277
602 4.1430838636
603 4.17876722971
604 4.54049749664
605 4.87634600001
606 4.14577905918
607 4.13604696716
608 4.214298404
609 4.32474634823
610 4.6745272907
611 4.63292309047
612 4.51785544938
613 4.12738946482
614 4.56360613048
615 4.21306382038
616 4.62681153846
617 4.96413066262
618 5.24965184284
619 4.80660759807
620 4.63593353996
621 4.93012490127
622 5.19749771256
623 5.24762560638
624 5.33814206321
625 5.20191245109
626 4.84062562143
627 5.04536913913
628 4.53183714189
629 4.39143288257
630 4.41588387232
631 4.40893386962
632 4.32020823989
633 4.40016251248
634 4.51436188908
635 4.67434143146
636 4.69633633103
637 4.25930072661
638 4.70509163716
639 4.70631467609
640 4.42784443405
641 4.95649994285
642 4.51314543589
643 4.6925068464
644 4.95738711807
645 5.09430439289
646 5.16623161449
647 5.14297643182
648 5.36900121279
649 5.28167894733
650 5.77855423894
651 6.0629177103
652 5.80210422756
653 5.96223754251
654 6.19860217487
655 6.08979378446
656 5.89082865478
657 6.12394210564
658 5.77372640781
659 5.6501937142
660 5.47519790651
661 5.5479570087
662 5.79503222949
663 5.95955285451
664 5.92020212776
665 6.11911012987
666 6.12890025567
667 6.37692981457
668 6.35445980668
669 6.17543929914
670 6.26376210338
671 6.85254751664
672 7.07167424746
673 6.82934406141
674 7.66871396616
675 7.71804817001
676 7.38627260604
677 7.49448104831
678 7.53274963411
679 7.87407455555
680 7.76537371214
681 7.25194092672
682 7.46368710657
683 6.87316653597
684 7.36500619942
685 7.05597336224
686 7.30146179042
687 7.28233687316
688 7.11300496515
689 7.64834365489
690 7.65357627696
691 7.37700768067
692 7.25077998536
693 7.0594018992
694 7.05719599937
695 6.7774204627
696 6.59075415598
697 6.74407072401
698 6.72058429201
699 6.44489013053
700 6.69476558031
701 6.62835080821
702 6.99147432972
703 7.16292265459
704 7.76360520102
705 7.37137645463
706 7.60898956929
707 7.14837823342
708 7.56151870535
709 7.54399821613
710 7.11458956579
711 7.23681975611
712 6.82085604887
713 6.52839832253
714 7.09974410665
715 7.08496700312
716 7.21301950511
717 6.66366852208
718 6.42402981668
719 6.05199811589
720 6.17857364882
721 5.75661828003
722 6.08963209657
723 5.6323923622
724 5.48236136132
725 5.79952599368
726 6.22874917569
727 5.74264328468
728 6.09260590381
729 6.22750389178
730 6.07524516791
731 6.40130408756
732 6.48402949392
733 6.36443937236
734 6.34146662498
735 6.30586198023
736 6.19607930978
737 6.16652037605
738 6.18382035831
739 6.40843439447
740 6.31372674245
741 6.38399509221
742 6.59216586813
743 6.71497890288
744 6.27873131926
745 6.07633747261
746 6.05968416861
747 6.13267231672
748 6.1427010205
749 6.16925598029
750 5.71758826484
751 5.50510899037
752 6.24819502824
753 6.32448121315
754 6.46150410015
755 6.25234962079
756 6.6573510877
757 6.74640970472
758 6.62161066969
759 6.28346702394
760 5.8865330885
761 6.11831052153
762 6.08910279876
763 5.81552985822
764 5.77872681095
765 5.75800680863
766 5.95211143451
767 6.19767871934
768 6.22865247519
769 6.23889808732
770 6.37587412671
771 6.35734983287
772 6.29732236049
773 5.94370038171
774 6.85577619258
775 6.52044197941
776 6.33330371085
777 6.60811587629
778 6.4650902579
779 6.59346091663
780 6.47816427043
781 6.33285163965
782 6.21736115233
783 6.49173721766
784 6.72412695807
785 6.21229351941
786 6.8445457352
787 6.65710125543
788 6.72829987087
789 6.82073840413
790 7.00946043489
791 6.90298192975
792 7.09144676906
793 7.00832030756
794 7.02235737093
795 6.80015497666
796 6.99926770816
797 7.19829646967
798 6.93801919076
799 7.02663347392
800 7.18940556518
801 7.04434750076
802 7.1780501321
803 6.38684460012
804 6.60977758545
805 6.63838378123
806 7.19643335474
807 7.19242794477
808 7.22403587585
809 7.27733694458
810 6.95470487234
811 7.44036075339
812 7.02865854169
813 7.17041545399
814 7.07670576672
815 7.43477077538
816 7.09850431072
817 7.86912683059
818 7.34563928368
819 7.42984201078
820 7.44321782804
821 7.06088456174
822 6.94028628898
823 6.52376839054
824 6.77382754055
825 6.68088043175
826 6.95265747215
827 7.36768874204
828 6.99489693125
829 7.15997636819
830 7.12412364927
831 6.83025312939
832 6.67171220197
833 6.5156456376
834 7.1393848861
835 6.7607260281
836 6.50008631658
837 6.64450584965
838 7.23703238877
839 7.74823090197
840 7.45622878999
841 7.64187812761
842 7.78246801186
843 7.33702599274
844 7.49045136559
845 7.0924643196
846 7.21230094072
847 6.52854934504
848 6.80064980458
849 6.47849193029
850 6.81713768729
851 6.8673771595
852 6.3118923351
853 6.60758383315
854 5.95349885016
855 6.08263713989
856 6.29547775579
857 6.05889799558
858 6.3502663678
859 6.53942178756
860 6.83726787026
861 6.76099210429
862 7.06390989187
863 6.72469167734
864 6.9887620402
865 6.67188894137
866 6.70485248084
867 6.81842440176
868 7.16708804247
869 7.36754862848
870 7.20758797076
871 7.25759053578
872 7.30984671553
873 7.10404657987
874 7.40668267748
875 7.15300673898
876 7.12848516308
877 7.55281297879
878 7.00337122093
879 7.18042322895
880 6.41415494367
881 6.54966423133
882 6.40835917765
883 6.84520589081
884 7.11789008472
885 6.67824902564
886 6.42666996143
887 6.73575071728
888 6.88977682366
889 7.41662567913
890 7.19930466066
891 7.62942368525
892 7.49293330313
893 7.43050451194
894 7.59407682695
895 7.45005358282
896 7.84615286285
897 7.61438085055
898 7.63172451844
899 7.55466643706
900 7.44250943243
901 6.93232579688
902 7.27562005089
903 7.11652901681
904 7.38630709337
905 7.35323896848
906 6.81996758781
907 7.06897754224
908 6.86386715487
909 6.65749827211
910 6.79966339485
911 7.14871737379
912 7.32122011461
913 7.20830775318
914 7.6567097448
915 7.59166098021
916 7.42209561916
917 7.61072107216
918 7.33239356011
919 7.22004191164
920 6.95653472626
921 7.02557552527
922 7.11103850394
923 6.87688540289
924 7.20214722347
925 6.811017687
926 7.02039191906
927 7.22777158206
928 6.80746235734
929 6.64115106039
930 6.63730757861
931 6.61512910416
932 6.84209496924
933 6.6709029567
934 6.50306789036
935 6.66234811261
936 6.85310364848
937 6.22780113191
938 6.23382469225
939 6.53163204831
940 6.63825303312
941 6.55162105774
942 6.66838088423
943 7.14681545373
944 6.83386581572
945 7.02208801414
946 6.69369196585
947 7.11129842297
948 7.47563702074
949 7.24288794425
950 7.34786865792
951 7.39076084874
952 7.0218496775
953 7.57088086148
954 7.79408685509
955 7.62341298207
956 7.83968197008
957 8.1174558419
958 7.88098688277
959 7.35711350469
960 7.40494299792
961 8.09476259291
962 7.80574680692
963 8.0488239693
964 8.28369324655
965 8.87865876595
966 8.41637617747
967 8.54397081823
968 8.8687467267
969 8.57850562558
970 8.32062573517
971 8.3118266312
972 7.75604771284
973 7.95031997607
974 7.54693212018
975 7.60927257222
976 7.03659375057
977 7.06932411976
978 7.45308823042
979 7.24225219624
980 7.3162599976
981 7.06430969178
982 7.65779132258
983 7.86174178357
984 7.35859569248
985 7.7634826932
986 7.75799762274
987 7.41822838812
988 7.48158343543
989 7.10294847795
990 7.77348720984
991 7.75245014941
992 7.58005533226
993 7.87757097338
994 8.02379013476
995 7.96558767638
996 7.94743833391
997 7.58094308732
998 7.5126166796
999 7.63895192606
