0 0.0
1 0.0917008168399
2 0.187086395042
3 0.478993492564
4 0.323788455346
5 0.225773439185
6 0.242199516958
7 0.297658940832
8 0.504992496631
9 0.387030201693
10 0.497466144648
11 0.42574992426
12 0.212579636393
13 0.396556962518
14 0.275206535638
15 0.376905321358
16 0.282928447631
17 0.177722827107
18 0.126317657051
19 0.265708022219
20 -0.045802208723
21 -0.0804877914196
22 0.0310263547466
23 0.140929568495
24 0.385794830754
25 0.507432467428
26 0.515925706895
27 0.328081975965
28 0.408312301701
29 0.372729606369
30 0.45559357803
31 0.515745044691
32 0.665375145884
33 0.486048263448
34 0.439409350309
35 0.550554788848
36 0.375969348911
37 0.415248175034
38 0.354279699752
39 0.28911201294
40 0.19236370419
41 0.470654500101
42 0.343968242127
43 0.297446505635
44 0.350595367392
45 0.472436920892
46 0.549813316684
47 0.7782720003
48 0.480529605858
49 0.474151245711
50 0.353434713822
51 0.416096851032
52 0.582531405785
53 0.381250502767
54 0.539349150733
55 0.569932592818
56 0.517633181725
57 0.951739452629
58 0.518048635568
59 1.12600568296
60 0.680834603281
61 0.652707004132
62 0.651657548685
63 0.733211703692
64 0.747943129532
65 0.726971968102
66 0.934111771803
67 0.729506732678
68 0.657009372302
69 0.664596722238
70 0.65628844873
71 0.594838464551
72 0.719386943203
73 0.855179094347
74 0.552764609612
75 0.740027058002
76 0.733481200652
77 0.846086168009
78 0.923240439341
79 0.834290160964
80 0.488960552507
81 0.737595863173
82 0.926347848464
83 0.719392800735
84 0.984950002313
85 0.737446879441
86 0.878272944227
87 1.17456991782
88 0.804290310614
89 0.57199741284
90 0.753534051163
91 0.79489603391
92 0.793706823278
93 0.719279513742
94 0.46252870533
95 0.724562875836
96 0.575483035814
97 0.571468906324
98 0.526270428808
99 0.786252737169
100 0.625745493465
101 0.660518137352
102 0.857112409999
103 0.61533948865
104 0.834148128949
105 0.587395155269
106 0.865456072528
107 0.75133915757
108 1.01739971891
109 0.491829560277
110 0.632121986586
111 0.990939624015
112 0.82409059579
113 0.834301685202
114 0.865080383207
115 1.03683655678
116 0.930775910005
117 1.02849431482
118 0.78966507558
119 0.73450546665
120 0.788150571804
121 0.698508033615
122 0.92928782927
123 0.967309915353
124 0.601047766958
125 0.957368647092
126 0.792196149533
127 1.05984917485
128 0.904461739268
129 0.997328760637
130 1.11896585722
131 1.13649332217
132 1.06719969758
133 1.01353165895
134 0.888608114233
135 0.882096921735
136 0.931021019855
137 0.945037070263
138 0.783019122287
139 0.713755134351
140 1.01302552045
141 0.848050898515
142 0.84304911017
143 0.83824808182
144 0.885588841369
145 1.00552724001
146 0.834597210276
147 0.722463019324
148 0.8125988125
149 0.831992180511
150 0.983283067457
151 1.09846916422
152 0.899361422619
153 1.02059825537
154 1.01102884291
155 0.819161580501
156 0.629651951148
157 0.890179919928
158 0.817148891219
159 1.0269860815
160 1.03900484376
161 0.984828615278
162 0.760180480749
163 1.16368416166
164 1.08700536011
165 1.17327490644
166 1.17390616433
167 1.18280106432
168 1.18705168333
169 1.18073249956
170 1.12924439443
171 1.04649855276
172 0.971411329407
173 1.0607359174
174 1.31584963084
175 1.39300695512
176 1.16807770931
177 1.21969405249
178 1.12096222806
179 1.42485065962
180 1.64774454007
181 1.5917357191
182 1.534267625
183 1.50229563692
184 1.58547910155
185 1.23756655659
186 1.54849581062
187 1.75014614452
188 1.36059313239
189 1.50705372291
190 1.432473414
191 1.48984282233
192 1.65227267926
193 1.57210878023
194 1.57138211753
195 1.76572571597
196 1.67584098466
197 1.7894587301
198 1.67198795303
199 1.64567910658
200 1.5606795783
201 1.43276364042
202 1.66362566199
203 1.73005224364
204 1.79594999599
205 1.82901121335
206 1.76216485935
207 1.61175371356
208 1.57982590846
209 1.97235662112
210 1.93402856435
211 1.86913558831
212 1.68855726947
213 1.6947578472
214 1.61397281111
215 1.64948556666
216 1.81575099065
217 1.94644494839
218 2.10117167543
219 2.08190521103
220 2.20318318144
221 2.24877013714
222 2.72583307714
223 2.10358151224
224 1.94236180176
225 2.21583413378
226 1.94149756745
227 1.70424819343
228 2.06884783112
229 1.86398311675
230 1.98484947614
231 1.61897119751
232 2.23341639856
233 2.10472245119
234 1.70995152252
235 2.35469950901
236 2.28635835237
237 2.14099711878
238 2.41493040682
239 2.18585547729
240 2.36641194491
241 2.32138710718
242 2.37093681136
243 2.56308157959
244 2.33268135732
245 2.46766866122
246 2.41291430088
247 2.33652620784
248 2.34568815679
249 2.18283816904
250 2.22904605076
251 2.03874022125
252 2.24967104261
253 2.09668250758
254 2.02085367596
255 2.11000582529
256 1.93781216364
257 1.99485480589
258 2.0440914475
259 2.0125117843
260 1.69847198136
261 1.91966522634
262 2.12395651383
263 1.83279919276
264 2.40533057806
265 2.04857783945
266 2.283617055
267 2.23184298029
268 2.20260982029
269 2.10891124063
270 2.06486594441
271 2.15084783579
272 2.01880759937
273 2.00878131491
274 2.39787155379
275 2.3256078906
276 2.06191616866
277 2.15530187484
278 2.09543695963
279 2.08724287367
280 1.84870246302
281 2.15514448254
282 1.89641520968
283 1.66547475075
284 1.92044043758
285 1.85526253858
286 1.8558931282
287 2.36348624455
288 2.14401770008
289 2.3450877786
290 2.28245892032
291 2.15370034044
292 1.85731682797
293 2.43787775989
294 2.35172445151
295 2.17523829782
296 2.48320537087
297 1.96933559578
298 2.04225643984
299 2.27086738396
300 2.17952742704
301 2.2201211977
302 2.70654863555
303 2.06543677214
304 1.93521273968
305 1.91445563638
306 1.74829021625
307 1.87102455213
308 1.95668475099
309 2.24650797797
310 2.41379869483
311 1.97699446197
312 2.18479196628
313 2.44585933241
314 2.4677375215
315 2.51570950128
316 2.54111983923
317 2.52526781803
318 2.37855841831
319 2.0609794157
320 2.64571208111
321 2.0029031263
322 2.51271167476
323 2.299857315
324 2.19589674924
325 2.17204993112
326 2.44988702536
327 2.62266903767
328 2.15424157241
329 2.23525845979
330 2.1368136994
331 2.46545415699
332 2.21492983454
333 2.31356420756
334 2.19520647892
335 2.84545818369
336 2.22232088685
337 2.3269345328
338 2.17938642937
339 2.55099951932
340 2.5925555254
341 2.35323941044
342 2.41300062
343 2.29154261266
344 2.27811811302
345 2.23634952986
346 2.45195099799
347 2.58047723336
348 2.48530052978
349 2.39700956233
350 2.34348800885
351 2.02631491114
352 2.58443842368
353 2.45570104675
354 2.32239800811
355 2.47874995968
356 2.45247316925
357 2.63728995368
358 2.46282941408
359 2.81078070089
360 2.76790961479
361 3.12925352333
362 3.16904784125
363 2.88165840393
364 2.84053853268
365 2.96234082752
366 2.56774125017
367 2.59424502095
368 2.98785621164
369 2.59826268827
370 2.87889880877
371 2.86205718326
372 3.13914509955
373 2.60565775812
374 2.53103691031
375 3.0305540233
376 2.90142053331
377 3.01702481497
378 3.10990802326
379 3.24548656485
380 3.20520152253
381 3.37787023074
382 3.27685426471
383 3.42115021324
384 2.38243868382
385 2.64177024301
386 2.61570870059
387 2.94087010055
388 2.53228846413
389 2.87832984863
390 2.86149301035
391 2.91310909389
392 3.51864858283
393 3.13220185366
394 3.31995201073
395 3.5207812175
396 3.30973634685
397 3.33215002785
398 3.0850585969
399 3.07007110214
400 3.15512611005
401 3.45392951946
402 3.80990943985
403 3.36602723869
404 2.83821714458
405 2.85052855281
406 2.8777156606
407 3.15189986766
408 2.65240273672
409 3.02598177748
410 2.61753305379
411 3.12068158723
412 2.91297323466
413 3.15705271275
414 2.96779763228
415 2.93766292505
416 2.9848564933
417 2.74207440291
418 2.59381518393
419 2.59151730681
420 2.46333264991
421 2.2557126913
422 2.33828194812
423 2.39152602724
424 1.99330928945
425 2.52096200824
426 2.01567294895
427 2.32192816431
428 2.13715433942
429 2.40086733424
430 2.22617919961
431 2.25498033839
432 2.12750818042
433 2.04965186784
434 2.12467691566
435 2.3522209844
436 2.41948586954
437 2.26350051076
438 2.27269907473
439 1.92304738529
440 2.18782846419
441 2.35318292863
442 2.0561309561
443 2.29020839664
444 2.21288656725
445 2.29490255512
446 2.60946130042
447 2.62977226452
448 2.65505288483
449 2.7892943546
450 2.75900574988
451 2.48616505309
452 3.09385145165
453 3.2696753406
454 2.91039165124
455 2.97177430458
456 3.08127835593
457 2.8306526755
458 2.93493448004
459 3.20807821151
460 2.92462946623
461 3.09255738553
462 3.08109739862
463 3.26758932001
464 3.22797575102
465 3.38770657096
466 3.82050016114
467 2.96281867452
468 3.05737174181
469 3.02697275307
470 2.87801053297
471 3.59531920101
472 3.57574119181
473 3.36357890873
474 3.49055713409
475 3.65539950079
476 3.5800777595
477 3.33058241335
478 3.71541999316
479 3.79738228606
480 3.9323566605
481 4.0918302605
482 4.56529812469
483 4.04550477512
484 4.30298743143
485 4.25257014774
486 4.07585655891
487 3.51331388289
488 3.60901476602
489 3.85704878414
490 3.59452198718
491 3.3870946729
492 3.72840237819
493 3.73277574969
494 3.37223419189
495 3.55625473041
496 3.44841337057
497 3.64747142527
498 3.78751625587
499 4.17853996186
500 4.01313055361
501 3.91971303054
502 3.60660345744
503 3.67598908266
504 3.42338052615
505 3.22028173991
506 3.25113987098
507 3.49131851803
508 2.66934684031
509 2.97294076391
510 3.14682303015
511 2.97123614045
512 3.18340432626
513 3.12581386501
514 2.98516126155
515 3.38516616025
516 3.65662016439
517 3.36738158523
518 3.27408725181
519 3.46621092186
520 3.48765295366
521 3.52034363645
522 3.19971973476
523 3.43850106338
524 3.22543125593
525 3.54819424224
526 3.23561836694
527 3.13205807838
528 3.02996211783
529 3.14593697264
530 3.0770413737
531 3.01992561956
532 3.21372342581
533 3.11493706933
534 3.97302132391
535 3.62378028341
536 3.70000580837
537 3.19850983079
538 3.15883817641
539 2.98595519346
540 3.48282149818
541 3.25465638137
542 2.94820193561
543 2.88453514268
544 3.48928667312
545 3.53838302543
546 3.02947023165
547 3.39980881
548 3.3755659685
549 3.82227773986
550 3.80896378478
551 3.9610212385
552 4.2183595434
553 3.21749479152
554 3.38268577494
555 3.77902865733
556 3.9670752265
557 3.67450982054
558 3.45620931009
559 4.5469422288
560 4.09965221853
561 4.08002516917
562 4.57543728464
563 4.09354848037
564 4.249976421
565 4.04493880108
566 4.22504528275
567 3.91172779918
568 3.95665909282
569 4.09010138715
570 4.09775173762
571 3.9517541591
572 4.06396963095
573 3.94567397213
574 4.19661716326
575 4.20313503435
576 4.26388603081
577 4.29348018902
578 4.51864429484
579 4.1622431385
580 4.32806772056
581 4.14296244232
582 4.54020968576
583 3.96262511935
584 4.12423193287
585 4.32497559147
586 4.01631828503
587 4.17982789409
588 4.15783752211
589 4.23423099185
590 4.9707752227
591 4.85078263402
592 4.70327944281
593 5.09623777887
594 5.13667664726
595 5.24798646963
596 5.46118007209
597 5.20900536075
598 5.22340494155
599 5.51233344851
600 5.68563867286
601 5.60920526268
602 5.91629347002
603 5.88493524417
604 5.82029975419
605 5.64073675929
606 5.5329882405
607 5.75438149416
608 6.06223007917
609 6.02420272284
610 5.72414517732
611 6.01096612385
612 5.58672191304
613 5.91319371963
614 5.57822825203
615 5.63247750919
616 6.09337318408
617 6.05713488678
618 5.89941930404
619 6.7078904613
620 6.6519206865
621 6.82919713781
622 6.2364889833
623 6.61426210001
624 6.30691292755
625 6.15653713422
626 6.2677598964
627 6.48704224496
628 6.23760939493
629 5.59195327698
630 5.77537317936
631 5.81080491284
632 5.82961501747
633 5.79192230329
634 5.54950842358
635 5.80030637365
636 5.6491595992
637 5.942659317
638 5.55713642742
639 6.00972157139
640 6.25866346661
641 5.80768858474
642 6.2065471631
643 6.05026697912
644 6.39867923413
645 6.39690277992
646 6.3905917753
647 7.14021435465
648 6.87582020907
649 6.94319838495
650 6.61568448621
651 6.6828676555
652 6.69073701137
653 6.599067777
654 6.58576045719
655 6.45563139367
656 6.33573620035
657 6.48021345613
658 6.2834895144
659 5.96637195429
660 5.56651825826
661 5.55036429853
662 5.90826080428
663 5.23749424947
664 5.14231282189
665 5.59950091379
666 5.36989716788
667 5.69746953957
668 6.02923180762
669 6.05994123693
670 6.14453212104
671 6.27872121284
672 6.35057835422
673 6.36310307895
674 6.42465676065
675 6.52161108448
676 6.35476667106
677 6.85800542142
678 6.64542172466
679 6.49571076631
680 7.17466591133
681 6.39714824285
682 6.88611471818
683 6.58020524849
684 6.79386988705
685 7.43338322679
686 7.52551423211
687 7.23281242376
688 6.86805190467
689 6.56099354249
690 6.6634950487
691 7.07426430338
692 6.73633519415
693 7.00141717254
694 7.073584495
695 7.12823123049
696 7.39321860161
697 7.15114851744
698 7.15907769856
699 6.96822444449
700 6.64615674752
701 7.08689635202
702 6.81632976939
703 7.187721856
704 7.52743130993
705 7.92800934399
706 8.0816304994
707 7.43182801389
708 7.37715229953
709 7.63294613173
710 7.5331605174
711 7.2248960406
712 7.62650501482
713 7.47359062654
714 7.33081132189
715 7.53959597484
716 7.52216528481
717 7.83146829526
718 8.12956505874
719 7.80529911781
720 7.84518587587
721 7.57335084656
722 7.86252821605
723 7.38702167009
724 7.67525708148
725 7.82655092782
726 7.63944734555
727 8.19821123895
728 8.17860230787
729 8.16251915301
730 7.72497943062
731 8.19768981692
732 7.69088634913
733 8.02088087852
734 7.8412136917
735 7.80092861425
736 7.94777347725
737 8.45976644892
738 7.94583715239
739 8.01616255647
740 8.2712055656
741 8.25776933019
742 7.8147899641
743 8.00771949043
744 8.0133851158
745 7.73877701436
746 7.48562871166
747 7.41880197128
748 7.14723502206
749 6.88317314741
750 7.27837060386
751 6.52824902783
752 7.01835297459
753 7.06819857248
754 7.38639025689
755 7.80150928085
756 7.78882630039
757 7.7922360662
758 7.653434529
759 7.6870417435
760 8.01256056884
761 7.94192975704
762 8.48841455861
763 8.60758477759
764 8.59141954677
765 8.49819353759
766 8.31613023862
767 8.33873077517
768 8.35136271295
769 8.28756118759
770 8.3303475826
771 8.36413305985
772 8.51418718743
773 8.44125174341
774 8.40372223335
775 8.44548120091
776 8.83385181643
777 8.62622001493
778 8.82271996951
779 8.56879381908
780 8.36769690693
781 8.92151816452
782 9.05653464943
783 9.23525759963
784 9.10060690059
785 9.49123900654
786 9.1222011105
787 9.01712965998
788 9.60011943181
789 9.6472833912
790 9.43264482202
791 9.3717315809
792 9.02685625777
793 9.4536389809
794 9.53140546229
795 9.41235323203
796 9.70871424843
797 10.08596238
798 9.80206638508
799 9.77350191321
800 9.60328778449
801 9.85969229963
802 9.70652522153
803 9.47269902236
804 9.39904586802
805 9.49638657906
806 9.27574466115
807 9.72714250721
808 9.91763949402
809 9.69102357165
810 9.16940678889
811 9.35675629329
812 10.0139647859
813 10.2213446248
814 9.68441495091
815 9.75280084431
816 9.87643782205
817 9.73193805236
818 9.62656290535
819 9.74142480789
820 9.71731429291
821 9.42927610016
822 9.58717234096
823 9.79800578444
824 9.75542638603
825 9.85524424158
826 9.99696552165
827 10.3363310281
828 10.297326115
829 10.2196372783
830 10.4883757159
831 10.417484707
832 10.3845113751
833 10.6784118684
834 10.7108408204
835 10.7437622592
836 10.7138662548
837 10.7072423809
838 10.9509974087
839 10.2414939905
840 10.6239081475
841 10.3809266475
842 10.6815428525
843 11.265133795
844 11.0732975602
845 11.0036483185
846 11.1712162155
847 11.1295037506
848 11.4178896662
849 11.0825725116
850 11.338509644
851 11.144209043
852 11.6987378883
853 11.450953188
854 11.4195039092
855 11.6284088426
856 11.5273261047
857 11.4699389322
858 11.5444616551
859 11.922520655
860 11.7753543934
861 11.2639768577
862 11.7828063586
863 11.9109768605
864 11.7825682849
865 11.6014958934
866 11.2260303322
867 11.3764519717
868 11.3341316916
869 11.4066914701
870 11.5984240175
871 11.5034544384
872 11.6135663286
873 11.5424466116
874 11.8697616112
875 12.0834946136
876 12.4293180504
877 12.7400759583
878 12.3020760613
879 12.4716080936
880 12.3172263707
881 12.2932718594
882 12.3437810036
883 12.2064448698
884 12.1657081352
885 12.1569892988
886 12.2083894895
887 12.0781640741
888 12.0088120499
889 11.8501991627
890 11.5413146279
891 12.1280918261
892 12.2065701529
893 11.9130560187
894 12.2955698586
895 12.1421894369
896 12.3747250422
897 12.686922777
898 12.5953673844
899 12.7580404822
900 12.1508481684
901 12.3271939202
902 12.205400462
903 12.0749217714
904 11.9872251496
905 11.9307843103
906 12.1470372297
907 12.0784625248
908 11.88462341
909 11.7922840352
910 11.2821347869
911 11.4240346361
912 11.6105602365
913 11.7150035936
914 11.6315456444
915 11.4273561254
916 11.8197104322
917 11.5037078242
918 11.5512314622
919 11.32047042
920 11.6919533303
921 11.6284463525
922 11.6736413751
923 11.8407795836
924 11.8514760797
925 11.5943996612
926 11.7748789971
927 11.9032148078
928 11.9801976285
929 11.2132964638
930 11.3763377141
931 11.8124667138
932 12.1300170568
933 11.7296236404
934 11.5015160242
935 11.7070816889
936 11.9738719613
937 11.6332456169
938 11.6108237503
939 11.4157391839
940 11.8864851661
941 12.0720405843
942 11.6532543253
943 11.6866651396
944 11.9112634151
945 12.0106800327
946 11.920884461
947 11.2616856925
948 11.9350810902
949 11.7941683777
950 11.6262740348
951 11.7237987696
952 11.7385989773
953 11.8078717347
954 11.7300885443
955 11.760372234
956 11.8540861622
957 11.9526879941
958 11.7180815006
959 11.9733434396
960 12.0109585158
961 12.0866906511
962 11.7443001222
963 11.4163358014
964 11.6481970869
965 11.7729073762
966 11.6436998408
967 11.7566329818
968 11.5014366307
969 11.592531778
970 11.6060772037
971 11.590746265
972 12.0183045255
973 12.1122349453
974 11.9237368143
975 11.9597254037
976 11.5736531617
977 12.0488573792
978 11.880278858
979 11.8971355335
980 11.8893430555
981 12.0769905311
982 11.5738561735
983 12.0282629332
984 12.0781619877
985 11.938316395
986 12.5919205329
987 12.3022529782
988 12.5024902655
989 12.8630751549
990 12.9539396638
991 12.901578394
992 12.8763111103
993 13.0401858628
994 13.1217311254
995 13.6869302296
996 13.572044009
997 13.5714819218
998 13.4167595108
999 13.4343362886
