0 0.0
1 -0.101438062393
2 0.00216209672525
3 0.0833828194562
4 -0.147535032471
5 0.0172103235065
6 -0.06478073898
7 0.0159318657021
8 0.0668501811969
9 0.0567169246306
10 0.23821144341
11 0.062064484343
12 0.137971080349
13 0.2185398851
14 0.304102460902
15 0.215762277324
16 0.160627969479
17 0.174334988447
18 0.193479273028
19 0.227414110204
20 0.0444612868248
21 0.145639168658
22 0.257218498296
23 0.105709508148
24 0.027476736293
25 0.0701075298174
26 0.369127207363
27 0.241052478843
28 0.212821879192
29 -0.0579626651327
30 -0.183264250577
31 -0.117298543144
32 0.0482896147458
33 -0.130518006754
34 -0.000706936228994
35 0.367653526332
36 0.148435863613
37 0.258335958545
38 0.275263173913
39 0.38059959444
40 0.274787640611
41 0.25202567181
42 0.437107948332
43 0.225016639602
44 0.150801686768
45 0.152659939915
46 0.00433574854705
47 -0.0585957363374
48 -0.0222361697831
49 0.0818940625918
50 0.037645643142
51 0.0642238234843
52 0.0410273595209
53 -0.0991929037394
54 0.21213218837
55 0.113716936995
56 -0.0205207352721
57 -0.0587207296057
58 0.123124831411
59 0.247961769998
60 -0.0434373618726
61 -0.00427337296859
62 0.107974232359
63 0.261997126701
64 0.525863766985
65 0.302602921951
66 0.126718721306
67 0.36799501664
68 0.142605498392
69 0.022956281747
70 0.111706504949
71 0.0757231387666
72 0.261641208481
73 -0.0179973604957
74 0.12835073425
75 0.0727948468166
76 0.47031709057
77 0.311312497488
78 0.174225689728
79 0.217397775113
80 0.388163141821
81 0.245386654346
82 -0.160248001796
83 -0.0298813006903
84 -0.01347310228
85 0.353673167134
86 0.425983196945
87 0.269951666617
88 0.44143187912
89 0.349110865654
90 0.255879766081
91 0.0539917240801
92 0.213956527278
93 0.371672810886
94 0.52432844204
95 0.373848455483
96 0.277344717347
97 0.629521432486
98 0.403620707852
99 0.468770594553
100 0.474689411468
101 0.550569364534
102 0.139343180733
103 0.291738367377
104 0.203568408986
105 0.394496350608
106 0.458197889348
107 0.331108093003
108 0.316996652385
109 0.259509123408
110 0.206659157
111 0.200105577197
112 0.129127998813
113 0.251153622275
114 0.228269262822
115 0.294776172206
116 0.216914744784
117 0.13986545196
118 0.3756683547
119 0.527898864605
120 0.428064551801
121 0.422199132323
122 0.317859005558
123 0.374304609123
124 0.298519335459
125 0.182108778089
126 0.196817422748
127 0.224439925724
128 0.286974717032
129 0.20258020405
130 0.434331325774
131 0.272800893578
132 0.213264388537
133 0.184364256872
134 0.248136126217
135 0.189625763962
136 0.294581625139
137 0.237574470888
138 0.416774526259
139 0.247814498659
140 0.555846853004
141 0.510047636621
142 0.282914543785
143 0.271969043435
144 0.61021630376
145 0.512592813915
146 0.320724876038
147 0.263709240725
148 0.259165782493
149 0.149032302469
150 0.340818241443
151 0.462657405722
152 0.467418463604
153 0.432614320769
154 0.728818359735
155 0.947103633652
156 0.635388350681
157 0.645043460853
158 0.55430499849
159 0.642074102956
160 0.895976476234
161 0.812787906795
162 0.624450960357
163 0.58799071971
164 0.487018013466
165 0.825853645851
166 0.534695994067
167 0.743323463091
168 0.602783116771
169 0.686243277718
170 0.993827609407
171 0.572747443985
172 0.691603335464
173 0.719867823757
174 0.576727641026
175 0.757903947776
176 0.38212107524
177 0.233283152821
178 0.414662956092
179 0.555530194676
180 0.874728146858
181 0.662174601132
182 0.795816099642
183 0.69498498897
184 0.652735871971
185 0.439611474343
186 0.285133587313
187 0.396134627353
188 0.40544295845
189 0.135803912817
190 0.619607662627
191 0.462919997756
192 0.409932463799
193 0.597656611327
194 0.614391008042
195 0.530723509503
196 0.542437400496
197 0.542121889
198 0.415593284291
199 0.43181689397
200 0.574529181059
201 0.669332278114
202 0.310892956427
203 0.408305166664
204 0.313679387165
205 0.337020531453
206 0.490065329204
207 0.680613390275
208 0.815862959128
209 0.735239871304
210 0.677317809186
211 0.759577963098
212 0.748680620238
213 0.503391889225
214 0.666313715877
215 0.706573088964
216 0.710214763069
217 0.915112953037
218 1.02842074508
219 0.825254923523
220 1.1393514709
221 1.16378893189
222 1.09060462962
223 1.06091899382
224 1.2005637795
225 0.850651645882
226 1.0242139371
227 0.86001907637
228 0.666794876379
229 0.911474917104
230 0.850166292704
231 0.712755826712
232 0.911804386974
233 0.761418767765
234 0.947094043048
235 1.05019089623
236 0.970123077252
237 1.22734046054
238 1.13820920371
239 0.964701403067
240 1.00132262062
241 0.628740337291
242 0.561725503453
243 1.2242387813
244 0.900268930701
245 1.00955722219
246 0.939837714592
247 1.00764352931
248 1.22584621019
249 1.05238613737
250 0.982590358198
251 0.982716270156
252 0.838356834689
253 0.67869565959
254 0.793141401366
255 1.08781458678
256 1.04510740073
257 1.19951444958
258 1.09320264364
259 0.808390739426
260 1.38859614628
261 0.929392172081
262 1.11735747705
263 1.03838508557
264 0.660441765115
265 0.882487924327
266 0.957919209415
267 0.95061957689
268 1.09563970151
269 0.569802735156
270 0.75356284088
271 0.750007353775
272 0.711488672444
273 0.59569601143
274 0.91827245519
275 0.773398636408
276 1.08423457875
277 0.958816825379
278 1.05632952174
279 1.31462845273
280 1.12978990913
281 1.21181857625
282 1.14860662367
283 1.19879525436
284 1.51508534667
285 1.59160640774
286 1.56192242535
287 1.42823384552
288 1.44661607442
289 1.61903055851
290 1.50112577065
291 1.54804041091
292 1.41715846252
293 1.3739749077
294 1.62837995008
295 1.12139952283
296 0.924845823968
297 1.30697345121
298 1.45677793913
299 1.41468767688
300 1.41345086257
301 1.7559542219
302 1.26676732771
303 1.34876542875
304 1.61689600086
305 1.59460868531
306 1.5281524892
307 1.53155818165
308 1.61090659114
309 1.53249983328
310 1.48624921922
311 1.34265452156
312 1.39356657837
313 1.73214256945
314 1.30629706453
315 1.39531975888
316 1.21929514694
317 1.43031796211
318 1.4798990631
319 1.21189883279
320 1.09860882124
321 1.35212946303
322 1.43141312571
323 1.47945157081
324 1.20009507009
325 1.51786782114
326 1.72257398034
327 1.50574577021
328 2.12718522649
329 2.47926842453
330 1.92768016342
331 1.84444483933
332 1.77350055237
333 1.77685131054
334 2.01963203073
335 1.91158718103
336 1.99174244079
337 1.46832129476
338 2.23749281632
339 1.56665391085
340 2.31992301054
341 2.37059459176
342 1.82247212055
343 2.03121938783
344 1.74086033134
345 1.70230849192
346 1.98499920405
347 1.79388978498
348 1.87977954806
349 1.95894844978
350 2.03334980149
351 2.15940336439
352 2.32264403066
353 2.30437358837
354 2.54881312211
355 2.04192165494
356 2.39208186877
357 1.7056900563
358 2.31979200645
359 2.21705627446
360 2.1834591426
361 2.38993546338
362 2.19064358137
363 2.2904917597
364 2.38347203783
365 2.41359381617
366 2.12581223252
367 2.23256695905
368 2.60509085484
369 2.68377418436
370 2.77283052993
371 3.13497166562
372 3.12580289812
373 2.11668568543
374 2.14115187305
375 2.56309218945
376 2.50788922192
377 2.61422435529
378 2.53165672422
379 2.67259791721
380 2.57619948601
381 2.12839509618
382 2.62579716746
383 2.03236177885
384 2.15558895832
385 2.08127027423
386 2.3419114121
387 2.69191516097
388 2.38124217241
389 2.77631835344
390 2.92713163732
391 2.92108625455
392 2.66543969911
393 2.65366471337
394 2.77634172036
395 2.74652700295
396 3.15939919689
397 2.92944895286
398 3.0007391711
399 2.87117629485
400 2.80819596226
401 2.48075219732
402 2.31170594656
403 2.23513274933
404 2.24184794366
405 2.58891098196
406 2.60095618855
407 2.64897748875
408 2.6966518672
409 3.12648176654
410 2.94999904094
411 3.00783080411
412 3.01172095256
413 2.62792431343
414 2.39246409983
415 2.09357600101
416 2.17777690092
417 2.31791864431
418 2.5166171191
419 2.14671487915
420 2.47418997377
421 2.00530448727
422 2.54791103802
423 2.34871606252
424 2.83651913383
425 2.16470579565
426 1.84289634168
427 2.41937196491
428 1.9812934811
429 2.39271871615
430 2.06538998187
431 2.00573023789
432 2.25768626864
433 2.40212456153
434 2.32999224931
435 2.11757730955
436 2.18348283604
437 2.6007829188
438 2.27799828008
439 1.8922851133
440 2.11736671347
441 1.79961394917
442 2.56670949606
443 2.79353055748
444 2.97457190759
445 2.60040756161
446 2.13697648188
447 2.3088791402
448 2.45884922786
449 2.38515595031
450 3.18701733507
451 2.99200585938
452 3.21610080578
453 3.43999215979
454 2.93310990568
455 2.76762455934
456 2.90416148604
457 3.00222938467
458 2.13476139717
459 1.93093379218
460 2.19935610176
461 2.75911632604
462 2.59937260826
463 2.23504544209
464 2.34841122731
465 2.8172520677
466 2.66153812536
467 3.28379887613
468 3.13017400756
469 3.39069737291
470 4.01762893721
471 3.89831959655
472 4.08994371093
473 4.27596503499
474 4.86753863129
475 4.2311109831
476 4.61182401941
477 4.15339164507
478 4.2847355272
479 5.03873287284
480 4.67825934552
481 5.09709799128
482 5.0585179448
483 5.10036872051
484 5.78308798053
485 6.04946426599
486 6.14745480465
487 6.91224414908
488 6.54248344471
489 6.56199585854
490 6.56059525082
491 6.90970104374
492 6.81529520525
493 6.82779088481
494 6.11678900078
495 5.46446581861
496 5.43068862508
497 5.64505360379
498 5.21695298805
499 4.43871937937
500 4.82950037422
501 4.55848124693
502 5.02241152962
503 5.08500058447
504 5.36060025125
505 5.31995555693
506 5.7944462517
507 5.65771251813
508 6.07078770306
509 5.33697831277
510 5.05710780074
511 4.48736353718
512 4.42857791674
513 4.92934298414
514 5.1249555911
515 4.43910052728
516 4.42675236884
517 4.48004307093
518 4.78701969639
519 5.25124308294
520 5.74847757874
521 6.04396257656
522 5.80614084799
523 6.51531059342
524 7.02469771469
525 6.30015625004
526 6.59947558092
527 6.72026050448
528 6.45124291554
529 6.98462014845
530 6.3821821737
531 6.33718945856
532 6.87608187275
533 7.26016789642
534 6.91475267103
535 7.14421881204
536 7.55728996154
537 8.14945082219
538 7.9271086539
539 8.09124939876
540 8.22829732126
541 7.73254932447
542 7.20474604057
543 6.9745428465
544 6.36599755437
545 6.72854251617
546 6.44552491144
547 6.472908708
548 5.86243740838
549 6.27544150918
550 5.9426797208
551 6.17857712726
552 5.82860429971
553 5.36591700153
554 5.48087845175
555 5.26670040167
556 5.2702463208
557 5.02615113648
558 4.79241014062
559 4.53222924193
560 4.42422625156
561 4.51653688589
562 4.48650163926
563 4.84322926762
564 4.46769739355
565 4.16543493827
566 3.90749116214
567 3.5488298991
568 4.49352095525
569 4.49837689822
570 4.46644608344
571 4.57819907708
572 5.21377414669
573 5.30926806251
574 5.53627850468
575 5.81563552549
576 5.8606974759
577 6.6874043476
578 7.71448325443
579 7.33519002745
580 7.6216103577
581 7.79599853591
582 6.85870007108
583 6.56830152672
584 6.94740730944
585 6.05378314939
586 6.1748849756
587 5.69083509982
588 6.47944464751
589 6.19532463658
590 5.78175924224
591 5.25532442698
592 4.7697110457
593 3.96793138216
594 4.42196418659
595 4.64539650529
596 4.86808788875
597 5.38987789346
598 5.3227558638
599 5.26137662127
600 5.42820535602
601 4.73786603038
602 4.78875322172
603 4.91123630489
604 5.45977538669
605 5.55092569598
606 5.75184433419
607 5.92564488857
608 5.26481334358
609 4.92288777806
610 4.65216407726
611 4.29958934708
612 4.42223397594
613 4.92846802596
614 5.00945633701
615 4.84943342702
616 4.40680369507
617 4.22071936272
618 4.46890394423
619 4.1020361622
620 4.21853723545
621 3.80587290798
622 3.92397512954
623 4.53249082216
624 4.64766905044
625 5.03586522583
626 4.52380069704
627 4.87986322594
628 4.257710177
629 4.76941961399
630 5.00970116261
631 5.4384984812
632 5.35818024281
633 5.50126698535
634 5.70480138469
635 5.95670141007
636 6.01655819279
637 5.55002489335
638 5.60897660728
639 6.09493174098
640 6.2933995617
641 6.92251041077
642 7.15229708423
643 6.77632671297
644 7.16403134114
645 7.57252891772
646 8.02509758306
647 8.46378625961
648 8.81719587918
649 8.93447619948
650 9.38395892163
651 9.21102419995
652 10.0000527843
653 10.2065605349
654 10.3362032894
655 10.7780046593
656 10.9641679124
657 11.9651918529
658 11.5492152133
659 12.3125731864
660 12.0119697819
661 11.7640862016
662 11.6037541512
663 12.1076532952
664 12.574120576
665 12.2476722642
666 12.531747049
667 13.5168622857
668 9.44219966958
669 9.30823845854
670 13.7185638324
671 13.2381293996
672 13.298410057
673 13.6530941754
674 14.1065748081
675 14.3837356977
676 13.5540733609
677 14.158631422
678 14.2474495587
679 14.6537197383
680 10.0999548071
681 9.92484013495
682 9.65297441011
683 9.56326942014
684 9.56247577597
685 9.36402984641
686 9.61530883037
687 9.75278945698
688 10.3044981917
689 10.4593173392
690 10.4312588998
691 10.210930754
692 10.1648435308
693 9.69151888399
694 10.2175597314
695 10.5112620389
696 10.0585999488
697 16.1323946384
698 15.9894532083
699 15.7769795683
700 15.3524305775
701 15.3763087489
702 15.5000777101
703 15.2545109097
704 14.5721647742
705 14.233335164
706 14.5121290344
707 14.5269956029
708 14.2425185505
709 13.8563567417
710 13.3597162659
711 13.5470551238
712 13.1739584199
713 13.3232118094
714 13.1834256182
715 13.038500025
716 12.7435502425
717 13.0174990311
718 12.9438806035
719 11.9746580476
720 12.4014816235
721 11.9810462413
722 11.3384018978
723 10.3914535693
724 10.1927997644
725 10.2899129877
726 9.78162458792
727 9.50085622951
728 9.40587026216
729 9.63159418
730 10.0628201168
731 9.70565126965
732 9.89137483023
733 9.25631744612
734 9.36945963788
735 9.47534181269
736 9.61348315829
737 9.57488551951
738 9.06094413716
739 9.46036675643
740 8.51196473985
741 8.62299422345
742 8.4317250098
743 8.29419941037
744 7.92166535059
745 7.35407841204
746 6.93021894899
747 6.47511050729
748 6.72091302686
749 6.56311637677
750 6.88684023131
751 7.05509194177
752 6.50811535906
753 6.95595074593
754 7.50561107525
755 7.38098481371
756 6.91666566279
757 6.50180280407
758 6.18250023339
759 6.22982851097
760 5.94690856299
761 6.08991371508
762 6.57973956179
763 6.77859644525
764 6.75591791808
765 6.04332976325
766 6.14782262056
767 5.88278609264
768 5.97713130903
769 6.01685554723
770 5.73511065133
771 6.31945772443
772 6.25480398372
773 6.53834133183
774 6.11900818674
775 5.56183739275
776 5.97874088413
777 5.86061491853
778 6.6227604092
779 6.34166306582
780 6.10076388184
781 6.16187969822
782 5.30798229583
783 5.15551074063
784 5.13548746455
785 5.32573488517
786 6.05348103111
787 6.9241173857
788 6.84449629231
789 6.72014246408
790 6.38376812405
791 6.88418115417
792 6.16631219616
793 6.20592366928
794 6.05144858087
795 5.75575592005
796 4.85895195003
797 4.63053879211
798 4.82145098514
799 5.90472967176
800 5.92685031798
801 5.54618053225
802 5.64275886602
803 6.35053707369
804 6.79793320279
805 6.2243792393
806 6.48785841028
807 6.49970643487
808 6.8807964109
809 6.58379827504
810 6.77215308662
811 7.16764984191
812 6.71984962696
813 7.43299893169
814 7.86374448028
815 7.6574945215
816 7.12640836529
817 7.5426637681
818 7.93660852916
819 8.52195114126
820 8.74311656138
821 7.86818180151
822 8.43035939059
823 8.88283452867
824 8.12715588008
825 8.01499033887
826 8.48597522221
827 8.62242965913
828 9.0121126347
829 9.02022865626
830 9.21428180608
831 9.20549525366
832 8.9408759646
833 8.99796736568
834 8.64999691714
835 9.05519454244
836 8.87881615455
837 8.60970894483
838 8.43884159877
839 8.59350561216
840 9.08050176702
841 9.85523316001
842 10.3543732546
843 10.4175691693
844 10.3552872362
845 10.445663751
846 10.4416311157
847 11.0293179855
848 11.005322364
849 10.5344245531
850 10.0666334687
851 10.331890058
852 10.6784619416
853 10.3056550524
854 10.7232283738
855 10.4268837993
856 10.8209983879
857 9.97867972907
858 9.50416570764
859 9.12995309725
860 8.51544803026
861 8.47223756901
862 9.08903330534
863 8.92116270042
864 9.36531063071
865 9.83641306571
866 9.0325375774
867 8.7233832584
868 8.51055894829
869 9.26302068631
870 8.82016314178
871 8.70466425972
872 9.05067346133
873 8.98008283762
874 9.33125360624
875 9.78149086459
876 10.7126317668
877 10.7908261705
878 11.2259795553
879 11.4155758408
880 11.5661743763
881 11.5961731569
882 11.0857342096
883 11.574382635
884 12.2482951008
885 11.1220979981
886 10.8034414206
887 10.6745344892
888 11.0717444274
889 10.6537200162
890 10.736897695
891 11.9888184762
892 12.1147548743
893 11.2983831069
894 11.0190494412
895 10.8494698667
896 10.5324332496
897 9.73506824577
898 9.83014698141
899 9.36788120366
900 8.93743237119
901 8.83676267144
902 8.80292860936
903 9.13145872094
904 9.03713126451
905 9.3607032782
906 9.89175914121
907 9.52228456575
908 9.58562821866
909 9.4953217799
910 10.1053723154
911 8.9966036003
912 9.03902549819
913 8.58760120072
914 8.668901727
915 8.35527578219
916 8.2156992803
917 8.07699794758
918 8.7794622373
919 8.45983764371
920 9.14777694517
921 8.63217628168
922 8.22890549782
923 8.57992090228
924 7.43998654573
925 7.84336353658
926 8.9233972864
927 8.15511173037
928 8.08158838902
929 7.2514896196
930 7.34541525671
931 7.7245812401
932 7.59191103319
933 6.90709374968
934 6.0544092266
935 5.74251669644
936 5.95538348144
937 5.89601776223
938 5.83163642412
939 5.39503646579
940 5.20953188468
941 4.92785749687
942 4.88799210912
943 5.03986630713
944 4.96633371546
945 4.99264811125
946 5.5410994555
947 5.2638600078
948 5.53148084112
949 5.30189934133
950 5.74948963222
951 5.30627205093
952 5.24565032549
953 5.18698535788
954 5.67425056041
955 5.10183021042
956 4.80294064376
957 5.41779579975
958 5.7453962597
959 5.58344703782
960 4.59909084574
961 5.12362233436
962 5.26294180484
963 6.0038243569
964 6.64012218635
965 6.53936270141
966 6.2764462954
967 5.6026501651
968 5.43001538802
969 5.57152658583
970 5.09073577235
971 5.89061575098
972 5.91096955736
973 6.30332050405
974 6.54452365115
975 6.51228339377
976 6.13625724711
977 5.5827690524
978 5.76608286716
979 5.41127411343
980 5.86316280496
981 6.30145068744
982 6.5258774556
983 6.54565339858
984 5.61628249595
985 6.21816650764
986 6.37611796578
987 6.41386850297
988 6.96421860296
989 6.64483906395
990 6.93929122391
991 7.06559924263
992 7.29297600199
993 7.90232070706
994 7.97906748284
995 8.86418100703
996 9.34919358233
997 9.15050277021
998 10.0157643399
999 10.6286417122
